4 0.49609375 0.82578125 0.340625 0.2140625
4 0.415625 0.66953125 0.378125 0.19375
4 0.38671875 0.4984375 0.3984375 0.19375
4 0.4296875 0.334375 0.4546875 0.2328125
4 0.43359375 0.14140625 0.4546875 0.2453125
1 0.81015625 0.7859375 0.346875 0.1578125
1 0.7359375 0.63828125 0.3390625 0.171875
1 0.69140625 0.4875 0.3546875 0.1671875
1 0.7546875 0.30859375 0.359375 0.209375
1 0.778125 0.15234375 0.3484375 0.1546875
0 0.9734375 0.78046875 0.053125 0.0640625
0 0.96328125 0.728125 0.0734375 0.071875
0 0.9234375 0.67734375 0.075 0.065625
0 0.93359375 0.61171875 0.1125 0.0703125
0 0.8953125 0.53046875 0.0984375 0.0796875
0 0.90234375 0.41875 0.115625 0.05625
0 0.940625 0.3609375 0.09375 0.0796875
0 0.9453125 0.25703125 0.0890625 0.0984375
0 0.91953125 0.1984375 0.071875 0.08125
0 0.959375 0.1515625 0.05 0.09375
3 0.3390625 0.63984375 0.0359375 0.0265625
3 0.2890625 0.47890625 0.0359375 0.0296875
3 0.3296875 0.2953125 0.0359375 0.0234375
3 0.36015625 0.1421875 0.0359375 0.028125
2 0.5578125 0.203125 0.06875 0.025
2 0.47578125 0.6609375 0.065625 0.04375
2 0.4890625 0.4953125 0.0546875 0.0375