4 0.1671875 0.54140625 0.1984375 0.325
4 0.321875 0.6125 0.1765625 0.3625
4 0.48984375 0.6359375 0.175 0.3828125
4 0.64765625 0.58828125 0.2125 0.4359375
4 0.83515625 0.578125 0.2234375 0.4359375
1 0.1953125 0.2328125 0.14375 0.334375
1 0.340625 0.3 0.15625 0.325
1 0.490625 0.3390625 0.1515625 0.340625
1 0.6625 0.271875 0.19375 0.34375
1 0.81328125 0.24296875 0.140625 0.3359375
0 0.19609375 0.05234375 0.0609375 0.0921875
0 0.2453125 0.0796875 0.0671875 0.075
0 0.296875 0.11953125 0.0609375 0.071875
0 0.36015625 0.10703125 0.0640625 0.1078125
0 0.44140625 0.1421875 0.0734375 0.0953125
0 0.54921875 0.13125 0.05 0.1125
0 0.6046875 0.09140625 0.0734375 0.0890625
0 0.70625 0.0703125 0.0921875 0.1109375
0 0.76328125 0.1078125 0.0765625 0.0671875
0 0.809375 0.046875 0.0921875 0.084375
3 0.353125 0.68671875 0.025 0.034375
3 0.5125 0.7296875 0.028125 0.034375
3 0.6890625 0.684375 0.021875 0.034375
3 0.83828125 0.65 0.025 0.034375
2 0.77109375 0.45859375 0.0234375 0.065625
2 0.32890625 0.5546875 0.0421875 0.0625
2 0.4890625 0.5359375 0.0359375 0.053125