4 0.17109375 0.46171875 0.1890625 0.31640625
4 0.325 0.39296875 0.16796875 0.353125
4 0.48984375 0.3734375 0.165625 0.3734375
4 0.64453125 0.42265625 0.2015625 0.42578125
4 0.82890625 0.4359375 0.21328125 0.42578125
1 0.19296875 0.7640625 0.13515625 0.32578125
1 0.3375 0.70078125 0.1484375 0.31640625
1 0.48515625 0.665625 0.14296875 0.3328125
1 0.653125 0.73515625 0.18359375 0.33515625
1 0.8015625 0.765625 0.13203125 0.328125
0 0.190625 0.9421875 0.05859375 0.0890625
0 0.23984375 0.91640625 0.06484375 0.071875
0 0.29140625 0.878125 0.059375 0.06875
0 0.353125 0.89140625 0.06171875 0.10546875
0 0.43359375 0.85859375 0.07109375 0.09140625
0 0.53984375 0.87109375 0.04765625 0.10859375
0 0.59375 0.9109375 0.07109375 0.08671875
0 0.69296875 0.934375 0.0890625 0.10703125
0 0.74921875 0.89765625 0.07421875 0.0640625
0 0.79453125 0.959375 0.0890625 0.08125
3 0.35625 0.32109375 0.02421875 0.03359375
3 0.51328125 0.28125 0.02734375 0.03359375
3 0.68671875 0.32890625 0.021875 0.03359375
3 0.8328125 0.365625 0.025 0.03359375
2 0.7640625 0.55234375 0.02109375 0.0640625
2 0.3296875 0.45 0.03984375 0.0609375
2 0.4875 0.471875 0.0328125 0.0515625