4 0.52421875 0.678125 0.190625 0.06875
4 0.39453125 0.728125 0.3703125 0.1765625
3 0.48125 0.6921875 0.0328125 0.021875
4 0.2265625 0.875 0.453125 0.240625
3 0.3234375 0.85703125 0.0421875 0.0265625
4 0.4765625 0.81953125 0.290625 0.153125
3 0.546875 0.7921875 0.0265625 0.0171875
3 0.56171875 0.68203125 0.025 0.015625
4 0.64921875 0.69140625 0.1828125 0.0953125
3 0.684375 0.67578125 0.0171875 0.0125
4 0.646875 0.5078125 0.175 0.0828125
2 0.6578125 0.4953125 0.03125 0.015625
3 0.6890625 0.4890625 0.0171875 0.009375
2 0.39140625 0.2921875 0.0515625 0.028125
4 0.71796875 0.23359375 0.15625 0.0984375
3 0.74765625 0.2265625 0.0140625 0.0109375
4 0.74375 0.1875 0.1078125 0.0640625
2 0.73359375 0.19140625 0.025 0.01875
3 0.759375 0.18359375 0.0140625 0.0109375
4 0.68359375 0.06328125 0.1765625 0.1015625
3 0.709375 0.04765625 0.025 0.01875
2 0.69609375 0.24765625 0.0296875 0.015625
2 0.3421875 0.67421875 0.0578125 0.025
2 0.625 0.67421875 0.0296875 0.0140625
1 0.22578125 0.10234375 0.2953125 0.1171875
2 0.16171875 0.80859375 0.0625 0.0578125
0 0.0828125 0.13046875 0.065625 0.0921875
0 0.0515625 0.29296875 0.06875 0.059375
0 0.06484375 0.2578125 0.08125 0.0640625
0 0.3546875 0.17421875 0.0609375 0.046875