4 0.65546875 0.50546875 0.0953125 0.1953125
4 0.6875 0.64453125 0.228125 0.3875
3 0.6640625 0.55234375 0.025 0.034375
4 0.81953125 0.79765625 0.3171875 0.4046875
3 0.8078125 0.73359375 0.03125 0.0453125
4 0.7921875 0.575 0.19375 0.30625
3 0.7734375 0.5 0.0203125 0.028125
3 0.665625 0.46953125 0.0171875 0.025
4 0.68828125 0.3828125 0.11875 0.1921875
3 0.67578125 0.34609375 0.0140625 0.0171875
4 0.5015625 0.359375 0.1046875 0.1828125
2 0.490625 0.34609375 0.0203125 0.0328125
3 0.4890625 0.31484375 0.0125 0.01875
2 0.24921875 0.5859375 0.034375 0.0546875
4 0.23671875 0.2484375 0.11875 0.165625
3 0.2328125 0.21796875 0.0125 0.0140625
4 0.19375 0.21640625 0.0765625 0.115625
2 0.19609375 0.22734375 0.021875 0.028125
3 0.19140625 0.2 0.0125 0.0140625
4 0.0734375 0.26328125 0.096875 0.1796875
3 0.05390625 0.2328125 0.009375 0.025
2 0.24765625 0.2734375 0.01875 0.0296875
2 0.6265625 0.6890625 0.0328125 0.0625
2 0.66640625 0.40546875 0.01875 0.0296875
1 0.05625 0.725 0.1125 0.303125
2 0.7359375 0.88984375 0.065625 0.0703125
0 0.04609375 0.871875 0.0921875 0.075
0 0.203125 0.91796875 0.0640625 0.0578125
0 0.17109375 0.90078125 0.0703125 0.075
0 0.125 0.60625 0.053125 0.065625