4 0.3375 0.46484375 0.05 0.18125
4 0.275 0.5859375 0.1375 0.3484375
3 0.31875 0.50546875 0.01796875 0.03046875
4 0.10234375 0.76015625 0.2046875 0.4796875
3 0.14296875 0.640625 0.02109375 0.0390625
4 0.19453125 0.496875 0.121875 0.271875
3 0.22890625 0.43125 0.0140625 0.02421875
3 0.3375 0.428125 0.01328125 0.02265625
4 0.33671875 0.3421875 0.075 0.1703125
3 0.35625 0.3109375 0.01015625 0.01640625
4 0.51484375 0.36328125 0.06328125 0.1640625
2 0.528125 0.3546875 0.01171875 0.02890625
3 0.5375 0.325 0.00703125 0.01640625
2 0.69765625 0.6328125 0.02265625 0.04765625
4 0.7875 0.32265625 0.08046875 0.14453125
3 0.79765625 0.29375 0.009375 0.01328125
4 0.834375 0.30234375 0.0515625 0.10078125
2 0.8296875 0.31171875 0.0140625 0.02265625
3 0.840625 0.2875 0.00859375 0.01171875
4 0.94921875 0.3734375 0.08203125 0.16328125
3 0.9671875 0.35 0.01484375 0.02265625
2 0.771875 0.3421875 0.0125 0.02734375
2 0.321875 0.64140625 0.01875 0.05546875
2 0.35078125 0.36796875 0.0109375 0.028125
1 0.86484375 0.8125 0.08515625 0.2796875
2 0.1734375 0.80234375 0.05 0.05703125
0 0.82265625 0.9484375 0.084375 0.05546875
0 0.66328125 0.965625 0.053125 0.06875
0 0.69765625 0.95234375 0.05390625 0.07265625
0 0.8078125 0.68046875 0.03984375 0.05546875