4 1 0.19018675625 0.98562355 0.12636569687500002 0.964250978125 0.047227584375 0.9155413921875001 0.001276421875 0.897648075 0.0025528421875 0.8882043796874999 0.058715375 0.877269575 0.0829673765625 0.8708080984375 0.086796640625 0.8588792218749999 0.06254463906249999 0.8509266359375 0.006382104687499999 0.844962196875 0.0204227375 0.81961333125 0.0650974796875 0.8017200140625 0.0957315890625 0.7932703921875001 0.1952924390625 0.7838266968750001 0.29995897656250003 0.8250807328124999 0.3356987703125 0.8240866609375 0.5654545843750001 0.82607480625 0.5948122703125 0.831542209375 0.644592696875 0.8360155375 0.642039853125 0.8464533062499999 0.6586333296875 0.861861440625 0.6560804874999999 0.8653406968749999 0.6114057453124999 0.8792577218750001 0.6637390125 0.9309495265625 0.6165114296875001 0.9488428437499999 0.5718366890625 0.9617657953125001 0.5309912125 0.9712094890625 0.49908068125 0.9632569046875 0.49908068125 0.9577895015625 0.48886931093749997 0.9582865375 0.44036530625000003 0.96226283125 0.395690565625 0.9672331968749999 0.2425200234375 0.988108734375 0.32293455781249997 1 0.303788240625 1 0.19018675625
2 0.85078125 0.4328125 0.034375 0.0890625
3 0.90390625 0.1734375 0.02421875 0.07421875
1 0.8767725375 0.799039659375 0.882239940625 0.7722348140624999 0.9056006609375 1 0.9597776484375 0.9994377859375 0.964250978125 0.9330638828125 0.960771721875 0.7964868171874999 0.9567954296875 0.6930967015625 0.9567954296875 0.6356577484375 0.9582865375 0.588430165625 0.9582865375 0.56162531875 0.9185236109374999 0.6305520625 0.8792577218750001 0.6611861734375 0.8658377343750001 0.6050236390625 0.8658377343750001 0.65352764375 0.8380036843750001 0.6496983828125 0.8305481359375 0.6496983828125 0.82657184375 0.9994377859375 0.8648436609375001 0.9981613640625 0.8767725375 0.869242825 0.8767725375 0.799039659375
4 0.7108064859375001 0.3382462046875 0.722579678125 0.345804778125 0.732145396875 0.34202548906249997 0.71890055625 0.49130733437499996 0.71816473125 0.5555552171875 0.7306737484375 0.6160238109375 0.7358245203125 0.6557063265624999 0.7637858515625 0.68027169375 0.7836531124999999 0.68027169375 0.8020487265625 0.6727131203125001 0.8057278484375001 0.6122445265625001 0.8094069718749999 0.565003434375 0.8064636734375 0.49697626406250006 0.8042562 0.4195008765625 0.8064636734375 0.334466915625 0.779238165625 0.28911547187500003 0.79542630625 0.1738472125 0.8020487265625 0.1095993296875 0.81235026875 0.0736961 0.8027845499999999 0.0680271703125 0.7873322359375 0.1870747140625 0.7667291484375001 0.111488971875 0.7667291484375001 0.06046859375 0.7203722046875 0.134164696875 0.68873175 0.2910051125 0.7108064859375001 0.3382462046875
2 0.775 0.3796875 0.02421875 0.10078125
4 0.617356771875 0.07936503125 0.5952820359375 0.100151109375 0.5857163171875001 0.17195756874999998 0.5930745625 0.2664397453125 0.60337610625 0.2910051125 0.612206 0.29667404375 0.609262703125 0.3798183640625 0.6099985265625001 0.41383194687499997 0.6055835796875 0.52910020625 0.6077910531249999 0.5536655734375 0.6328090859375 0.568782721875 0.6703361375 0.566893078125 0.69829746875 0.5820102281249999 0.704919890625 0.5706723671875 0.693882521875 0.4421766015625 0.7012407671875 0.3401358484375 0.6872601015625001 0.2947844 0.69976911875 0.211640084375 0.7085990125 0.1643989921875 0.726994625 0.117157903125 0.7336170453124999 0.111488971875 0.7166930812500001 0.0888132484375 0.69903329375 0.0699168140625 0.6909392234375 0.06613752656250001 0.6828451546875 0.1095993296875 0.6821093296875 0.13983362500000002 0.67990185625 0.1417232703125 0.675486909375 0.134164696875 0.6592987703125 0.081254675 0.6489972265625 0.020786078125 0.635752384375 0.051020376562500004 0.617356771875 0.07936503125
2 0.67109375 0.30625 0.03125 0.096875
4 0.46136197343749996 0.37037014375 0.4532679046875 0.6141341671875 0.49668155 0.6141341671875 0.573943125 0.6235823875000001 0.5658490546875 0.4837487625 0.5673207046875001 0.411942303125 0.5673207046875001 0.38548729375 0.56511323125 0.29856368906249997 0.58424466875 0.29289475625 0.5960178609375 0.29856368906249997 0.587923790625 0.188964359375 0.5813013703125 0.13794398125000001 0.56511323125 0.113378615625 0.550396740625 0.096371825 0.5400951968750001 0.0680271703125 0.5246428828125 0.120937190625 0.5165488125000001 0.12660612031250001 0.5099263921875 0.1492818421875 0.49668155 0.12849576406250002 0.4907949546875 0.120937190625 0.491530778125 0.07558574375 0.4672485703125 0.1058200421875 0.46504109531250004 0.22486758906249998 0.4628336234375 0.2947844 0.46136197343749996 0.37037014375
2 0.49765625 0.32890625 0.025 0.0875
4 0.3531957703125 0 0.33480015625 0.0075585734375000005 0.329649384375 0.020786078125 0.32081949062500004 0.01700679375 0.30463135 0.020786078125 0.2715192484375 0.21352972499999998 0.321555315625 0.24943295625 0.305367175 0.4459558875 0.301688053125 0.6235823875000001 0.3664406109375 0.646258109375 0.36938390781249997 0.580120584375 0.3708555578125 0.6500373984375 0.4378155890625 0.6027963062499999 0.42972151875 0.42705945312500004 0.426778221875 0.31179119375000003 0.4481171328125 0.31934976718749997 0.4620977984375 0.2513226 0.44223053593749995 0.0642478828125 0.4194199765625 0.026455010937500002 0.395873590625 0 0.38925117187499997 0.056689309375 0.3804212765625 0.09448218124999999 0.3745346796875 0.0680271703125 0.3664406109375 0.06046859375 0.3634973125 0.05479966562500001 0.3531957703125 0
2 0.36875 0.3984375 0.0390625 0.0984375
4 0.19940844375 0.041572159375 0.186899428125 0.062358237500000004 0.1648246921875 0.0774753875 0.1596739203125 0.096371825 0.1729187625 0.1738472125 0.1788053578125 0.272108678125 0.1714471125 0.4213905203125 0.1714471125 0.5574448609375 0.20529504062499998 0.5706723671875 0.2325205484375 0.5593345046875 0.28549991406249997 0.546107 0.29065068437499997 0.546107 0.27593419531249996 0.3798183640625 0.2751983703125 0.334466915625 0.27740584375 0.2853361828125 0.28770738749999997 0.2853361828125 0.2899148609375 0.2645501015625 0.272990896875 0.23431580625 0.2715192484375 0.2021918640625 0.28329244062500003 0.1228268328125 0.2884432125 0.0907028921875 0.26048187968750003 0.05857895 0.2494445125 0.039682515625 0.24650121406249997 0.0302342984375 0.23840714531249999 0.0736961 0.22810560156249998 0.100151109375 0.22221900468750003 0.06613752656250001 0.2119174625 0.051020376562500004 0.206030865625 0.0188964375 0.19940844375 0.041572159375
2 0.21953125 0.4140625 0.03984375 0.134375
2 0.12421875 0.46328125 0.03671875 0.1015625
3 0.70078125 0.1984375 0.021875 0.0640625
3 0.54375 0.1984375 0.01953125 0.0453125
3 0.409375 0.1703125 0.01796875 0.0640625
3 0.25546875 0.1703125 0.03046875 0.06328125
1 0.1057594296875 1 0.15417940937500002 0.9980366484375001 0.160550459375 0.811518325 0.16819571875 0.6904450265625 0.1643730890625 0.6740837703125 0.1006625890625 0.7395287953125 0.03185525 0.7297120421875001 0.022935779687499998 0.7395287953125 0.025484200000000002 1 0.07517838906249999 0.9980366484375001 0.09174311874999999 0.7689790578125 0.1057594296875 1
1 0.29434250781250004 1 0.2879714578125 0.5562827218749999 0.16564729843749998 0.553010471875 0.1592762484375 0.5497382203125001 0.166921509375 0.57918848125 0.17329255937500002 1 0.2089704390625 1 0.21151885781250002 0.8867801046875 0.22680937812500002 0.6348167546875 0.2560669328125 1 0.29434250781250004 1
1 0.3377434546875 0.9958421749999999 0.3421584015625 0.958049303125 0.34142257656249997 0.89758070625 0.3524599453125 0.795539953125 0.35981818906249996 0.721843853125 0.36496896093750003 0.659485615625 0.3708555578125 0.6689338328125001 0.3760063296875 0.7294024265625 0.3855720484375 0.8257742515625001 0.388515346875 0.871125696875 0.38925117187499997 0.9920628875 0.4334006421875 0.9958421749999999 0.42898569531249997 0.814436390625 0.4334006421875 0.69916813125 0.435608115625 0.6027963062499999 0.3796854515625 0.646258109375 0.33038520937500004 0.6349202484375 0.30757465 0.62547203125 0.303159703125 0.7312920703125 0.30389552656249996 0.8805739156250001 0.29580145625 1 0.3377434546875 0.9958421749999999
1 0.49763691874999993 1 0.5013437125 0.8971918140625 0.5013437125 0.9876249390625 0.5736261703125 0.992384578125 0.5699193765625 0.6187529734375 0.4596422953125 0.6163731546875 0.45500880312499997 0.6282722515625 0.4494486140625 0.7520228453125 0.46149569062499995 0.8448357937500001 0.4559355015625 0.9971442171874999 0.49763691874999993 1
1 0.6134741921875 1 0.65054211875 0.6187529734375 0.6523955140625 0.6972870046875 0.661662496875 0.8162779640625001 0.65054211875 0.9971442171874999 0.6885367437500001 0.992384578125 0.702437215625 0.6949071859375 0.7052173109375001 0.568776771875 0.6940969328125 0.5830556890625 0.6653692890625 0.5735364109375001 0.63756834375 0.5759162296875 0.6097673984374999 0.559257496875 0.572699471875 0.8710138031250001 0.57455286875 1 0.6134741921875 1
1 0.8210545828125 1 0.8219812796875001 0.6568300812500001 0.7876934484375 0.6877677296875 0.7561857109375001 0.6782484531249999 0.7274580671875001 0.6520704421875 0.706144009375 0.6711089953125 0.708924103125 0.8876725359375 0.6959503296875 1 0.7413585390625 1 0.75155221875 0.8757734421875 0.7552590125 0.8162779640625001 0.7663793906249999 0.711565921875 0.77749976875 0.9376487375 0.7812065609375 1 0.8210545828125 1