4 0.1359375 0.69375 0.271875 0.6125
2 0.12578125 0.64140625 0.053125 0.1
3 0.11796875 0.9234375 0.0375 0.08125
1 0.0640625 0.29921875 0.128125 0.4546875
4 0.2421875 0.67578125 0.24375 0.6484375
2 0.21484375 0.68359375 0.04375 0.1109375
4 0.35 0.71796875 0.25625 0.5640625
2 0.33828125 0.74140625 0.0515625 0.1078125
4 0.484375 0.67265625 0.253125 0.6109375
2 0.51640625 0.6859375 0.0421875 0.096875
4 0.6515625 0.64765625 0.3140625 0.68125
2 0.63828125 0.5890625 0.0578125 0.109375
4 0.8078125 0.66328125 0.2375 0.5875
2 0.7921875 0.54453125 0.0671875 0.1484375
2 0.88359375 0.475 0.0578125 0.1140625
3 0.32734375 0.859375 0.034375 0.071875
3 0.49140625 0.83046875 0.0296875 0.0515625
3 0.63828125 0.8359375 0.0296875 0.0703125
3 0.79921875 0.80703125 0.04375 0.0734375
1 0.846875 0.13125 0.209375 0.2625
1 0.72109375 0.2078125 0.2203125 0.415625
1 0.56875 0.19296875 0.215625 0.3859375
1 0.41640625 0.2 0.196875 0.396875
1 0.28828125 0.25390625 0.215625 0.459375
1 0.15234375 0.2265625 0.1921875 0.359375