4 0.16640625 0.4171875 0.13046875 0.24765625
1 0.16171875 0.69921875 0.103125 0.3453125
3 0.1921875 0.35546875 0.01796875 0.02578125
2 0.1578125 0.434375 0.02265625 0.053125
4 0.34921875 0.5015625 0.121875 0.2421875
3 0.36171875 0.43203125 0.0171875 0.02421875
4 0.43671875 0.41484375 0.1125 0.28671875
3 0.4234375 0.35390625 0.01875 0.02265625
4 0.58203125 0.45859375 0.153125 0.33359375
3 0.61796875 0.378125 0.0203125 0.02734375
1 0.5796875 0.7546875 0.09921875 0.26875
1 0.41953125 0.70234375 0.096875 0.3078125
1 0.30859375 0.73515625 0.15078125 0.28984375
0 0.60390625 0.89609375 0.0546875 0.04375
0 0.43671875 0.8875 0.05859375 0.05546875
0 0.38203125 0.87265625 0.04375 0.05
0 0.275 0.91640625 0.0546875 0.08515625
0 0.2453125 0.93046875 0.03515625 0.05703125
0 0.1796875 0.89765625 0.040625 0.046875
0 0.16015625 0.8765625 0.0265625 0.04765625