4 0.5140625 0.853125 0.2734375 0.1828125
1 0.2328125 0.79765625 0.365625 0.175
3 0.58125 0.83984375 0.0296875 0.0234375
2 0.4953125 0.8578125 0.05625 0.0328125
4 0.46875 0.653125 0.2671875 0.1734375
3 0.540625 0.65546875 0.028125 0.0234375
4 0.5734375 0.58359375 0.3078125 0.171875
3 0.63125 0.61015625 0.0265625 0.0234375
4 0.5609375 0.4296875 0.3640625 0.2234375
3 0.6484375 0.41171875 0.03125 0.025
1 0.265625 0.3703125 0.2875 0.1546875
1 0.28359375 0.54140625 0.3265625 0.1625
1 0.22734375 0.64375 0.31875 0.2109375
0 0.1296875 0.31640625 0.0546875 0.0640625
0 0.103125 0.484375 0.0671875 0.0703125
0 0.10625 0.5421875 0.0578125 0.0546875
0 0.04375 0.63828125 0.0875 0.0734375
0 0.0265625 0.665625 0.053125 0.046875
0 0.0390625 0.7375 0.0546875 0.05
0 0.05546875 0.76171875 0.053125 0.0359375