4 0.8201834859374999 0.46198830468749996 0.8055045875 0.5263157890625 0.8018348625 0.573099415625 0.7963302750000001 0.5877192984375 0.7688073390625 0.5935672515625 0.7688073390625 0.6345029234374999 0.7761467890625 0.6666666671875 0.7834862390625 0.68128655 0.8055045875 0.698830409375 0.811009175 0.698830409375 0.8201834859374999 0.68128655 0.83425470625 0.6665790671875 0.8385321093749999 0.6900584796875 0.837288934375 0.7064533125 0.8444952625000001 0.694974359375 0.8733944953125 0.6900584796875 0.8844036703124999 0.6783625734375 0.89357798125 0.6578947375 0.8990825687499999 0.6286549703125 0.8843196484375 0.610996775 0.87028628125 0.6242881953125 0.8715596328125 0.596491228125 0.8733944953125 0.5672514625 0.8749847078125 0.5501540296874999 0.8788990828125 0.5233918125 0.88807339375 0.4795321640625 0.8256880734375001 0.45906432812500003 0.8201834859374999 0.46198830468749996
1 0.8 0.1286549703125 0.8029626765625 0.29560173125 0.8036409375 0.328014221875 0.8 0.347953215625 0.7889908250000001 0.415204678125 0.7871559640625 0.45906432812500003 0.7963302750000001 0.45906432812500003 0.8055045875 0.43567251406249996 0.8070322953125 0.39654000625 0.8087279593750001 0.36412750625 0.8277195140625 0.35926563125 0.8389109640625 0.3738512515625 0.8372152828124999 0.41490708749999994 0.8275229359375 0.44152046718750004 0.8238532109375001 0.45321637499999995 0.8275229359375 0.45906432812500003 0.8807339453124999 0.4736842109375 0.88990825625 0.4736842109375 0.88990825625 0.4298245609375 0.8745201171874999 0.3695499390625 0.8697247703125001 0.3333333328125 0.8650243484375 0.29452131875 0.8623853218749999 0.24269005781250003 0.8460327921875 0.1519063625 0.8348413453125 0.1573084390625 0.8275229359375 0.1286549703125 0.8 0.1286549703125
3 0.8078125 0.64453125 0.01796875 0.02578125
2 0.8421875 0.565625 0.02265625 0.053125
4 0.640366971875 0.48830409374999995 0.638532109375 0.5029239765625 0.6238532109375 0.51169590625 0.6146788984375 0.51169590625 0.60733945 0.5029239765625 0.6103607125 0.495496625 0.59993269375 0.4962189859375 0.5897213031249999 0.5850995296875 0.6018348625 0.5935672515625 0.6165137609375 0.619883040625 0.6238532109375 0.619883040625 0.653211009375 0.5935672515625 0.658715596875 0.5994152046875 0.658715596875 0.6111111109375 0.6642201828125 0.619883040625 0.6862385328125 0.596491228125 0.6958467234375 0.5368832984374999 0.68344719375 0.5211984968750001 0.656824671875 0.513646553125 0.66193035 0.475886853125 0.67651805 0.4694967421875 0.6899082562500001 0.482456140625 0.69357798125 0.4736842109375 0.69357798125 0.45906432812500003 0.71192660625 0.41228070156249996 0.7027522937499999 0.4064327484375 0.6733944953125001 0.438596490625 0.6495412843749999 0.4736842109375 0.640366971875 0.48830409374999995
3 0.63828125 0.56796875 0.0171875 0.02421875
4 0.6128440359375 0.44444444375 0.6018348625 0.44152046718750004 0.555963303125 0.4561403515625 0.537614678125 0.482456140625 0.5365333546875 0.588229184375 0.5319445609375 0.5787268859375 0.519554859375 0.5970005671874999 0.5067062640625 0.5970005671874999 0.5192660546875 0.6666666671875 0.5339449546874999 0.698830409375 0.555963303125 0.7134502921875 0.5651376140625 0.728070175 0.5706422015625 0.728070175 0.5834862390625 0.7017543859375001 0.5934342015625 0.677424909375 0.6055045875 0.7046783624999999 0.605365034375 0.726378184375 0.6165137609375 0.7251461984375001 0.6091743125 0.6783625734375 0.611330440625 0.652572721875 0.6026117671875 0.6328371546875 0.6191313703125 0.6211419796875 0.5906809359375 0.5853255875000001 0.5957285984375 0.51076899375 0.601235134375 0.49905367187499994 0.61003056875 0.49428260156250003 0.617859328125 0.477135775 0.6128440359375 0.44444444375
3 0.5765625 0.64609375 0.01875 0.02265625
4 0.3669724765625 0.3892813390625 0.3676221875 0.558472646875 0.34101390625 0.5698536375 0.3610317171875 0.6700248156249999 0.382466165625 0.682975590625 0.3978052109375 0.707006215625 0.39816513750000004 0.69337490625 0.4055045875 0.681679 0.40888005937500005 0.6636384359374999 0.4213392609375 0.68789499375 0.4366972484375 0.7079947890625 0.447706421875 0.6904509296875 0.4697247703125 0.6787550234374999 0.4825688078125 0.652439234375 0.48807339375 0.6115035609375 0.494257903125 0.564943365625 0.4678899078125 0.5530240296875 0.46110654687499997 0.55112678125 0.462385321875 0.5413281234375 0.4642201828125 0.4506848484375 0.455045871875 0.40974917499999997 0.456880734375 0.3834333859375 0.4018348625 0.37466145625 0.3706422015625 0.3834333859375 0.3669724765625 0.3892813390625
3 0.38203125 0.621875 0.0203125 0.02734375
1 0.3706422015625 0.380116959375 0.40697247656249996 0.37426900625 0.45321100937500003 0.380116959375 0.4642201828125 0.3625731 0.4697247703125 0.3625731 0.462385321875 0.2748538015625 0.462385321875 0.187134503125 0.456880734375 0.1461988296875 0.447706421875 0.1111111109375 0.4293577984375 0.11403508749999999 0.4220183484375 0.1374269 0.4018348625 0.1345029234375 0.39816513750000004 0.1403508765625 0.3871559640625 0.26023391875 0.3706422015625 0.380116959375
1 0.6 0.143274853125 0.5907207375 0.21824756406249998 0.5913279671875 0.2985311578125 0.58647004375 0.3439929328125 0.571289071875 0.2772511640625 0.5669724765625 0.2192982453125 0.559633028125 0.187134503125 0.5577981656250001 0.143274853125 0.5357798171875 0.143274853125 0.5321100921874999 0.14912280625000002 0.5321100921874999 0.2076023390625 0.5412844031249999 0.3216374265625 0.543119265625 0.41812865468749993 0.5561080984375 0.3962256234375 0.5725035593750001 0.39912743906250003 0.5810048921875001 0.4194401515625 0.5585370484375 0.451360128125 0.611009175 0.438596490625 0.6128440359375 0.368421053125 0.6028655046875 0.3614038296875 0.6028655046875 0.35076384531250004 0.6071161984375 0.3323856703125 0.6293577984375001 0.3333333328125 0.6222971703125 0.2521021 0.6220183484375 0.187134503125 0.620475453125 0.1679494359375 0.6238532109375 0.1461988296875 0.6 0.143274853125
1 0.6330275234375 0.33918128593749997 0.6183486234375 0.36549707656249997 0.6165137609375 0.380116959375 0.655045871875 0.40935672500000003 0.6788990828125 0.4005847953125 0.6862385328125 0.380116959375 0.68453920625 0.3588054390625 0.699720178125 0.350099990625 0.722795278125 0.35590362343750004 0.70458715625 0.3947368421875 0.70642201875 0.4064327484375 0.7174311921875 0.4064327484375 0.7651376140624999 0.312865496875 0.7669724765625 0.2865497078125 0.7598368640625 0.2291909734375 0.7559633031249999 0.1286549703125 0.748623853125 0.11988304062499999 0.7137614671875 0.11988304062499999 0.70825688125 0.1286549703125 0.702149125 0.246601871875 0.707614278125 0.2736854734375 0.70091743125 0.289473684375 0.6330275234375 0.33918128593749997
0 0.3706422015625 0.09941520468750001 0.3908256875 0.1228070171875 0.39816513750000004 0.1228070171875 0.403669725 0.1111111109375 0.40917431249999997 0.1111111109375 0.4146788984375 0.1169590640625 0.4165137609375 0.1228070171875 0.42018348593750005 0.12573099375000002 0.4238532109375 0.11988304062499999 0.4238532109375 0.1052631578125 0.41834862343749996 0.096491228125 0.4018348625 0.090643275 0.39266055 0.084795321875 0.3853211015625 0.084795321875 0.3834862390625 0.0818713453125 0.3761467890625 0.0818713453125 0.3688073390625 0.08771929843750001 0.3706422015625 0.09941520468750001
0 0.5339449546874999 0.10818713437500001 0.5357798171875 0.1111111109375 0.5357798171875 0.1345029234375 0.537614678125 0.1403508765625 0.559633028125 0.1403508765625 0.5834862390625 0.10818713437500001 0.59266055 0.10233918125000001 0.59266055 0.0935672515625 0.5908256875 0.08771929843750001 0.5871559640624999 0.084795321875 0.5633027515625 0.084795321875 0.561467890625 0.08771929843750001 0.552293578125 0.08771929843750001 0.5357798171875 0.09941520468750001 0.5339449546874999 0.10818713437500001
0 0.611009175 0.143274853125 0.6183486234375 0.1461988296875 0.6220183484375 0.15204678437500002 0.6256880734375 0.15204678437500002 0.6330275234375 0.1403508765625 0.6348623859375 0.131578946875 0.638532109375 0.12573099375000002 0.640366971875 0.1169590640625 0.638532109375 0.1052631578125 0.6366972484375 0.10233918125000001 0.6256880734375 0.10233918125000001 0.596330275 0.1169590640625 0.596330275 0.1403508765625 0.5981651375 0.143274853125 0.6018348625 0.1403508765625 0.6091743125 0.1403508765625 0.611009175 0.143274853125
0 0.7162514328125 0.09173934218749999 0.7273440203125 0.07406995 0.739449540625 0.084795321875 0.748623853125 0.073099415625 0.752293578125 0.046783625 0.748623853125 0.040935671875 0.7339449546875 0.040935671875 0.7302752296875 0.043859648437499996 0.69724770625 0.10233918125000001 0.69724770625 0.1169590640625 0.7027522937499999 0.12573099375000002 0.71009174375 0.1169590640625 0.710039571875 0.10446131562500001 0.7162514328125 0.09173934218749999
0 0.752354740625 0.07568063124999999 0.7567584109375 0.081526140625 0.76067278125 0.08308494375 0.7688073390625 0.0643274859375 0.7724770640624999 0.049707601562499995 0.7721712546874999 0.0421663796875 0.7669724765625 0.040935671875 0.755290521875 0.044111465625 0.75284403125 0.046839362499999995 0.751131496875 0.06359649687499999 0.7499082515625 0.072169903125 0.7379204875 0.084640328125 0.7374311875 0.0982798421875 0.7467278281249999 0.07762571562500001 0.752354740625 0.07568063124999999
0 0.8403669718750001 0.096491228125 0.8385321093749999 0.084795321875 0.8311926609375 0.07894736875 0.8146788984375 0.07894736875 0.80733945 0.084795321875 0.8 0.10233918125000001 0.8 0.1228070171875 0.8018348625 0.12573099375000002 0.8256880734375001 0.12573099375000002 0.8403669718750001 0.096491228125
0 0.8454434234375 0.13504518125 0.8532110093749999 0.12573099375000002 0.8532110093749999 0.1111111109375 0.851376146875 0.1052631578125 0.844036696875 0.09941520468750001 0.8385321093749999 0.10233918125000001 0.8348623859375 0.10818713437500001 0.8268501546874999 0.12491296249999999 0.830519878125 0.136214284375 0.8361467828125001 0.14673619843750002 0.8422018343750001 0.1461988296875 0.8454434234375 0.13504518125