4 0.1155963296875 0.6783625734375 0.1266055046875 0.6900584796875 0.1555047375 0.694974359375 0.16271106562499998 0.7064533125 0.161467890625 0.6900584796875 0.16574529375 0.6665790671875 0.17981651406250002 0.68128655 0.188990825 0.698830409375 0.1944954125 0.698830409375 0.2165137609375 0.68128655 0.2238532109375 0.6666666671875 0.2311926609375 0.6345029234374999 0.2311926609375 0.5935672515625 0.203669725 0.5877192984375 0.1981651375 0.573099415625 0.1944954125 0.5263157890625 0.17981651406250002 0.46198830468749996 0.1743119265625 0.45906432812500003 0.11192660624999999 0.4795321640625 0.1211009171875 0.5233918125 0.12501529218750002 0.5501540296874999 0.1266055046875 0.5672514625 0.12844036718750002 0.596491228125 0.12971371874999998 0.6242881953125 0.1156803515625 0.610996775 0.10091743125 0.6286549703125 0.10642201874999999 0.6578947375 0.1155963296875 0.6783625734375
1 0.17247706406250002 0.45906432812500003 0.1761467890625 0.45321637499999995 0.17247706406250002 0.44152046718750004 0.1627847171875 0.41490708749999994 0.16108903593749999 0.3738512515625 0.1722804859375 0.35926563125 0.191272040625 0.36412750625 0.1929677046875 0.39654000625 0.1944954125 0.43567251406249996 0.203669725 0.45906432812500003 0.21284403593749998 0.45906432812500003 0.211009175 0.415204678125 0.2 0.347953215625 0.1963590625 0.328014221875 0.1970373234375 0.29560173125 0.2 0.1286549703125 0.17247706406250002 0.1286549703125 0.1651586546875 0.1573084390625 0.1539672078125 0.1519063625 0.137614678125 0.24269005781250003 0.1349756515625 0.29452131875 0.1302752296875 0.3333333328125 0.1254798828125 0.3695499390625 0.11009174375 0.4298245609375 0.11009174375 0.4736842109375 0.1192660546875 0.4736842109375 0.17247706406250002 0.45906432812500003
3 0.1921875 0.64453125 0.01796875 0.02578125
2 0.1578125 0.565625 0.02265625 0.053125
4 0.31655280625 0.5211984968750001 0.3041532765625 0.5368832984374999 0.31376146718750003 0.596491228125 0.3357798171875 0.619883040625 0.341284403125 0.6111111109375 0.341284403125 0.5994152046875 0.346788990625 0.5935672515625 0.3761467890625 0.619883040625 0.3834862390625 0.619883040625 0.39816513750000004 0.5935672515625 0.410278696875 0.5850995296875 0.40006730625 0.4962189859375 0.3896392875 0.495496625 0.39266055 0.5029239765625 0.3853211015625 0.51169590625 0.3761467890625 0.51169590625 0.361467890625 0.5029239765625 0.35963302812500003 0.48830409374999995 0.350458715625 0.4736842109375 0.3266055046875 0.438596490625 0.29724770624999997 0.4064327484375 0.28807339375 0.41228070156249996 0.30642201875 0.45906432812500003 0.30642201875 0.4736842109375 0.31009174375000004 0.482456140625 0.32348195 0.4694967421875 0.33806965 0.475886853125 0.34317532812499996 0.513646553125 0.31655280625 0.5211984968750001
3 0.36171875 0.56796875 0.0171875 0.02421875
4 0.394634965625 0.726378184375 0.39449541250000003 0.7046783624999999 0.4065657984375 0.677424909375 0.4165137609375 0.7017543859375001 0.4293577984375 0.728070175 0.43486238593750004 0.728070175 0.444036696875 0.7134502921875 0.4660550453125 0.698830409375 0.4807339453125 0.6666666671875 0.4932937359375 0.5970005671874999 0.480445140625 0.5970005671874999 0.46805543906249997 0.5787268859375 0.4634666453125 0.588229184375 0.462385321875 0.482456140625 0.444036696875 0.4561403515625 0.39816513750000004 0.44152046718750004 0.3871559640625 0.44444444375 0.382140671875 0.477135775 0.38996943125 0.49428260156250003 0.398764865625 0.49905367187499994 0.4042714015625 0.51076899375 0.4093190640625 0.5853255875000001 0.3808686296875 0.6211419796875 0.3973882328125 0.6328371546875 0.388669559375 0.652572721875 0.3908256875 0.6783625734375 0.3834862390625 0.7251461984375001 0.394634965625 0.726378184375
3 0.4234375 0.64609375 0.01875 0.02265625
4 0.5174311921875 0.652439234375 0.5302752296875 0.6787550234374999 0.552293578125 0.6904509296875 0.5633027515625 0.7079947890625 0.5786607390625 0.68789499375 0.591119940625 0.6636384359374999 0.5944954124999999 0.681679 0.6018348625 0.69337490625 0.6021947890625 0.707006215625 0.617533834375 0.682975590625 0.6389682828125001 0.6700248156249999 0.6589860937500001 0.5698536375 0.6323778124999999 0.558472646875 0.6330275234375 0.3892813390625 0.6293577984375001 0.3834333859375 0.5981651375 0.37466145625 0.543119265625 0.3834333859375 0.544954128125 0.40974917499999997 0.5357798171875 0.4506848484375 0.537614678125 0.5413281234375 0.538893453125 0.55112678125 0.5321100921874999 0.5530240296875 0.5057420968749999 0.564943365625 0.5119266062500001 0.6115035609375 0.5174311921875 0.652439234375
3 0.61796875 0.621875 0.0203125 0.02734375
1 0.5357798171875 0.3625731 0.546788990625 0.380116959375 0.5930275234375 0.37426900625 0.6293577984375001 0.380116959375 0.6128440359375 0.26023391875 0.6018348625 0.1403508765625 0.5981651375 0.1345029234375 0.5779816515625 0.1374269 0.5706422015625 0.11403508749999999 0.552293578125 0.1111111109375 0.543119265625 0.1461988296875 0.537614678125 0.187134503125 0.537614678125 0.2748538015625 0.5302752296875 0.3625731 0.5357798171875 0.3625731
1 0.44146295156250004 0.451360128125 0.41899510781249993 0.4194401515625 0.427496440625 0.39912743906250003 0.4438919015625 0.3962256234375 0.456880734375 0.41812865468749993 0.458715596875 0.3216374265625 0.4678899078125 0.2076023390625 0.4678899078125 0.14912280625000002 0.4642201828125 0.143274853125 0.44220183437499994 0.143274853125 0.44036697187499996 0.187134503125 0.43302752343749995 0.2192982453125 0.428710928125 0.2772511640625 0.41352995625 0.3439929328125 0.4086720328125 0.2985311578125 0.4092792625 0.21824756406249998 0.4 0.143274853125 0.3761467890625 0.1461988296875 0.37952454687500004 0.1679494359375 0.37798165156249997 0.187134503125 0.3777028296875 0.2521021 0.3706422015625 0.3333333328125 0.39288380156249997 0.3323856703125 0.3971344953125 0.35076384531250004 0.3971344953125 0.3614038296875 0.3871559640625 0.368421053125 0.388990825 0.438596490625 0.44146295156250004 0.451360128125
1 0.2825688078125 0.4064327484375 0.29357798125 0.4064327484375 0.29541284375 0.3947368421875 0.277204721875 0.35590362343750004 0.300279821875 0.350099990625 0.31546079374999997 0.3588054390625 0.31376146718750003 0.380116959375 0.3211009171875 0.4005847953125 0.34495412812500004 0.40935672500000003 0.3834862390625 0.380116959375 0.3816513765625 0.36549707656249997 0.3669724765625 0.33918128593749997 0.29908256875 0.289473684375 0.292385721875 0.2736854734375 0.297850875 0.246601871875 0.29174311875000003 0.1286549703125 0.2862385328125 0.11988304062499999 0.251376146875 0.11988304062499999 0.244036696875 0.1286549703125 0.2401631359375 0.2291909734375 0.23302752343750002 0.2865497078125 0.2348623859375 0.312865496875 0.2825688078125 0.4064327484375
0 0.5834862390625 0.1228070171875 0.5853211015625 0.1169590640625 0.5908256875 0.1111111109375 0.596330275 0.1111111109375 0.6018348625 0.1228070171875 0.6091743125 0.1228070171875 0.6293577984375001 0.09941520468750001 0.6311926609375 0.08771929843750001 0.6238532109375 0.0818713453125 0.6165137609375 0.0818713453125 0.6146788984375 0.084795321875 0.60733945 0.084795321875 0.5981651375 0.090643275 0.5816513765625 0.096491228125 0.5761467890625 0.1052631578125 0.5761467890625 0.11988304062499999 0.5798165140625 0.12573099375000002 0.5834862390625 0.1228070171875
0 0.462385321875 0.1403508765625 0.4642201828125 0.1345029234375 0.4642201828125 0.1111111109375 0.4660550453125 0.10818713437500001 0.4642201828125 0.09941520468750001 0.447706421875 0.08771929843750001 0.438532109375 0.08771929843750001 0.4366972484375 0.084795321875 0.4128440359375 0.084795321875 0.40917431249999997 0.08771929843750001 0.40733945 0.0935672515625 0.40733945 0.10233918125000001 0.4165137609375 0.10818713437500001 0.44036697187499996 0.1403508765625 0.462385321875 0.1403508765625
0 0.3651376140625 0.131578946875 0.3669724765625 0.1403508765625 0.3743119265625 0.15204678437500002 0.37798165156249997 0.15204678437500002 0.3816513765625 0.1461988296875 0.388990825 0.143274853125 0.3908256875 0.1403508765625 0.39816513750000004 0.1403508765625 0.4018348625 0.143274853125 0.403669725 0.1403508765625 0.403669725 0.1169590640625 0.3743119265625 0.10233918125000001 0.36330275156249997 0.10233918125000001 0.361467890625 0.1052631578125 0.35963302812500003 0.1169590640625 0.361467890625 0.12573099375000002 0.3651376140625 0.131578946875
0 0.260550459375 0.084795321875 0.2726559796875 0.07406995 0.2837485671875 0.09173934218749999 0.289960428125 0.10446131562500001 0.28990825625 0.1169590640625 0.29724770624999997 0.12573099375000002 0.30275229375 0.1169590640625 0.30275229375 0.10233918125000001 0.2697247703125 0.043859648437499996 0.2660550453125 0.040935671875 0.251376146875 0.040935671875 0.24770642187499997 0.046783625 0.251376146875 0.073099415625 0.260550459375 0.084795321875
0 0.2311926609375 0.0643274859375 0.23932721875000001 0.08308494375 0.2432415890625 0.081526140625 0.24764525937499998 0.07568063124999999 0.253272171875 0.07762571562500001 0.26256881249999997 0.0982798421875 0.2620795125 0.084640328125 0.2500917484375 0.072169903125 0.24886850312500003 0.06359649687499999 0.24715596875 0.046839362499999995 0.24470947812500002 0.044111465625 0.23302752343750002 0.040935671875 0.2278287453125 0.0421663796875 0.2275229359375 0.049707601562499995 0.2311926609375 0.0643274859375
0 0.1981651375 0.12573099375000002 0.2 0.1228070171875 0.2 0.10233918125000001 0.19266054999999999 0.084795321875 0.18532110156249998 0.07894736875 0.1688073390625 0.07894736875 0.161467890625 0.084795321875 0.159633028125 0.096491228125 0.1743119265625 0.12573099375000002 0.1981651375 0.12573099375000002
0 0.1545565765625 0.13504518125 0.157798165625 0.1461988296875 0.1638532171875 0.14673619843750002 0.169480121875 0.136214284375 0.1731498453125 0.12491296249999999 0.1651376140625 0.10818713437500001 0.161467890625 0.10233918125000001 0.155963303125 0.09941520468750001 0.14862385312499998 0.1052631578125 0.146788990625 0.1111111109375 0.146788990625 0.12573099375000002 0.1545565765625 0.13504518125