4 0.24173755156249999 0.3809947046875 0.2484911140625 0.4030949203125 0.2484911140625 0.49752304374999995 0.2856356125 0.5457416765625 0.44603220625000006 0.51761414375 0.528763109375 0.5216323734375 0.511879203125 0.44930443750000004 0.5186327656249999 0.3890311390625 0.520321109375 0.353871728125 0.5270746734375 0.3116804421875 0.5270746734375 0.28254835 0.5439585765625 0.26446636562500003 0.530451453125 0.21926139218750001 0.513567640625 0.20419308125 0.4510973296875 0.187115640625 0.43083673593749994 0.1730518796875 0.43252507968750004 0.191133871875 0.4240831734375 0.21423863124999998 0.3886271125 0.2011794078125 0.3362871421875 0.1579835640625 0.3143381125 0.1730518796875 0.199527928125 0.20821129843750003 0.1910860203125 0.2413616078125 0.133680834375 0.32775330937499997 0.173068678125 0.3444843375 0.1742021140625 0.3327760703125 0.2535562390625 0.34884896875 0.24173755156249999 0.3809947046875
4 0.568858453125 0.4271362359375 0.5597335234374999 0.4434236375 0.5631553406250001 0.450888675 0.5597335234374999 0.47599841718749997 0.55631170625 0.5160382359375 0.606498628125 0.5296110640625 0.6680917125 0.533682921875 0.6897633875 0.535040209375 0.7832936640625 0.5323256375 0.7889967125 0.5221460062500001 0.7924184671875001 0.4101702125 0.7861171984374999 0.396871734375 0.7912778828125 0.3708090359375 0.8410295484375 0.36846220937499996 0.8559904656249999 0.36634281562500004 0.8773631921874999 0.362104053125 0.850589796875 0.3022662765625 0.8437460375000001 0.2737633359375 0.7798717828124999 0.246617690625 0.7570595859375 0.2506895421875 0.7365285578125 0.24797497812499997 0.7433721921875 0.239831278125 0.729684796875 0.2357594375 0.7011694890625 0.2622264390625 0.6544043828125 0.2873361640625 0.6384358171875 0.26561964531250004 0.633442953125 0.2463843828125 0.6098055765625 0.2554253734375 0.594610109375 0.25140714375 0.538893359375 0.2664754671875 0.5259419671875001 0.286143603125 0.522379859375 0.3145433796875 0.5224765390624999 0.354431803125 0.5597335234374999 0.3626653359375 0.5665772203125 0.37623816250000003 0.568858453125 0.4271362359375
3 0.73203125 0.3078125 0.04921875 0.02578125
3 0.496875 0.259375 0.04140625 0.02890625
1 0.34345794375 0.9221140468750001 0.3457943921875 0.9054242 0.37383177500000003 0.8873435328125 0.40887850468750003 0.9012517390625 0.44158878437500004 0.8970792765625 0.45794392500000003 0.8873435328125 0.45794392500000003 0.87204450625 0.4462616828125 0.8581363 0.45560747656249995 0.83449235 0.443925234375 0.7955493734375 0.4462616828125 0.7663421421875001 0.5 0.5243393609375 0.43925233593749996 0.52155771875 0.2990654203125 0.5438108484375 0.2850467296875 0.547983309375 0.275700934375 0.5730180812500001 0.23130841093750001 0.5785813625 0.21962616875 0.7260083453124999 0.2172897203125 0.8414464531249999 0.26168224375000004 0.9415855359374999 0.2780373828125 0.9262865093749999 0.34345794375 0.9221140468750001
1 0.703271028125 0.89568845625 0.7570093453125 0.8998609171874999 0.7686915890625 0.8929068156250001 0.7943925234375 0.7691237828124999 0.792056075 0.6856745484375 0.8037383171875 0.6105702359375 0.7733644859375 0.6105702359375 0.754672896875 0.5942280953125 0.7570093453125 0.5632823359375 0.78037383125 0.5368567453125 0.775700934375 0.5326842843749999 0.6635514015624999 0.535465925 0.57242990625 0.5243393609375 0.59345794375 0.5646731578125 0.5864485984375001 0.61613351875 0.6728971968749999 0.8692628656249999 0.703271028125 0.89568845625
0 0.4252336453125 0.9332406125 0.46962616874999996 0.94297635625 0.525700934375 0.9346314328125 0.525700934375 0.9221140468750001 0.4649532703125 0.8873435328125 0.443925234375 0.8970792765625 0.4299065421875 0.89568845625 0.3621495328125 0.8803894296875001 0.3528037390625 0.8664812234375001 0.3504672890625 0.89568845625 0.37616822499999997 0.91515994375 0.3995327109375 0.9179415859375 0.4252336453125 0.9332406125
0 0.37383177500000003 0.9652294859375001 0.3714953265625 0.9499304593750001 0.34345794375 0.91933240625 0.2710280375 0.9276773296874999 0.2523364484375 0.9221140468750001 0.2523364484375 0.9346314328125 0.2780373828125 0.9652294859375001 0.327102803125 0.9749652296875 0.37383177500000003 0.9652294859375001
0 0.6495327109375 0.9707927671875 0.67757009375 0.97635605 0.707943925 0.9721835890625 0.7359813078124999 0.9568845625 0.75934579375 0.916550765625 0.75 0.9137691234374999 0.7266355140625 0.9443671765625 0.6962616828125 0.9499304593750001 0.6635514015624999 0.9401947156249999 0.6799065421875 0.91933240625 0.67757009375 0.9109874828125 0.640186915625 0.9137691234374999 0.6285046734375 0.9068150203125 0.5957943921875 0.9221140468750001 0.598130840625 0.9360222531250001 0.619158878125 0.9415855359374999 0.65654205625 0.9401947156249999 0.6495327109375 0.9707927671875
0 0.6799065421875 0.9095966625 0.640186915625 0.9137691234374999 0.6285046734375 0.9068150203125 0.598130840625 0.9207232265625 0.59345794375 0.9346314328125 0.6331775703125 0.94297635625 0.6658878500000001 0.9346314328125 0.6799065421875 0.9095966625
0 0.75934579375 0.9262865093749999 0.7570093453125 0.9068150203125 0.7266355140625 0.94297635625 0.6950934578125 0.9485396390625 0.6635514015624999 0.93880389375 0.6471962609374999 0.9596662031250001 0.6471962609374999 0.9707927671875 0.661214953125 0.9805285125 0.7266355140625 0.96662030625 0.75934579375 0.9262865093749999