4 0.3359375 0.13828125 0.671875 0.2765625
2 0.4234375 0.15703125 0.096875 0.046875
3 0.14375 0.1296875 0.0796875 0.0328125
1 0.753125 0.08515625 0.41875 0.1703125
4 0.36796875 0.26953125 0.6671875 0.2
2 0.37578125 0.24296875 0.1078125 0.0359375
4 0.30546875 0.3734375 0.6078125 0.2171875
2 0.309375 0.36171875 0.10625 0.0453125
4 0.36796875 0.5109375 0.603125 0.2125
2 0.35234375 0.54140625 0.0953125 0.0359375
4 0.3625 0.68125 0.70625 0.2734375
2 0.43984375 0.66953125 0.10625 0.0515625
4 0.34609375 0.8328125 0.5953125 0.2
2 0.47265625 0.82578125 0.1453125 0.05625
2 0.5359375 0.9203125 0.1109375 0.05
3 0.19296875 0.34140625 0.0703125 0.03125
3 0.21015625 0.5078125 0.0484375 0.025
3 0.19453125 0.65234375 0.0703125 0.0265625
3 0.21171875 0.81484375 0.0703125 0.0390625
1 0.87578125 0.89765625 0.2484375 0.1546875
1 0.80390625 0.78203125 0.3921875 0.1859375
1 0.8234375 0.63203125 0.353125 0.1859375
1 0.82265625 0.47734375 0.3546875 0.1671875
1 0.78046875 0.34609375 0.421875 0.1828125
1 0.8171875 0.215625 0.321875 0.165625