4 0.12844036718750002 0.403508771875 0.1266055046875 0.43274853750000003 0.12501529218750002 0.44984597031250007 0.1211009171875 0.4766081875 0.11192660624999999 0.5204678359375 0.1743119265625 0.540935671875 0.17981651406250002 0.5380116953125 0.1944954125 0.4736842109375 0.1981651375 0.42690058437499995 0.203669725 0.41228070156249996 0.2311926609375 0.4064327484375 0.2311926609375 0.36549707656249997 0.2238532109375 0.3333333328125 0.2165137609375 0.31871345 0.1944954125 0.301169590625 0.188990825 0.301169590625 0.17981651406250002 0.31871345 0.16574529375 0.3334209328125 0.161467890625 0.3099415203125 0.16271106562499998 0.2935466875 0.1555047375 0.305025640625 0.1266055046875 0.3099415203125 0.1155963296875 0.3216374265625 0.10642201874999999 0.3421052625 0.10091743125 0.3713450296875 0.1156803515625 0.389003225 0.12971371874999998 0.3757118046875 0.12844036718750002 0.403508771875
1 0.1302752296875 0.6666666671875 0.1349756515625 0.70547868125 0.137614678125 0.7573099421875 0.1539672078125 0.8480936375000001 0.1651586546875 0.8426915609375 0.17247706406250002 0.8713450296874999 0.2 0.8713450296874999 0.1970373234375 0.70439826875 0.1963590625 0.671985778125 0.2 0.652046784375 0.211009175 0.5847953218749999 0.21284403593749998 0.540935671875 0.203669725 0.540935671875 0.1944954125 0.5643274859375 0.1929677046875 0.60345999375 0.191272040625 0.63587249375 0.1722804859375 0.64073436875 0.16108903593749999 0.6261487484375 0.1627847171875 0.5850929125000001 0.17247706406250002 0.5584795328125 0.1761467890625 0.546783625 0.17247706406250002 0.540935671875 0.1192660546875 0.5263157890625 0.11009174375 0.5263157890625 0.11009174375 0.5701754390625 0.1254798828125 0.6304500609375 0.1302752296875 0.6666666671875
3 0.1921875 0.35546875 0.01796875 0.02578125
2 0.1578125 0.434375 0.02265625 0.053125
4 0.30642201875 0.5263157890625 0.30642201875 0.540935671875 0.28807339375 0.5877192984375 0.29724770624999997 0.5935672515625 0.3266055046875 0.561403509375 0.350458715625 0.5263157890625 0.35963302812500003 0.51169590625 0.361467890625 0.49707602343749996 0.3761467890625 0.48830409374999995 0.3853211015625 0.48830409374999995 0.39266055 0.49707602343749996 0.3896392875 0.504503375 0.40006730625 0.5037810140625 0.410278696875 0.4149004703125 0.39816513750000004 0.4064327484375 0.3834862390625 0.380116959375 0.3761467890625 0.380116959375 0.346788990625 0.4064327484375 0.341284403125 0.4005847953125 0.341284403125 0.3888888890625 0.3357798171875 0.380116959375 0.31376146718750003 0.403508771875 0.3041532765625 0.46311670156250007 0.31655280625 0.47880150312499997 0.34317532812499996 0.48635344687500004 0.33806965 0.524113146875 0.32348195 0.5305032578125 0.31009174375000004 0.517543859375 0.30642201875 0.5263157890625
3 0.36171875 0.43203125 0.0171875 0.02421875
4 0.3808686296875 0.3788580203125 0.4093190640625 0.4146744125 0.4042714015625 0.48923100625 0.398764865625 0.5009463281250001 0.38996943125 0.5057173984375 0.382140671875 0.522864225 0.3871559640625 0.5555555562500001 0.39816513750000004 0.5584795328125 0.444036696875 0.5438596484375 0.462385321875 0.517543859375 0.4634666453125 0.411770815625 0.46805543906249997 0.4212731140625 0.480445140625 0.40299943281250006 0.4932937359375 0.40299943281250006 0.4807339453125 0.3333333328125 0.4660550453125 0.301169590625 0.444036696875 0.2865497078125 0.43486238593750004 0.271929825 0.4293577984375 0.271929825 0.4165137609375 0.2982456140625 0.4065657984375 0.322575090625 0.39449541250000003 0.29532163749999996 0.394634965625 0.273621815625 0.3834862390625 0.2748538015625 0.3908256875 0.3216374265625 0.388669559375 0.34742727812499996 0.3973882328125 0.3671628453125 0.3808686296875 0.3788580203125
3 0.4234375 0.35390625 0.01875 0.02265625
4 0.537614678125 0.4586718765625 0.5357798171875 0.5493151515625 0.544954128125 0.590250825 0.543119265625 0.6165666140625 0.5981651375 0.6253385437500001 0.6293577984375001 0.6165666140625 0.6330275234375 0.6107186609374999 0.6323778124999999 0.441527353125 0.6589860937500001 0.43014636250000005 0.6389682828125001 0.329975184375 0.617533834375 0.317024409375 0.6021947890625 0.292993784375 0.6018348625 0.30662509375 0.5944954124999999 0.31832099999999997 0.591119940625 0.3363615640625 0.5786607390625 0.31210500625000004 0.5633027515625 0.2920052109375 0.552293578125 0.3095490703125 0.5302752296875 0.3212449765625 0.5174311921875 0.347560765625 0.5119266062500001 0.3884964390625 0.5057420968749999 0.435056634375 0.5321100921874999 0.44697597031249997 0.538893453125 0.44887321875 0.537614678125 0.4586718765625
3 0.61796875 0.378125 0.0203125 0.02734375
1 0.552293578125 0.8888888890625 0.5706422015625 0.8859649125000001 0.5779816515625 0.8625731 0.5981651375 0.8654970765625001 0.6018348625 0.8596491234375 0.6128440359375 0.73976608125 0.6293577984375001 0.619883040625 0.5930275234375 0.62573099375 0.546788990625 0.619883040625 0.5357798171875 0.6374269 0.5302752296875 0.6374269 0.537614678125 0.7251461984375001 0.537614678125 0.812865496875 0.543119265625 0.8538011703124999 0.552293578125 0.8888888890625
1 0.39288380156249997 0.6676143296875 0.3706422015625 0.6666666671875 0.3777028296875 0.7478979 0.37798165156249997 0.812865496875 0.37952454687500004 0.8320505640625001 0.3761467890625 0.8538011703124999 0.4 0.8567251468749999 0.4092792625 0.7817524359375 0.4086720328125 0.7014688421875 0.41352995625 0.6560070671875 0.428710928125 0.7227488359375001 0.43302752343749995 0.7807017546874999 0.44036697187499996 0.812865496875 0.44220183437499994 0.8567251468749999 0.4642201828125 0.8567251468749999 0.4678899078125 0.85087719375 0.4678899078125 0.7923976609375 0.458715596875 0.6783625734375 0.456880734375 0.5818713453125001 0.4438919015625 0.6037743765625 0.427496440625 0.6008725609375001 0.41899510781249993 0.5805598484375001 0.44146295156250004 0.5486398718750001 0.388990825 0.561403509375 0.3871559640625 0.631578946875 0.3971344953125 0.6385961703125 0.3971344953125 0.6492361546875001 0.39288380156249997 0.6676143296875
1 0.251376146875 0.880116959375 0.2862385328125 0.880116959375 0.29174311875000003 0.8713450296874999 0.297850875 0.753398128125 0.292385721875 0.7263145265625 0.29908256875 0.710526315625 0.3669724765625 0.6608187140624999 0.3816513765625 0.6345029234374999 0.3834862390625 0.619883040625 0.34495412812500004 0.5906432749999999 0.3211009171875 0.5994152046875 0.31376146718750003 0.619883040625 0.31546079374999997 0.6411945609374999 0.300279821875 0.649900009375 0.277204721875 0.6440963765625 0.29541284375 0.6052631578125001 0.29357798125 0.5935672515625 0.2825688078125 0.5935672515625 0.2348623859375 0.687134503125 0.23302752343750002 0.7134502921875 0.2401631359375 0.7708090265624999 0.244036696875 0.8713450296874999 0.251376146875 0.880116959375
0 0.5981651375 0.909356725 0.60733945 0.9152046781250001 0.6146788984375 0.9152046781250001 0.6165137609375 0.9181286546875 0.6238532109375 0.9181286546875 0.6311926609375 0.9122807015625 0.6293577984375001 0.9005847953125 0.6091743125 0.8771929828125 0.6018348625 0.8771929828125 0.596330275 0.8888888890625 0.5908256875 0.8888888890625 0.5853211015625 0.8830409359375 0.5834862390625 0.8771929828125 0.5798165140625 0.8742690062499999 0.5761467890625 0.880116959375 0.5761467890625 0.8947368421874999 0.5816513765625 0.9035087718750001 0.5981651375 0.909356725
0 0.40917431249999997 0.9122807015625 0.4128440359375 0.9152046781250001 0.4366972484375 0.9152046781250001 0.438532109375 0.9122807015625 0.447706421875 0.9122807015625 0.4642201828125 0.9005847953125 0.4660550453125 0.891812865625 0.4642201828125 0.8888888890625 0.4642201828125 0.8654970765625001 0.462385321875 0.8596491234375 0.44036697187499996 0.8596491234375 0.4165137609375 0.891812865625 0.40733945 0.89766081875 0.40733945 0.9064327484374999 0.40917431249999997 0.9122807015625
0 0.3743119265625 0.89766081875 0.403669725 0.8830409359375 0.403669725 0.8596491234375 0.4018348625 0.8567251468749999 0.39816513750000004 0.8596491234375 0.3908256875 0.8596491234375 0.388990825 0.8567251468749999 0.3816513765625 0.8538011703124999 0.37798165156249997 0.847953215625 0.3743119265625 0.847953215625 0.3669724765625 0.8596491234375 0.3651376140625 0.8684210531250001 0.361467890625 0.8742690062499999 0.35963302812500003 0.8830409359375 0.361467890625 0.8947368421874999 0.36330275156249997 0.89766081875 0.3743119265625 0.89766081875
0 0.2697247703125 0.9561403515625001 0.30275229375 0.89766081875 0.30275229375 0.8830409359375 0.29724770624999997 0.8742690062499999 0.28990825625 0.8830409359375 0.289960428125 0.8955386843750001 0.2837485671875 0.9082606578125001 0.2726559796875 0.9259300500000001 0.260550459375 0.9152046781250001 0.251376146875 0.926900584375 0.24770642187499997 0.953216375 0.251376146875 0.959064328125 0.2660550453125 0.959064328125 0.2697247703125 0.9561403515625001
0 0.24715596875 0.9531606375000001 0.24886850312500003 0.936403503125 0.2500917484375 0.9278300968750001 0.2620795125 0.915359671875 0.26256881249999997 0.9017201578125 0.253272171875 0.9223742843749999 0.24764525937499998 0.92431936875 0.2432415890625 0.9184738593749999 0.23932721875000001 0.91691505625 0.2311926609375 0.9356725140625001 0.2275229359375 0.9502923984375 0.2278287453125 0.9578336203125 0.23302752343750002 0.959064328125 0.24470947812500002 0.9558885343749999 0.24715596875 0.9531606375000001
0 0.18532110156249998 0.92105263125 0.19266054999999999 0.9152046781250001 0.2 0.89766081875 0.2 0.8771929828125 0.1981651375 0.8742690062499999 0.1743119265625 0.8742690062499999 0.159633028125 0.9035087718750001 0.161467890625 0.9152046781250001 0.1688073390625 0.92105263125 0.18532110156249998 0.92105263125
0 0.161467890625 0.89766081875 0.1651376140625 0.891812865625 0.1731498453125 0.8750870374999999 0.169480121875 0.863785715625 0.1638532171875 0.8532638015625 0.157798165625 0.8538011703124999 0.1545565765625 0.86495481875 0.146788990625 0.8742690062499999 0.146788990625 0.8888888890625 0.14862385312499998 0.8947368421874999 0.155963303125 0.9005847953125 0.161467890625 0.89766081875