4 1 0.696211759375 0.988108734375 0.6770654421875 0.9672331968749999 0.7574799765625 0.96226283125 0.604309434375 0.9582865375 0.55963469375 0.9577895015625 0.5111306890625 0.9632569046875 0.5009193187500001 0.9712094890625 0.5009193187500001 0.9617657953125001 0.46900878749999997 0.9488428437499999 0.4281633109375 0.9309495265625 0.3834885703125 0.8792577218750001 0.3362609875 0.8653406968749999 0.3885942546875 0.861861440625 0.34391951249999997 0.8464533062499999 0.3413666703125 0.8360155375 0.357960146875 0.831542209375 0.355407303125 0.82607480625 0.40518772968750005 0.8240866609375 0.434545415625 0.8250807328124999 0.6643012296874999 0.7838266968750001 0.7000410234375 0.7932703921875001 0.8047075609375 0.8017200140625 0.9042684109374999 0.81961333125 0.9349025203125001 0.844962196875 0.9795772625 0.8509266359375 0.9936178953124999 0.8588792218749999 0.9374553609375 0.8708080984375 0.913203359375 0.877269575 0.9170326234375 0.8882043796874999 0.941284625 0.897648075 0.9974471578124999 0.9155413921875001 0.998723578125 0.964250978125 0.952772415625 0.98562355 0.873634303125 1 0.8098132437500001 1 0.696211759375
2 0.85078125 0.5671875 0.034375 0.0890625
3 0.90390625 0.8265625 0.02421875 0.07421875
1 0.8380036843750001 0.3503016171875 0.8658377343750001 0.34647235625 0.8658377343750001 0.3949763609375 0.8792577218750001 0.3388138265625 0.9185236109374999 0.3694479375 0.9582865375 0.43837468125 0.9582865375 0.411569834375 0.9567954296875 0.3643422515625 0.9567954296875 0.3069032984375 0.960771721875 0.2035131828125 0.964250978125 0.0669361171875 0.9597776484375 0.0005622140625 0.9056006609375 0 0.882239940625 0.2277651859375 0.8767725375 0.200960340625 0.8767725375 0.130757175 0.8648436609375001 0.0018386359375 0.82657184375 0.0005622140625 0.8305481359375 0.3503016171875 0.8380036843750001 0.3503016171875
4 0.7873322359375 0.8129252859375 0.8027845499999999 0.9319728296875001 0.81235026875 0.9263039 0.8020487265625 0.8904006703125 0.79542630625 0.8261527875000001 0.779238165625 0.710884528125 0.8064636734375 0.665533084375 0.8042562 0.5804991234375 0.8064636734375 0.5030237359374999 0.8094069718749999 0.434996565625 0.8057278484375001 0.3877554734375 0.8020487265625 0.32728687968750003 0.7836531124999999 0.31972830625 0.7637858515625 0.31972830625 0.7358245203125 0.3442936734375 0.7306737484375 0.38397618906250003 0.71816473125 0.4444447828125 0.71890055625 0.508692665625 0.732145396875 0.6579745109374999 0.722579678125 0.654195221875 0.7108064859375001 0.6617537953125 0.68873175 0.7089948875000001 0.7203722046875 0.865835303125 0.7667291484375001 0.9395314062500001 0.7667291484375001 0.888511028125 0.7873322359375 0.8129252859375
2 0.775 0.6203125 0.02421875 0.10078125
4 0.67990185625 0.8582767296875 0.6821093296875 0.860166375 0.6828451546875 0.8904006703125 0.6909392234375 0.9338624734375 0.69903329375 0.9300831859375001 0.7166930812500001 0.9111867515625001 0.7336170453124999 0.888511028125 0.726994625 0.882842096875 0.7085990125 0.8356010078124999 0.69976911875 0.788359915625 0.6872601015625001 0.7052156 0.7012407671875 0.6598641515625 0.693882521875 0.5578233984375001 0.704919890625 0.42932763281249997 0.69829746875 0.417989771875 0.6703361375 0.433106921875 0.6328090859375 0.431217278125 0.6077910531249999 0.44633442656250005 0.6055835796875 0.47089979375 0.6099985265625001 0.586168053125 0.609262703125 0.6201816359375 0.612206 0.7033259562499999 0.60337610625 0.7089948875000001 0.5930745625 0.7335602546875 0.5857163171875001 0.8280424312499999 0.5952820359375 0.899848890625 0.617356771875 0.92063496875 0.635752384375 0.9489796234375 0.6489972265625 0.979213921875 0.6592987703125 0.9187453250000001 0.675486909375 0.865835303125 0.67990185625 0.8582767296875
2 0.67109375 0.69375 0.03125 0.096875
4 0.4907949546875 0.8790628093749999 0.49668155 0.8715042359374999 0.5099263921875 0.8507181578124999 0.5165488125000001 0.8733938796875 0.5246428828125 0.8790628093749999 0.5400951968750001 0.9319728296875001 0.550396740625 0.903628175 0.56511323125 0.8866213843749999 0.5813013703125 0.86205601875 0.587923790625 0.811035640625 0.5960178609375 0.7014363109375 0.58424466875 0.70710524375 0.56511323125 0.7014363109375 0.5673207046875001 0.61451270625 0.5673207046875001 0.588057696875 0.5658490546875 0.5162512375 0.573943125 0.3764176125 0.49668155 0.38586583281250003 0.4532679046875 0.38586583281250003 0.46136197343749996 0.62962985625 0.4628336234375 0.7052156 0.46504109531250004 0.7751324109375 0.4672485703125 0.8941799578125 0.491530778125 0.9244142562500001 0.4907949546875 0.8790628093749999
2 0.49765625 0.67109375 0.025 0.0875
4 0.38925117187499997 0.943310690625 0.395873590625 1 0.4194199765625 0.9735449890625001 0.44223053593749995 0.9357521171875 0.4620977984375 0.7486773999999999 0.4481171328125 0.6806502328125 0.426778221875 0.68820880625 0.42972151875 0.572940546875 0.4378155890625 0.39720369375 0.3708555578125 0.34996260156250003 0.36938390781249997 0.419879415625 0.3664406109375 0.353741890625 0.301688053125 0.3764176125 0.305367175 0.5540441125 0.321555315625 0.75056704375 0.2715192484375 0.786470275 0.30463135 0.979213921875 0.32081949062500004 0.98299320625 0.329649384375 0.979213921875 0.33480015625 0.9924414265625 0.3531957703125 1 0.3634973125 0.9452003343750001 0.3664406109375 0.9395314062500001 0.3745346796875 0.9319728296875001 0.3804212765625 0.9055178187499999 0.38925117187499997 0.943310690625
2 0.36875 0.6015625 0.0390625 0.0984375
4 0.23840714531249999 0.9263039 0.24650121406249997 0.9697657015625 0.2494445125 0.9603174843750001 0.26048187968750003 0.94142105 0.2884432125 0.9092971078125001 0.28329244062500003 0.8771731671874999 0.2715192484375 0.7978081359375 0.272990896875 0.7656841937500001 0.2899148609375 0.7354498984375 0.28770738749999997 0.7146638171874999 0.27740584375 0.7146638171874999 0.2751983703125 0.665533084375 0.27593419531249996 0.6201816359375 0.29065068437499997 0.453893 0.28549991406249997 0.453893 0.2325205484375 0.4406654953125 0.20529504062499998 0.42932763281249997 0.1714471125 0.44255513906250005 0.1714471125 0.5786094796875 0.1788053578125 0.7278913218749999 0.1729187625 0.8261527875000001 0.1596739203125 0.903628175 0.1648246921875 0.9225246125 0.186899428125 0.9376417625 0.19940844375 0.958427840625 0.206030865625 0.9811035625000001 0.2119174625 0.9489796234375 0.22221900468750003 0.9338624734375 0.22810560156249998 0.899848890625 0.23840714531249999 0.9263039
2 0.21953125 0.5859375 0.03984375 0.134375
2 0.12421875 0.53671875 0.03671875 0.1015625
3 0.70078125 0.8015625 0.021875 0.0640625
3 0.54375 0.8015625 0.01953125 0.0453125
3 0.409375 0.8296875 0.01796875 0.0640625
3 0.25546875 0.8296875 0.03046875 0.06328125
1 0.03185525 0.27028795781250003 0.1006625890625 0.2604712046875 0.1643730890625 0.3259162296875 0.16819571875 0.3095549734375 0.160550459375 0.188481675 0.15417940937500002 0.0019633515625 0.1057594296875 0 0.09174311874999999 0.23102094218749997 0.07517838906249999 0.0019633515625 0.025484200000000002 0 0.022935779687499998 0.2604712046875 0.03185525 0.27028795781250003
1 0.17329255937500002 0 0.166921509375 0.42081151875 0.1592762484375 0.4502617796875 0.16564729843749998 0.44698952812500004 0.2879714578125 0.443717278125 0.29434250781250004 0 0.2560669328125 0 0.22680937812500002 0.3651832453125 0.21151885781250002 0.11321989531250001 0.2089704390625 0 0.17329255937500002 0
1 0.33038520937500004 0.3650797515625 0.3796854515625 0.353741890625 0.435608115625 0.39720369375 0.4334006421875 0.30083186875 0.42898569531249997 0.185563609375 0.4334006421875 0.0041578249999999995 0.38925117187499997 0.0079371125 0.388515346875 0.12887430312499998 0.3855720484375 0.1742257484375 0.3760063296875 0.2705975734375 0.3708555578125 0.33106616718750004 0.36496896093750003 0.340514384375 0.35981818906249996 0.278156146875 0.3524599453125 0.20446004687500002 0.34142257656249997 0.10241929375 0.3421584015625 0.041950696875 0.3377434546875 0.0041578249999999995 0.29580145625 0 0.30389552656249996 0.11942608437499999 0.303159703125 0.2687079296875 0.30757465 0.37452796875 0.33038520937500004 0.3650797515625
1 0.4596422953125 0.3836268453125 0.5699193765625 0.3812470265625 0.5736261703125 0.007615421875 0.5013437125 0.0123750609375 0.5013437125 0.1028081859375 0.49763691874999993 0 0.4559355015625 0.0028557828125 0.46149569062499995 0.15516420625 0.4494486140625 0.24797715468749998 0.45500880312499997 0.3717277484375 0.4596422953125 0.3836268453125
1 0.57455286875 0 0.572699471875 0.128986196875 0.6097673984374999 0.44074250312499996 0.63756834375 0.4240837703125 0.6653692890625 0.4264635890625 0.6940969328125 0.4169443109375 0.7052173109375001 0.431223228125 0.702437215625 0.3050928140625 0.6885367437500001 0.007615421875 0.65054211875 0.0028557828125 0.661662496875 0.1837220359375 0.6523955140625 0.3027129953125 0.65054211875 0.3812470265625 0.6134741921875 0 0.57455286875 0
1 0.6959503296875 0 0.708924103125 0.11232746406250001 0.706144009375 0.3288910046875 0.7274580671875001 0.3479295578125 0.7561857109375001 0.32175154687499996 0.7876934484375 0.3122322703125 0.8219812796875001 0.34316991875 0.8210545828125 0 0.7812065609375 0 0.77749976875 0.062351262500000004 0.7663793906249999 0.288434078125 0.7552590125 0.1837220359375 0.75155221875 0.1242265578125 0.7413585390625 0 0.6959503296875 0