4 0.3328125 0.80703125 0.2984375 0.19375
1 0.640625 0.87265625 0.4 0.1859375
3 0.27109375 0.76484375 0.03125 0.025
2 0.35 0.8203125 0.0625 0.0359375
4 0.4640625 0.625 0.2921875 0.1859375
3 0.390625 0.59765625 0.03125 0.0234375
4 0.38828125 0.5109375 0.3375 0.184375
3 0.31796875 0.51328125 0.028125 0.0265625
4 0.46640625 0.36171875 0.396875 0.2375
3 0.3859375 0.30625 0.034375 0.028125
1 0.790625 0.42734375 0.315625 0.1640625
1 0.69921875 0.5921875 0.3578125 0.171875
1 0.71171875 0.7203125 0.35 0.2265625
0 0.95078125 0.43203125 0.0609375 0.06875
0 0.90625 0.6125 0.0734375 0.0765625
0 0.87890625 0.66875 0.0640625 0.0578125
0 0.903125 0.79453125 0.103125 0.078125
0 0.9125 0.83125 0.0703125 0.05
0 0.8625 0.8953125 0.0609375 0.0546875
0 0.83515625 0.9125 0.0578125 0.0390625