4 0.488120796875 0.5506955625 0.48136723437500006 0.6109688609374999 0.47967889062499997 0.646128271875 0.4729253265625 0.6883195578125 0.4729253265625 0.71745165 0.4560414234375 0.7355336343750001 0.46954854687500003 0.7807386078125 0.486432359375 0.79580691875 0.5489026703125 0.812884359375 0.5691632640625001 0.8269481203125 0.5674749203125 0.8088661281249999 0.5759168265625 0.78576136875 0.6113728875 0.7988205921875 0.6637128578125 0.8420164359375001 0.6856618875 0.8269481203125 0.800472071875 0.7917887015625 0.8089139796874999 0.7586383921875 0.866319165625 0.672246690625 0.826931321875 0.6555156625 0.8257978859374999 0.6672239296875 0.7464437609375 0.65115103125 0.7582624484375 0.6190052953125 0.7515088859375 0.5969050796875 0.7515088859375 0.50247695625 0.7143643875000001 0.4542583234375 0.5539677937499999 0.48238585624999997 0.471236890625 0.4783676265625 0.488120796875 0.5506955625
4 0.3319082875 0.466317078125 0.3102366125 0.46495979062500004 0.21670633593750002 0.46767436250000005 0.2110032875 0.47785399375 0.2075815328125 0.5898297875 0.2138828015625 0.603128265625 0.2087221171875 0.6291909640625 0.1589704515625 0.631537790625 0.144009534375 0.633657184375 0.1226368078125 0.637895946875 0.149410203125 0.6977337234375 0.1562539625 0.7262366640625 0.2201282171875 0.753382309375 0.2429404140625 0.7493104578125 0.2634714421875 0.752025021875 0.2566278078125 0.7601687218750001 0.270315203125 0.7642405625 0.2988305109375 0.7377735609375 0.3455956171875 0.7126638359374999 0.36156418281249997 0.7343803546875 0.366557046875 0.7536156171874999 0.3901944234375 0.7445746265625 0.40538989062499997 0.7485928562499999 0.461106640625 0.7335245328125 0.4740580328125 0.713856396875 0.477620140625 0.6854566203125 0.47752346093750003 0.645568196875 0.44026647656250006 0.6373346640625 0.4334227796875 0.6237618375 0.431141546875 0.5728637640625001 0.44026647656250006 0.5565763625 0.436844659375 0.5491113249999999 0.44026647656250006 0.5240015828125 0.44368829375 0.48396176406249997 0.393501371875 0.47038893593750003 0.3319082875 0.466317078125
3 0.26796875 0.6921875 0.04921875 0.02578125
3 0.503125 0.740625 0.04140625 0.02890625
1 0.542056075 0.12795549374999998 0.5537383171875 0.14186369999999998 0.5443925234375 0.16550765 0.556074765625 0.2044506265625 0.5537383171875 0.2336578578125 0.5 0.47566063906249995 0.5607476640625 0.47844228125 0.7009345796875001 0.45618915156249995 0.7149532703125 0.452016690625 0.724299065625 0.42698191874999997 0.7686915890625 0.42141863749999997 0.78037383125 0.2739916546875 0.7827102796875 0.158553546875 0.7383177562500001 0.058414464062500004 0.7219626171875 0.073713490625 0.65654205625 0.07788595312499999 0.6542056078125 0.0945758 0.626168225 0.1126564671875 0.5911214953124999 0.0987482609375 0.558411215625 0.1029207234375 0.542056075 0.1126564671875 0.542056075 0.12795549374999998
1 0.2266355140625 0.3894297640625 0.245327103125 0.4057719046875 0.24299065468749997 0.4367176640625 0.21962616875 0.46314325468749995 0.224299065625 0.467315715625 0.33644859843749997 0.464534075 0.42757009375 0.47566063906249995 0.40654205625 0.43532684218749995 0.4135514015625 0.38386648125 0.327102803125 0.130737134375 0.296728971875 0.10431154375 0.24299065468749997 0.10013908281249999 0.23130841093750001 0.107093184375 0.2056074765625 0.2308762171875 0.207943925 0.31432545156249997 0.1962616828125 0.3894297640625 0.2266355140625 0.3894297640625
0 0.5700934578125 0.10431154375 0.6378504671874999 0.1196105703125 0.6471962609374999 0.1335187765625 0.6495327109375 0.10431154375 0.623831775 0.08484005624999999 0.6004672890625 0.0820584140625 0.5747663546874999 0.0667593875 0.53037383125 0.05702364375 0.474299065625 0.0653685671875 0.474299065625 0.07788595312499999 0.5350467296875 0.1126564671875 0.556074765625 0.1029207234375 0.5700934578125 0.10431154375
0 0.7219626171875 0.0347705140625 0.6728971968749999 0.0250347703125 0.626168225 0.0347705140625 0.6285046734375 0.050069540625 0.65654205625 0.08066759375 0.7289719625 0.0723226703125 0.7476635515625001 0.07788595312499999 0.7476635515625001 0.0653685671875 0.7219626171875 0.0347705140625
0 0.2733644859375 0.0556328234375 0.3037383171875 0.050069540625 0.33644859843749997 0.059805284375000003 0.3200934578125 0.08066759375 0.32242990625 0.0890125171875 0.359813084375 0.0862308765625 0.3714953265625 0.0931849796875 0.40420560781250003 0.07788595312499999 0.401869159375 0.06397774687499999 0.38084112187499997 0.058414464062500004 0.34345794375 0.059805284375000003 0.3504672890625 0.0292072328125 0.32242990625 0.02364395 0.29205607499999997 0.0278164109375 0.26401869218749996 0.0431154375 0.24065420624999997 0.083449234375 0.25 0.0862308765625 0.2733644859375 0.0556328234375
0 0.33411215 0.0653685671875 0.3200934578125 0.0904033375 0.359813084375 0.0862308765625 0.3714953265625 0.0931849796875 0.401869159375 0.0792767734375 0.40654205625 0.0653685671875 0.3668224296875 0.05702364375 0.33411215 0.0653685671875
0 0.3528037390625 0.0292072328125 0.338785046875 0.019471487500000002 0.2733644859375 0.03337969375 0.24065420624999997 0.073713490625 0.24299065468749997 0.0931849796875 0.2733644859375 0.05702364375 0.3049065421875 0.051460360937500005 0.33644859843749997 0.06119610625000001 0.3528037390625 0.040333796875 0.3528037390625 0.0292072328125