4 0.1910860203125 0.7586383921875 0.199527928125 0.7917887015625 0.3143381125 0.8269481203125 0.3362871421875 0.8420164359375001 0.3886271125 0.7988205921875 0.4240831734375 0.78576136875 0.43252507968750004 0.8088661281249999 0.43083673593749994 0.8269481203125 0.4510973296875 0.812884359375 0.513567640625 0.79580691875 0.530451453125 0.7807386078125 0.5439585765625 0.7355336343750001 0.5270746734375 0.71745165 0.5270746734375 0.6883195578125 0.520321109375 0.646128271875 0.5186327656249999 0.6109688609374999 0.511879203125 0.5506955625 0.528763109375 0.4783676265625 0.44603220625000006 0.48238585624999997 0.2856356125 0.4542583234375 0.2484911140625 0.50247695625 0.2484911140625 0.5969050796875 0.24173755156249999 0.6190052953125 0.2535562390625 0.65115103125 0.1742021140625 0.6672239296875 0.173068678125 0.6555156625 0.133680834375 0.672246690625 0.1910860203125 0.7586383921875
4 0.5259419671875001 0.713856396875 0.538893359375 0.7335245328125 0.594610109375 0.7485928562499999 0.6098055765625 0.7445746265625 0.633442953125 0.7536156171874999 0.6384358171875 0.7343803546875 0.6544043828125 0.7126638359374999 0.7011694890625 0.7377735609375 0.729684796875 0.7642405625 0.7433721921875 0.7601687218750001 0.7365285578125 0.752025021875 0.7570595859375 0.7493104578125 0.7798717828124999 0.753382309375 0.8437460375000001 0.7262366640625 0.850589796875 0.6977337234375 0.8773631921874999 0.637895946875 0.8559904656249999 0.633657184375 0.8410295484375 0.631537790625 0.7912778828125 0.6291909640625 0.7861171984374999 0.603128265625 0.7924184671875001 0.5898297875 0.7889967125 0.47785399375 0.7832936640625 0.46767436250000005 0.6897633875 0.46495979062500004 0.6680917125 0.466317078125 0.606498628125 0.47038893593750003 0.55631170625 0.48396176406249997 0.5597335234374999 0.5240015828125 0.5631553406250001 0.5491113249999999 0.5597335234374999 0.5565763625 0.568858453125 0.5728637640625001 0.5665772203125 0.6237618375 0.5597335234374999 0.6373346640625 0.5224765390624999 0.645568196875 0.522379859375 0.6854566203125 0.5259419671875001 0.713856396875
3 0.73203125 0.6921875 0.04921875 0.02578125
3 0.496875 0.740625 0.04140625 0.02890625
1 0.23130841093750001 0.42141863749999997 0.275700934375 0.42698191874999997 0.2850467296875 0.452016690625 0.2990654203125 0.45618915156249995 0.43925233593749996 0.47844228125 0.5 0.47566063906249995 0.4462616828125 0.2336578578125 0.443925234375 0.2044506265625 0.45560747656249995 0.16550765 0.4462616828125 0.14186369999999998 0.45794392500000003 0.12795549374999998 0.45794392500000003 0.1126564671875 0.44158878437500004 0.1029207234375 0.40887850468750003 0.0987482609375 0.37383177500000003 0.1126564671875 0.3457943921875 0.0945758 0.34345794375 0.07788595312499999 0.2780373828125 0.073713490625 0.26168224375000004 0.058414464062500004 0.2172897203125 0.158553546875 0.21962616875 0.2739916546875 0.23130841093750001 0.42141863749999997
1 0.6635514015624999 0.464534075 0.775700934375 0.467315715625 0.78037383125 0.46314325468749995 0.7570093453125 0.4367176640625 0.754672896875 0.4057719046875 0.7733644859375 0.3894297640625 0.8037383171875 0.3894297640625 0.792056075 0.31432545156249997 0.7943925234375 0.2308762171875 0.7686915890625 0.107093184375 0.7570093453125 0.10013908281249999 0.703271028125 0.10431154375 0.6728971968749999 0.130737134375 0.5864485984375001 0.38386648125 0.59345794375 0.43532684218749995 0.57242990625 0.47566063906249995 0.6635514015624999 0.464534075
0 0.3621495328125 0.1196105703125 0.4299065421875 0.10431154375 0.443925234375 0.1029207234375 0.4649532703125 0.1126564671875 0.525700934375 0.07788595312499999 0.525700934375 0.0653685671875 0.46962616874999996 0.05702364375 0.4252336453125 0.0667593875 0.3995327109375 0.0820584140625 0.37616822499999997 0.08484005624999999 0.3504672890625 0.10431154375 0.3528037390625 0.1335187765625 0.3621495328125 0.1196105703125
0 0.2710280375 0.0723226703125 0.34345794375 0.08066759375 0.3714953265625 0.050069540625 0.37383177500000003 0.0347705140625 0.327102803125 0.0250347703125 0.2780373828125 0.0347705140625 0.2523364484375 0.0653685671875 0.2523364484375 0.07788595312499999 0.2710280375 0.0723226703125
0 0.6285046734375 0.0931849796875 0.640186915625 0.0862308765625 0.67757009375 0.0890125171875 0.6799065421875 0.08066759375 0.6635514015624999 0.059805284375000003 0.6962616828125 0.050069540625 0.7266355140625 0.0556328234375 0.75 0.0862308765625 0.75934579375 0.083449234375 0.7359813078124999 0.0431154375 0.707943925 0.0278164109375 0.67757009375 0.02364395 0.6495327109375 0.0292072328125 0.65654205625 0.059805284375000003 0.619158878125 0.058414464062500004 0.598130840625 0.06397774687499999 0.5957943921875 0.07788595312499999 0.6285046734375 0.0931849796875
0 0.6285046734375 0.0931849796875 0.640186915625 0.0862308765625 0.6799065421875 0.0904033375 0.6658878500000001 0.0653685671875 0.6331775703125 0.05702364375 0.59345794375 0.0653685671875 0.598130840625 0.0792767734375 0.6285046734375 0.0931849796875
0 0.6635514015624999 0.06119610625000001 0.6950934578125 0.051460360937500005 0.7266355140625 0.05702364375 0.7570093453125 0.0931849796875 0.75934579375 0.073713490625 0.7266355140625 0.03337969375 0.661214953125 0.019471487500000002 0.6471962609374999 0.0292072328125 0.6471962609374999 0.040333796875 0.6635514015624999 0.06119610625000001