4 0 0.8098132437500001 0.014376449999999999 0.873634303125 0.035749021874999995 0.952772415625 0.0844586078125 0.998723578125 0.10235192500000001 0.9974471578124999 0.11179562031250001 0.941284625 0.122730425 0.9170326234375 0.1291919015625 0.913203359375 0.14112077812499998 0.9374553609375 0.1490733640625 0.9936178953124999 0.15503780312499998 0.9795772625 0.18038666875 0.9349025203125001 0.19827998593750001 0.9042684109374999 0.2067296078125 0.8047075609375 0.216173303125 0.7000410234375 0.1749192671875 0.6643012296874999 0.1759133390625 0.434545415625 0.17392519374999998 0.40518772968750005 0.168457790625 0.355407303125 0.1639844625 0.357960146875 0.15354669375000002 0.3413666703125 0.138138559375 0.34391951249999997 0.13465930312500002 0.3885942546875 0.120742278125 0.3362609875 0.06905047343750001 0.3834885703125 0.05115715625 0.4281633109375 0.0382342046875 0.46900878749999997 0.028790510937500003 0.5009193187500001 0.0367430953125 0.5009193187500001 0.0422104984375 0.5111306890625 0.0417134625 0.55963469375 0.03773716875 0.604309434375 0.032766803125 0.7574799765625 0.011891265625 0.6770654421875 0 0.696211759375 0 0.8098132437500001
2 0.14921875 0.5671875 0.034375 0.0890625
3 0.09609375 0.8265625 0.02421875 0.07421875
1 0.0432045703125 0.3069032984375 0.0432045703125 0.3643422515625 0.0417134625 0.411569834375 0.0417134625 0.43837468125 0.0814763890625 0.3694479375 0.120742278125 0.3388138265625 0.134162265625 0.3949763609375 0.134162265625 0.34647235625 0.161996315625 0.3503016171875 0.16945186406249999 0.3503016171875 0.17342815625000002 0.0005622140625 0.1351563390625 0.0018386359375 0.12322746250000001 0.130757175 0.12322746250000001 0.200960340625 0.117760059375 0.2277651859375 0.0943993390625 0 0.0402223515625 0.0005622140625 0.035749021874999995 0.0669361171875 0.039228278125 0.2035131828125 0.0432045703125 0.3069032984375
4 0.2641754796875 0.3442936734375 0.2362141484375 0.31972830625 0.2163468875 0.31972830625 0.19795127343750002 0.32728687968750003 0.1942721515625 0.3877554734375 0.190593028125 0.434996565625 0.1935363265625 0.5030237359374999 0.1957438 0.5804991234375 0.1935363265625 0.665533084375 0.22076183437500002 0.710884528125 0.20457369375 0.8261527875000001 0.19795127343750002 0.8904006703125 0.18764973125 0.9263039 0.19721545000000001 0.9319728296875001 0.21266776406250001 0.8129252859375 0.2332708515625 0.888511028125 0.2332708515625 0.9395314062500001 0.27962779531250004 0.865835303125 0.31126825 0.7089948875000001 0.2891935140625 0.6617537953125 0.277420321875 0.654195221875 0.267854603125 0.6579745109374999 0.28109944375 0.508692665625 0.28183526875 0.4444447828125 0.2693262515625 0.38397618906250003 0.2641754796875 0.3442936734375
2 0.225 0.6203125 0.02421875 0.10078125
4 0.390737296875 0.6201816359375 0.3900014734375 0.586168053125 0.3944164203125 0.47089979375 0.39220894687499996 0.44633442656250005 0.3671909140625 0.431217278125 0.3296638625 0.433106921875 0.30170253125 0.417989771875 0.295080109375 0.42932763281249997 0.306117478125 0.5578233984375001 0.2987592328125 0.6598641515625 0.3127398984375 0.7052156 0.30023088124999997 0.788359915625 0.2914009875 0.8356010078124999 0.273005375 0.882842096875 0.2663829546875 0.888511028125 0.28330691875 0.9111867515625001 0.30096670625 0.9300831859375001 0.30906077656250003 0.9338624734375 0.31715484531250004 0.8904006703125 0.3178906703125 0.860166375 0.32009814375 0.8582767296875 0.324513090625 0.865835303125 0.3407012296875 0.9187453250000001 0.35100277343749997 0.979213921875 0.36424761562499997 0.9489796234375 0.38264322812499996 0.92063496875 0.4047179640625 0.899848890625 0.41428368281249994 0.8280424312499999 0.4069254375 0.7335602546875 0.39662389375 0.7089948875000001 0.387794 0.7033259562499999 0.390737296875 0.6201816359375
2 0.32890625 0.69375 0.03125 0.096875
4 0.43267929531249993 0.61451270625 0.43488676875000004 0.7014363109375 0.41575533125 0.70710524375 0.40398213906249997 0.7014363109375 0.412076209375 0.811035640625 0.41869862968750005 0.86205601875 0.43488676875000004 0.8866213843749999 0.449603259375 0.903628175 0.459904803125 0.9319728296875001 0.47535711718749996 0.8790628093749999 0.48345118749999993 0.8733938796875 0.4900736078125 0.8507181578124999 0.50331845 0.8715042359374999 0.5092050453125 0.8790628093749999 0.508469221875 0.9244142562500001 0.5327514296875 0.8941799578125 0.5349589046875 0.7751324109375 0.5371663765625 0.7052156 0.5386380265625 0.62962985625 0.5467320953125 0.38586583281250003 0.50331845 0.38586583281250003 0.426056875 0.3764176125 0.4341509453125 0.5162512375 0.43267929531249993 0.588057696875 0.43267929531249993 0.61451270625
2 0.50234375 0.67109375 0.025 0.0875
4 0.6784446843749999 0.75056704375 0.694632825 0.5540441125 0.698311946875 0.3764176125 0.6335593890625 0.353741890625 0.6306160921874999 0.419879415625 0.6291444421875 0.34996260156250003 0.5621844109375 0.39720369375 0.57027848125 0.572940546875 0.573221778125 0.68820880625 0.5518828671875 0.6806502328125 0.5379022015625 0.7486773999999999 0.5577694640625 0.9357521171875 0.5805800234375 0.9735449890625001 0.604126409375 1 0.610748828125 0.943310690625 0.6195787234375 0.9055178187499999 0.6254653203125 0.9319728296875001 0.6335593890625 0.9395314062500001 0.6365026874999999 0.9452003343750001 0.6468042296875 1 0.66519984375 0.9924414265625 0.670350615625 0.979213921875 0.679180509375 0.98299320625 0.69536865 0.979213921875 0.7284807515625 0.786470275 0.6784446843749999 0.75056704375
2 0.63125 0.6015625 0.0390625 0.0984375
4 0.8285528875000001 0.5786094796875 0.8285528875000001 0.44255513906250005 0.794704959375 0.42932763281249997 0.7674794515625 0.4406654953125 0.7145000859375 0.453893 0.709349315625 0.453893 0.7240658046874999 0.6201816359375 0.7248016296875 0.665533084375 0.72259415625 0.7146638171874999 0.7122926125 0.7146638171874999 0.7100851390625 0.7354498984375 0.727009103125 0.7656841937500001 0.7284807515625 0.7978081359375 0.716707559375 0.8771731671874999 0.7115567875 0.9092971078125001 0.7395181203125001 0.94142105 0.7505554875 0.9603174843750001 0.7534987859375 0.9697657015625 0.7615928546874999 0.9263039 0.7718943984375 0.899848890625 0.7777809953125 0.9338624734375 0.7880825375 0.9489796234375 0.7939691343749999 0.9811035625000001 0.80059155625 0.958427840625 0.813100571875 0.9376417625 0.8351753078125 0.9225246125 0.8403260796875 0.903628175 0.8270812375000001 0.8261527875000001 0.8211946421875 0.7278913218749999 0.8285528875000001 0.5786094796875
2 0.78046875 0.5859375 0.03984375 0.134375
2 0.87578125 0.53671875 0.03671875 0.1015625
3 0.29921875 0.8015625 0.021875 0.0640625
3 0.45625 0.8015625 0.01953125 0.0453125
3 0.590625 0.8296875 0.01796875 0.0640625
3 0.74453125 0.8296875 0.03046875 0.06328125
1 0.9681447500000001 0.27028795781250003 0.9770642203125 0.2604712046875 0.9745158 0 0.9248216109375 0.0019633515625 0.90825688125 0.23102094218749997 0.8942405703125 0 0.845820590625 0.0019633515625 0.839449540625 0.188481675 0.8318042812499999 0.3095549734375 0.8356269109375001 0.3259162296875 0.8993374109375001 0.2604712046875 0.9681447500000001 0.27028795781250003
1 0.7056574921875 0 0.7120285421875 0.443717278125 0.8343527015625 0.44698952812500004 0.8407237515625001 0.4502617796875 0.8330784906250001 0.42081151875 0.826707440625 0 0.7910295609375 0 0.7884811421875 0.11321989531250001 0.773190621875 0.3651832453125 0.7439330671875 0 0.7056574921875 0
1 0.6291444421875 0.33106616718750004 0.6239936703125 0.2705975734375 0.6144279515625 0.1742257484375 0.611484653125 0.12887430312499998 0.610748828125 0.0079371125 0.5665993578124999 0.0041578249999999995 0.5710143046875 0.185563609375 0.5665993578124999 0.30083186875 0.564391884375 0.39720369375 0.6203145484375 0.353741890625 0.6696147906250001 0.3650797515625 0.6924253499999999 0.37452796875 0.696840296875 0.2687079296875 0.6961044734375 0.11942608437499999 0.70419854375 0 0.6622565453125 0.0041578249999999995 0.6578415984375 0.041950696875 0.6585774234375 0.10241929375 0.6475400546875 0.20446004687500002 0.6401818109375 0.278156146875 0.6350310390625 0.340514384375 0.6291444421875 0.33106616718750004
1 0.5449911968750001 0.3717277484375 0.5505513859375 0.24797715468749998 0.538504309375 0.15516420625 0.5440644984375 0.0028557828125 0.5023630812500001 0 0.49865628749999996 0.1028081859375 0.49865628749999996 0.0123750609375 0.42637382968750004 0.007615421875 0.4300806234375 0.3812470265625 0.5403577046875 0.3836268453125 0.5449911968750001 0.3717277484375
1 0.3865258078125 0 0.34945788125 0.3812470265625 0.3476044859375 0.3027129953125 0.338337503125 0.1837220359375 0.34945788125 0.0028557828125 0.31146325625000004 0.007615421875 0.297562784375 0.3050928140625 0.2947826890625 0.431223228125 0.3059030671875 0.4169443109375 0.3346307109375 0.4264635890625 0.36243165624999996 0.4240837703125 0.3902326015625 0.44074250312499996 0.42730052812499997 0.128986196875 0.42544713125 0 0.3865258078125 0
1 0.1789454171875 0 0.1780187203125 0.34316991875 0.2123065515625 0.3122322703125 0.2438142890625 0.32175154687499996 0.2725419328125 0.3479295578125 0.293855990625 0.3288910046875 0.291075896875 0.11232746406250001 0.3040496703125 0 0.25864146093749996 0 0.24844778125000003 0.1242265578125 0.2447409875 0.1837220359375 0.233620609375 0.288434078125 0.22250023125 0.062351262500000004 0.2187934390625 0 0.1789454171875 0