4 0.89140625 0.33125 0.2171875 0.6625
2 0.85078125 0.4328125 0.034375 0.0890625
3 0.90390625 0.1734375 0.02421875 0.07421875
1 0.8953125 0.78046875 0.1375 0.43828125
4 0.75078125 0.3703125 0.1234375 0.61953125
2 0.775 0.3796875 0.02421875 0.10078125
4 0.659375 0.3015625 0.14765625 0.5609375
2 0.67109375 0.30625 0.03125 0.096875
4 0.525 0.34609375 0.14296875 0.55546875
2 0.49765625 0.32890625 0.025 0.0875
4 0.3671875 0.325 0.190625 0.65
2 0.36875 0.3984375 0.0390625 0.0984375
4 0.225 0.29453125 0.13125 0.5515625
2 0.21953125 0.4140625 0.03984375 0.134375
2 0.12421875 0.46328125 0.03671875 0.1015625
3 0.70078125 0.1984375 0.021875 0.0640625
3 0.54375 0.1984375 0.01953125 0.0453125
3 0.409375 0.1703125 0.01796875 0.0640625
3 0.25546875 0.1703125 0.03046875 0.06328125
1 0.0953125 0.83671875 0.1453125 0.32578125
1 0.2265625 0.775 0.13515625 0.45
1 0.365625 0.8015625 0.13984375 0.396875
1 0.51015625 0.80703125 0.1234375 0.3859375
1 0.6390625 0.7796875 0.1328125 0.440625
1 0.75859375 0.82578125 0.1265625 0.3484375