4 0.30390625 0.24765625 0.1359375 0.32421875
3 0.29609375 0.19375 0.01796875 0.02421875
4 0.45625 0.19296875 0.1765625 0.38515625
3 0.44921875 0.11640625 0.021875 0.03359375
4 0.6171875 0.234375 0.2 0.44765625
3 0.6078125 0.1390625 0.0234375 0.0453125
1 0.059375 0.65703125 0.11875 0.37890625
0 0.059375 0.86953125 0.0890625 0.06796875
1 0.3234375 0.53046875 0.175 0.246875
0 0.3234375 0.69609375 0.08046875 0.059375
1 0.48828125 0.60234375 0.121875 0.4515625
0 0.465625 0.83984375 0.13515625 0.0578125
1 0.65546875 0.628125 0.2265625 0.38203125
0 0.609375 0.853125 0.11640625 0.08828125
0 0.71796875 0.83984375 0.11328125 0.0859375