4 0.78515625 0.34921875 0.346875 0.1921875
3 0.840625 0.3515625 0.028125 0.0234375
4 0.803125 0.51015625 0.39375 0.2421875
3 0.89140625 0.5171875 0.0375 0.028125
4 0.74375 0.6640625 0.48125 0.278125
3 0.840625 0.67109375 0.0484375 0.03125
1 0.4203125 0.06328125 0.396875 0.1265625
0 0.20859375 0.02421875 0.0828125 0.0484375
1 0.5 0.31953125 0.2765625 0.2171875
0 0.33515625 0.290625 0.071875 0.090625
1 0.4 0.47109375 0.4703125 0.2
0 0.1671875 0.40625 0.0828125 0.1453125
1 0.3453125 0.6328125 0.4203125 0.2921875
0 0.12890625 0.546875 0.1078125 0.13125
0 0.1234375 0.6578125 0.10625 0.1296875