4 0.6760703312499999 0.1015296453125 0.65066413125 0.119747734375 0.6279322296875 0.1433241046875 0.631498028125 0.1636854859375 0.6537841796875 0.15404061875 0.6729502828125 0.1636854859375 0.6720588171874999 0.194227584375 0.6658186875000001 0.21405313750000002 0.6778532296875001 0.2542401015625 0.69256206875 0.3067510859375 0.6965735828125 0.3662278078125 0.6938992515625 0.40587891249999997 0.7340143234375 0.4101655390625 0.756300475 0.406950590625 0.7545175765625001 0.24352357812499997 0.763877753125 0.24191610312499998 0.7612034203125 0.1320717328125 0.7500603453125 0.13046425781249998 0.732677140625 0.09885051406249999 0.72955709375 0.15082565 0.7206426328125 0.1320717328125 0.6945172562499999 0.08581579218749999 0.6760703312499999 0.1015296453125
3 0.70390625 0.19375 0.01796875 0.02421875
4 0.540982165625 0.013885393749999999 0.5256222015625001 0.008997595312499999 0.5003233625 0.01225613125 0.52110455625 0.038324396875 0.506648071875 0.0931763828125 0.4677963328125 0.18930313125 0.45559867187499997 0.266421765625 0.47592810781250006 0.366350140625 0.4958057171875 0.3701517453125 0.5527280703125 0.385358253125 0.600163340625 0.2126559515625 0.603325678125 0.17735516875 0.61642685625 0.180613715625 0.6322386125 0.174639725 0.6200409515625 0.0600479546875 0.6119092109375 0.051901620312499994 0.5902245015625 0.06710811718750001 0.583448034375 0.082314603125 0.5712504078125 0.05516015625 0.5616022546874999 0 0.540982165625 0.013885393749999999
3 0.55078125 0.11640625 0.021875 0.03359375
4 0.34358248593749996 0.010134134375 0.3173635328125 0.0218621765625 0.2893153328125 0.0739053578125 0.2862666203125 0.22563686875000002 0.3015102328125 0.3297232578125 0.28260821875 0.42794555 0.307607659375 0.4492026328125 0.3240706921875 0.378834403125 0.33260709843749997 0.457998696875 0.4015080375 0.4492026328125 0.426507478125 0.4440716375 0.482603784375 0.41919467812500005 0.442360778125 0.168507815625 0.45028745 0.16044479843749998 0.4606530578125 0.12745968593749998 0.4515069171875 0.11866365000000001 0.44967771718750005 0.0842125265625 0.43748286406250003 0.046096390625 0.42467823125 0.03730035625 0.419190584375 0.024839335937500002 0.410654178125 0.0329023515625 0.4082151984375 0.0658874640625 0.390002978125 0.03131748125 0.34358248593749996 0.010134134375
3 0.3921875 0.1390625 0.0234375 0.0453125
1 0.8918873093749999 0.60128609375 0.8810592328125001 0.6996368390625001 0.88827795 0.7488122109375001 0.8997076249999999 0.7936485906249999 0.9003091765625 0.8326996375 0.9418169187500001 0.8464398281250001 0.9604653109375001 0.8421008359375 0.949637234375 0.8008802640624999 0.9508403375000001 0.6707101453125001 0.9736996640625 0.575252053125 0.9755043671875001 0.612856759375 0.9562544000000001 0.6620321328125 0.952645040625 0.7878632859375 0.9676840734375001 0.7936485906249999 0.9995668203125 0.7285635312500001 1 0.474008640625 0.9514418906250001 0.4754549671875 0.8847817625 0.4672534921875 0.8906842046874999 0.4834098390625 0.8918873093749999 0.60128609375
0 0.9407091578125 0.8472762078124999 0.925575028125 0.8469263375 0.8990903250000001 0.835380471875 0.8958888828125 0.8588220859375 0.9084036203125001 0.8707178343749999 0.9226646203125 0.8896110515625001 0.9474030812500001 0.9015067984374999 0.973887784375 0.9036060421875 0.984947340625 0.899757425 0.9834921359375001 0.88926118125 0.9637013578125 0.8619709640625001 0.9569915515625 0.8458507609374999 0.9407091578125 0.8472762078124999
1 0.701057046875 0.407133021875 0.696953240625 0.4098239421875 0.7085184734375 0.42596950937500005 0.6734497640625 0.49234571875000005 0.6499462578124999 0.4910002578125 0.57906270625 0.6031222390625001 0.6048046328125001 0.62734059375 0.6674806281250001 0.537643009375 0.6514385500000001 0.65424986875 0.6939686859374999 0.6470740687500001 0.754104909375 0.4079967203125 0.701057046875 0.407133021875
0 0.641334446875 0.6948705734375 0.655803784375 0.702507071875 0.6635678109375001 0.7029313171875 0.684036646875 0.7160831515625 0.707328753125 0.722022653125 0.721445184375 0.7215984078125001 0.7179160765625 0.7071738359374999 0.7055642 0.7012343359375001 0.6949768749999999 0.686385534375 0.6865070109375 0.6647486609375 0.6579212437499999 0.6681426734375 0.6504716921875 0.6626108562499999 0.641334446875 0.6948705734375
1 0.4799939609375 0.56013575625 0.45288812656250005 0.7642798640625 0.464182203125 0.7805725328124999 0.46463399531249994 0.8158733140625 0.5107139593750001 0.8207611234375 0.5369163140625 0.8088131828125 0.52426689375 0.7827448968749999 0.5310433609375 0.7713400359375 0.5278810234375 0.74527175 0.54278923125 0.6274963125 0.5572457156249999 0.5693857906249999 0.5649256968749999 0.5134476125 0.5744127453125001 0.45696637500000004 0.560408053125 0.387734465625 0.47744705625000006 0.3692196 0.48180102500000005 0.4460870671875 0.4799939609375 0.56013575625
0 0.46199319687499996 0.849672846875 0.47795463906249996 0.8540337609374999 0.5037105453125 0.8583946734375001 0.5040732984375 0.8531616078125 0.5229368 0.861883434375 0.55449685 0.8666803984375001 0.5780762046875 0.864063890625 0.59294933125 0.8570864031250001 0.596939678125 0.8448758328125001 0.591135534375 0.8361540062499999 0.5548596031249999 0.8243795531250001 0.5356333765625 0.8086802546875 0.5167698749999999 0.81827426875 0.46883160156250003 0.813487115625 0.46199319687499996 0.849672846875
1 0.3307778984375 0.4581104640625 0.307607659375 0.4485814375 0.29297382656250004 0.4507804390625 0.27834003906250004 0.5629298171875 0.284437465625 0.5761238843750001 0.2643159390625 0.601778971875 0.2441944125 0.7447144609375 0.2472431265625 0.757175509375 0.236267740625 0.760840521875 0.23078009375000003 0.8004226687499999 0.2423651671875 0.81874773125 0.285047153125 0.8062866546875 0.297242053125 0.7916266046875 0.36492347812500003 0.5394737593750001 0.3673624578125 0.5709928609375 0.352728625 0.6662831875 0.3484603984375 0.760840521875 0.339314259375 0.7725685515625 0.33260709843749997 0.8062866546875 0.3557773390625 0.815815709375 0.3923618984375 0.8128836890625 0.3832157578125 0.8004226687499999 0.410654178125 0.7835635890625 0.4094346640625 0.7087973828125 0.43809259687499996 0.6025119640625001 0.45760434375000003 0.48303254687499997 0.45327435156250007 0.43697957656249997 0.3307778984375 0.4581104640625
0 0.33662522968749997 0.8048465703125001 0.3255524734375 0.8420067609374999 0.3550798109375 0.8597548937499999 0.3661525671875 0.8614188 0.3827616828125 0.8858224921875 0.4118276296875 0.8930326953125001 0.4335117828125 0.8930326953125001 0.441816325 0.8852678718749999 0.4330504265625 0.86862898125 0.4067526265625 0.8464437953124999 0.3919352640625 0.818430446875 0.33662522968749997 0.8048465703125001
0 0.258032878125 0.8088146500000001 0.2302859484375 0.79736898125 0.22538947031249998 0.8268007015625001 0.24715174062499998 0.8480569421874999 0.24905593124999997 0.842824665625 0.266737778125 0.8712753062499999 0.3129826046875 0.8830479890625 0.32549590781250004 0.8810858781249999 0.33882530312500003 0.8738914687499999 0.33474487656249996 0.8595026234375001 0.3176070796875 0.8444597625 0.2911795703125 0.8061195812499999 0.258032878125 0.8088146500000001