4 0.18984375 0.3078125 0.3640625 0.19375
3 0.13125 0.30703125 0.028125 0.021875
4 0.1859375 0.4734375 0.371875 0.240625
3 0.07109375 0.48125 0.0390625 0.028125
4 0.23984375 0.63984375 0.46875 0.2734375
3 0.11953125 0.646875 0.0515625 0.03125
1 0.59140625 0.0390625 0.4109375 0.078125
1 0.49375 0.2859375 0.2890625 0.221875
0 0.66953125 0.26171875 0.075 0.09375
1 0.59375 0.45078125 0.4984375 0.196875
0 0.84296875 0.390625 0.08125 0.1515625
1 0.64609375 0.625 0.4390625 0.2984375
0 0.878125 0.54140625 0.1109375 0.1375
0 0.88125 0.65859375 0.1078125 0.1328125