4 0.24993965468749998 0.13046425781249998 0.2387965796875 0.1320717328125 0.236122246875 0.24191610312499998 0.2454824234375 0.24352357812499997 0.24369952499999997 0.406950590625 0.2659856765625 0.4101655390625 0.3061007484375 0.40587891249999997 0.30342641718749996 0.3662278078125 0.30743793125 0.3067510859375 0.3221467703125 0.2542401015625 0.3341813125 0.21405313750000002 0.3279411828125 0.194227584375 0.32704971718750003 0.1636854859375 0.3462158203125 0.15404061875 0.368501971875 0.1636854859375 0.3720677703125 0.1433241046875 0.34933586875 0.119747734375 0.32392966875 0.1015296453125 0.30548274375 0.08581579218749999 0.2793573671875 0.1320717328125 0.27044290625 0.15082565 0.267322859375 0.09885051406249999 0.24993965468749998 0.13046425781249998
3 0.29609375 0.19375 0.01796875 0.02421875
4 0.3880907890625 0.051901620312499994 0.3799590484375 0.0600479546875 0.3677613875 0.174639725 0.38357314374999996 0.180613715625 0.396674321875 0.17735516875 0.399836659375 0.2126559515625 0.44727192968749996 0.385358253125 0.5041942828125 0.3701517453125 0.5240718921874999 0.366350140625 0.544401328125 0.266421765625 0.5322036671875 0.18930313125 0.49335192812499995 0.0931763828125 0.47889544375000004 0.038324396875 0.4996766375 0.01225613125 0.4743777984375 0.008997595312499999 0.459017834375 0.013885393749999999 0.43839774531250003 0 0.42874959218750003 0.05516015625 0.41655196562499996 0.082314603125 0.40977549843750005 0.06710811718750001 0.3880907890625 0.051901620312499994
3 0.44921875 0.11640625 0.021875 0.03359375
4 0.5753217687500001 0.03730035625 0.5625171359375 0.046096390625 0.5503222828125 0.0842125265625 0.5484930828125 0.11866365000000001 0.5393469421875 0.12745968593749998 0.54971255 0.16044479843749998 0.5576392218749999 0.168507815625 0.517396215625 0.41919467812500005 0.573492521875 0.4440716375 0.5984919625 0.4492026328125 0.6673929015625 0.457998696875 0.6759293078125 0.378834403125 0.692392340625 0.4492026328125 0.71739178125 0.42794555 0.6984897671875 0.3297232578125 0.7137333796875 0.22563686875000002 0.7106846671875 0.0739053578125 0.6826364671875 0.0218621765625 0.6564175140625 0.010134134375 0.609997021875 0.03131748125 0.5917848015625 0.0658874640625 0.5893458218750001 0.0329023515625 0.580809415625 0.024839335937500002 0.5753217687500001 0.03730035625
3 0.6078125 0.1390625 0.0234375 0.0453125
1 0.0004331796875 0.7285635312500001 0.0323159265625 0.7936485906249999 0.047354959375 0.7878632859375 0.0437456 0.6620321328125 0.0244956328125 0.612856759375 0.026300335937500002 0.575252053125 0.0491596625 0.6707101453125001 0.05036276562500001 0.8008802640624999 0.0395346890625 0.8421008359375 0.058183081250000004 0.8464398281250001 0.09969082343749999 0.8326996375 0.10029237499999999 0.7936485906249999 0.11172204999999999 0.7488122109375001 0.11894076718749999 0.6996368390625001 0.108112690625 0.60128609375 0.10931579531249999 0.4834098390625 0.1152182375 0.4672534921875 0.048558109375000005 0.4754549671875 0 0.474008640625 0.0004331796875 0.7285635312500001
0 0.026112215625 0.9036060421875 0.05259691875 0.9015067984374999 0.07733537968750001 0.8896110515625001 0.09159637968749999 0.8707178343749999 0.10411111718749999 0.8588220859375 0.100909675 0.835380471875 0.074424971875 0.8469263375 0.059290842187500005 0.8472762078124999 0.0430084484375 0.8458507609374999 0.0362986421875 0.8619709640625001 0.0165078640625 0.88926118125 0.015052659375 0.899757425 0.026112215625 0.9036060421875
1 0.39519536718750004 0.62734059375 0.42093729375000005 0.6031222390625001 0.35005374218749996 0.4910002578125 0.3265502359375 0.49234571875000005 0.29148152656250004 0.42596950937500005 0.30304675937500003 0.4098239421875 0.29894295312499997 0.407133021875 0.245895090625 0.4079967203125 0.3060313140625 0.6470740687500001 0.34856145 0.65424986875 0.332519371875 0.537643009375 0.39519536718750004 0.62734059375
0 0.29443579999999997 0.7012343359375001 0.2820839234375 0.7071738359374999 0.278554815625 0.7215984078125001 0.292671246875 0.722022653125 0.315963353125 0.7160831515625 0.3364321890625 0.7029313171875 0.34419621562499997 0.702507071875 0.358665553125 0.6948705734375 0.3495283078125 0.6626108562499999 0.34207875625 0.6681426734375 0.3134929890625 0.6647486609375 0.305023125 0.686385534375 0.29443579999999997 0.7012343359375001
1 0.43507430312500006 0.5134476125 0.44275428437500003 0.5693857906249999 0.45721076875 0.6274963125 0.47211897656249996 0.74527175 0.4689566390625 0.7713400359375 0.47573310625 0.7827448968749999 0.4630836859375 0.8088131828125 0.489286040625 0.8207611234375 0.5353660046875001 0.8158733140625 0.535817796875 0.7805725328124999 0.5471118734375 0.7642798640625 0.5200060390625 0.56013575625 0.518198975 0.4460870671875 0.5225529437499999 0.3692196 0.439591946875 0.387734465625 0.42558725468749997 0.45696637500000004 0.43507430312500006 0.5134476125
0 0.40886446562499995 0.8361540062499999 0.40306032187499996 0.8448758328125001 0.40705066875 0.8570864031250001 0.4219237953125 0.864063890625 0.44550314999999996 0.8666803984375001 0.4770632 0.861883434375 0.49592670156249996 0.8531616078125 0.49628945468749996 0.8583946734375001 0.5220453609375 0.8540337609374999 0.538006803125 0.849672846875 0.5311683984375 0.813487115625 0.48323012500000007 0.81827426875 0.4643666234375 0.8086802546875 0.445140396875 0.8243795531250001 0.40886446562499995 0.8361540062499999
1 0.5893458218750001 0.7835635890625 0.6167842421875 0.8004226687499999 0.6076381015625001 0.8128836890625 0.6442226609375 0.815815709375 0.6673929015625 0.8062866546875 0.660685740625 0.7725685515625 0.6515396015625 0.760840521875 0.647271375 0.6662831875 0.6326375421875 0.5709928609375 0.6350765218750001 0.5394737593750001 0.702757946875 0.7916266046875 0.7149528468749999 0.8062866546875 0.7576348328125 0.81874773125 0.76921990625 0.8004226687499999 0.763732259375 0.760840521875 0.7527568734375001 0.757175509375 0.7558055875 0.7447144609375 0.7356840609375 0.601778971875 0.715562534375 0.5761238843750001 0.7216599609375 0.5629298171875 0.7070261734375001 0.4507804390625 0.692392340625 0.4485814375 0.6692221015625 0.4581104640625 0.5467256484374999 0.43697957656249997 0.54239565625 0.48303254687499997 0.561907403125 0.6025119640625001 0.5905653359375 0.7087973828125 0.5893458218750001 0.7835635890625
0 0.5664882171875 0.8930326953125001 0.5881723703125 0.8930326953125001 0.6172383171875 0.8858224921875 0.6338474328125 0.8614188 0.6449201890625 0.8597548937499999 0.6744475265625 0.8420067609374999 0.6633747703124999 0.8048465703125001 0.6080647359375 0.818430446875 0.5932473734375 0.8464437953124999 0.5669495734375001 0.86862898125 0.558183675 0.8852678718749999 0.5664882171875 0.8930326953125001
0 0.6745040921875 0.8810858781249999 0.6870173953125 0.8830479890625 0.733262221875 0.8712753062499999 0.75094406875 0.842824665625 0.752848259375 0.8480569421874999 0.7746105296875 0.8268007015625001 0.7697140515625 0.79736898125 0.7419671218749999 0.8088146500000001 0.7088204296875 0.8061195812499999 0.6823929203125 0.8444597625 0.6652551234375 0.8595026234375001 0.6611746968750001 0.8738914687499999 0.6745040921875 0.8810858781249999