4 0.404024803125 0.2348729484375 0.39695806718750004 0.2280719328125 0.39023604375 0.19468515 0.3885124484375 0.18201051875000002 0.3835140328125 0.20705062187499998 0.346801453125 0.244456190625 0.33115381250000003 0.36191284218750003 0.347183246875 0.37829708906250004 0.358731340625 0.38417069531250003 0.367349315625 0.382315878125 0.36528099375 0.43346399375000005 0.3690729109375 0.5648916359375 0.4178506421875 0.5608728468749999 0.456114446875 0.5546901078124999 0.49317174062499997 0.5345962171875 0.4683519828125 0.44947565312500004 0.4678348984375 0.36539040625 0.49782546875 0.3409685796875 0.47455693437499996 0.2276540125 0.4369825453125 0.2004499546875 0.42799708125 0.1804301171875 0.42832750312499995 0.2119968078125 0.423846146875 0.231163303125 0.4119533515625 0.2518754828125 0.404024803125 0.2348729484375
3 0.4484375 0.28671875 0.0171875 0.03125
2 0.40078125 0.425 0.0171875 0.059375
2 0.8421875 0.5328125 0.02734375 0.06484375
0 0.469905821875 0.9426056171875 0.484702721875 0.9429178359374999 0.49218821874999996 0.9304288390625001 0.49253637499999997 0.908260878125 0.48922883125 0.8895273859374999 0.48505089218749997 0.8651738531250001 0.47791355468749996 0.8620516031250001 0.46799093281250004 0.8639249421875 0.46034755 0.86989448125 0.46294257656250004 0.8929618546875 0.463290746875 0.9216865453124999 0.463290746875 0.9347999937499999 0.469905821875 0.9426056171875
0 0.3615230515625 0.9550946124999999 0.3818905578125 0.9382344625 0.3958170515625 0.9185642968750001 0.393205834375 0.8826584343749999 0.38467585312499997 0.8736039140624999 0.379627496875 0.869857225 0.3676338328125 0.8773054734375 0.3629157078125 0.8945229781249999 0.3627416296875 0.92106209375 0.36047856718750004 0.937297790625 0.3615230515625 0.9550946124999999
0 0.852229134375 0.9322383546875 0.84183275 0.955749203125 0.8420587546875 0.965883190625 0.847708965625 0.9699367859375 0.868049725 0.9675046343749999 0.8773160671875001 0.957776 0.8836443109375001 0.943183065625 0.8836443109375001 0.9488580890625 0.891780609375 0.9456152140625 0.890876571875 0.9298062125 0.8942667 0.9229150796875001 0.890876571875 0.9046739031250001 0.8850274234375 0.9171957140625 0.8822882640625 0.9322383546875 0.8748299765625 0.946831290625 0.8628515406249999 0.9464259374999999 0.852229134375 0.9322383546875
1 0.8622525718749999 0.9103390156250001 0.8853259203125001 0.915432378125 0.8913605046875 0.9046089937499999 0.8927804078125 0.811655484375 0.898814965625 0.8358488875000001 0.8981050265625001 0.8695922578124999 0.9275679015625 0.8651356015625 0.9208233796874999 0.7658153890625 0.9066243953124999 0.66394851875 0.920468409375 0.5951883875 0.9187390140625 0.5696427015625 0.8516033343749999 0.579271690625 0.8562180140625 0.648031821875 0.8544431421875001 0.742895403125 0.8622525718749999 0.9103390156250001
0 0.8920066140625 0.8830174843749999 0.8911025953125 0.900853303125 0.8976568265625 0.9004479484375001 0.9033070375 0.895988984375 0.9103133124999999 0.8919353890625 0.9159635234374999 0.8988265046875 0.9168675437499999 0.9113926421875 0.9292980234374999 0.9138248093750001 0.9304280671875 0.9024747468750001 0.9333661828125001 0.8858549984374999 0.9279762046875 0.8655426859375 0.9130254062500001 0.8761263874999999 0.9021769953125001 0.882612125 0.8920066140625 0.8830174843749999
1 0.712148621875 0.6459307421875 0.71280359375 0.673732371875 0.7283044078125 0.6760818296875 0.739002159375 0.5680078578125001 0.7455518 0.5229770453125 0.7486082875 0.47912093125000005 0.7320158640625001 0.5022236984374999 0.6935913046875 0.5002658375 0.6935913046875 0.54764609375 0.6955562 0.5554775390625 0.6931546671875 0.565266846875 0.6933729859375 0.6314425625 0.69533788125 0.6459307421875 0.703634084375 0.6474970375 0.710838696875 0.641623453125 0.712148621875 0.6279184203125 0.7114936671875001 0.5946347734375 0.7143318359374999 0.582496021875 0.7192708515625 0.506886625 0.7213181296875 0.5116214343750001 0.7171700203125 0.6196953921875 0.712148621875 0.6459307421875
0 0.69602209375 0.6523787203125 0.692419653125 0.663750403125 0.6914109640625 0.683133965625 0.6963102828125 0.6893367296874999 0.7035151609375 0.683909315625 0.7063971125 0.668919353125 0.7104318484375 0.6490189046875 0.7088467765625001 0.6441083984375 0.7040702249999999 0.6622707421875 0.6976071625 0.6601321453125 0.695013403125 0.659873690625 0.6974630671875001 0.650569584375 0.69602209375 0.6523787203125
0 0.73204648125 0.699674628125 0.73204648125 0.6924380796875 0.7272912578125 0.684167759375 0.7259943765625 0.68080794375 0.7187894984375001 0.680032603125 0.7136182828125001 0.68358015625 0.714610678125 0.6994161640625001 0.7170603328125 0.7053604546875001 0.7278676500000001 0.7061358156249999 0.73204648125 0.699674628125
1 0.3956529546875 0.866053971875 0.39390725781249997 0.8457026171875001 0.4014718796875 0.835266028125 0.42474758437500004 0.5738295046874999 0.44656855625 0.7199417375 0.45151463437499995 0.7940415562500001 0.45180557656250003 0.823785796875 0.45995208125 0.8477899421874999 0.4582064078125 0.866053971875 0.4875919796875 0.8561392031249999 0.4870100953125 0.8457026171875001 0.4820639953125 0.8383970375 0.488755746875 0.8263949437500001 0.48497348125000006 0.6990685609375 0.48090020468750005 0.6625405015625 0.4756631859375 0.644798325 0.48002737968750003 0.6291434437500001 0.48468251718750005 0.5654802359375 0.48235493749999997 0.543041571875 0.3703637859375 0.56989466875 0.3720862859375 0.666715134375 0.36539453437499997 0.741858575 0.36510359375 0.86553215 0.3956529546875 0.866053971875
4 0.8560360765624999 0.38445673125 0.854775903125 0.4088668578125 0.848222984375 0.5019869531250001 0.8507433328125 0.5771978812499999 0.8635971203125001 0.5781019281249999 0.8996380765625 0.5731294874999999 0.92106103125 0.5645407515625 0.9071991203125 0.4976389484375 0.9029145359375 0.4235045046875 0.9165244171875001 0.412655565625 0.9250935828125 0.4203402265625 0.9293781843750001 0.383721015625 0.9313944515625 0.3468022859375 0.9187927140625 0.293461640625 0.9100605343750001 0.27004799375 0.8882965140625 0.29314482656249996 0.8777110609375001 0.309418225 0.8666215296875001 0.3433211671875 0.8560360765624999 0.38445673125
1 0.6041341625000001 0.6644206296874999 0.6100718625 0.6639946515624999 0.61149690625 0.6375836109375 0.609834359375 0.5387551359375 0.6167220765625 0.4825251578125 0.5695800703125 0.49874843281250003 0.5706455234375001 0.5792236859375001 0.583708465625 0.6810340390625 0.6031841250000001 0.6712363781249999 0.6041341625000001 0.6644206296874999