4 0.44609375 0.90546875 0.4296875 0.1890625
3 0.53984375 0.96171875 0.0453125 0.034375
4 0.325 0.81328125 0.409375 0.2890625
3 0.41015625 0.815625 0.0515625 0.0390625
3 0.61875 0.8484375 0.025 0.021875
4 0.37890625 0.665625 0.390625 0.1703125
2 0.24765625 0.703125 0.0859375 0.046875
2 0.1375 0.8203125 0.096875 0.0390625
4 0.12734375 0.57421875 0.2546875 0.2546875
3 0.10234375 0.659375 0.04375 0.0234375
4 0.38203125 0.45625 0.4109375 0.2140625
2 0.30703125 0.4765625 0.0765625 0.0453125
4 0.38828125 0.32421875 0.3875 0.246875
2 0.33671875 0.36875 0.0640625 0.0421875
3 0.46640625 0.46796875 0.0375 0.025
4 0.38125 0.12421875 0.35625 0.2484375