4 0.5625 0.265625 0.2640625 0.19375
3 0.6109375 0.23125 0.025 0.021875
4 0.66953125 0.31953125 0.234375 0.140625
3 0.71015625 0.26796875 0.0234375 0.0171875
4 0.7453125 0.6890625 0.253125 0.159375
3 0.78125 0.646875 0.0234375 0.0171875
2 0.72578125 0.65703125 0.040625 0.0296875
0 0.178125 0.34296875 0.0375 0.0359375
0 0.2328125 0.51875 0.0484375 0.065625
1 0.375 0.52890625 0.2640625 0.146875
0 0.284375 0.58046875 0.065625 0.0703125
0 0.38359375 0.58671875 0.0453125 0.065625
0 0.36484375 0.7109375 0.053125 0.084375
0 0.35859375 0.7703125 0.053125 0.0375
0 0.39296875 0.97421875 0.0578125 0.0515625
1 0.3359375 0.33203125 0.2828125 0.146875
4 0.8109843140624999 0.61728495625 0.810437465625 0.6147122390625 0.8019375406249999 0.6084520890625 0.7957391328125001 0.606273959375 0.7916134015625 0.6020418984375 0.7815032453125 0.603384190625 0.7669743171875 0.6075479921875 0.7633508531250001 0.6107382421875001 0.7646234640625 0.6150389640625 0.759792178125 0.61929263125 0.762506209375 0.6219424921875001 0.7630530578125 0.6245152093749999 0.7599366171875 0.6284043765625 0.7602647265625 0.6299480078124999 0.765956109375 0.6314272203125 0.7691623046875 0.636392528125 0.775678715625 0.6350074218749999 0.7907045625 0.6264356703125 0.8078827328125 0.619557590625 0.8109843140624999 0.61728495625
1 0.51484375 0.72265625 0.2734375 0.1296875