4 0.48671875 0.7328125 0.128125 0.29375
4 0.6171875 0.696875 0.1515625 0.2859375
4 0.95625 0.66015625 0.0703125 0.0890625
1 0.94375 0.584375 0.059375 0.0828125
1 0.60390625 0.43828125 0.1234375 0.26875
1 0.48359375 0.4875 0.1171875 0.234375
0 0.53515625 0.41171875 0.0328125 0.103125
0 0.43359375 0.35859375 0.0765625 0.05625
0 0.596875 0.29140625 0.06875 0.0765625
0 0.58515625 0.3203125 0.065625 0.0578125
0 0.95625 0.53515625 0.0140625 0.0203125
0 0.921875 0.5359375 0.025 0.0203125
2 0.94609375 0.64765625 0.009375 0.0125
3 0.94296875 0.6765625 0.0046875 0.00625
2 0.5828125 0.71015625 0.0234375 0.0421875
3 0.57421875 0.75859375 0.009375 0.01875
3 0.4546875 0.78984375 0.009375 0.01875