4 0.56875 0.20390625 0.12265625 0.30625
3 0.60234375 0.1578125 0.0109375 0.02890625
2 0.60546875 0.26953125 0.0296875 0.0421875
4 0.43515625 0.209375 0.1640625 0.31875
2 0.46796875 0.2265625 0.028125 0.046875
3 0.4875 0.1609375 0.01484375 0.028125
1 0.4453125 0.4796875 0.134375 0.22890625
0 0.39296875 0.5703125 0.040625 0.06953125
0 0.48984375 0.6203125 0.0703125 0.0609375
1 0.11484375 0.38515625 0.196875 0.403125
1 0.565625 0.4390625 0.06171875 0.19375
0 0.55625 0.57578125 0.04609375 0.0828125
0 0.15234375 0.534375 0.03984375 0.09609375