4 0.7078125 0.3921875 0.3546875 0.2
1 0.27109375 0.453125 0.35 0.1703125
1 0.27265625 0.64296875 0.378125 0.1078125
1 0.460314734375 0.557397915625 0.442562265625 0.5540649531249999 0.41751725781250004 0.5472462609375001 0.33477265156249997 0.543210725 0.329086903125 0.543069253125 0.32230415 0.544611625 0.3166493078125 0.544116890625 0.308731 0.5423562343749999 0.284226684375 0.5402123859375 0.2660956984375 0.5357784125 0.253241034375 0.5307381671875 0.23762840624999998 0.5300841671875001 0.1943287859375 0.5202445453125 0.14830210625 0.5144379109375 0.1254278453125 0.5099449218750001 0.0561251234375 0.5042376828124999 0.0444445625 0.5074873390625 0.048160285937500005 0.51386381875 0.059577975000000005 0.5244737796875001 0.060620809374999994 0.5288365890625 0.0585271609375 0.5364846375 0.050995014062499996 0.5411651265625 0.044243165625000004 0.5423542390625 0.0431770671875 0.5436848249999999 0.04679243125 0.5457809515625 0.0515047984375 0.5461932296875001 0.058828245312500006 0.5493257 0.06455254218749999 0.5544540484375 0.073668215625 0.5588112125 0.0937150578125 0.563056834375 0.13003119999999999 0.565878121875 0.154852221875 0.5698295015625 0.262487303125 0.5824500312499999 0.31687262031249996 0.5904118109375001 0.320928315625 0.592902425 0.33688855625 0.59501069375 0.340148665625 0.5903124140625 0.34170162187500003 0.577989521875 0.347510996875 0.5767179546875 0.36359486093750004 0.5774131812500001 0.379362021875 0.576300878125 0.4048706234375 0.5778206625 0.41614940312500004 0.5791633921875 0.4272118359375 0.5829789453124999 0.45712374375 0.5884436140625 0.45913231562499995 0.5871954828125 0.4705659609375 0.56505810625 0.47059686718749993 0.564704846875 0.4680166984375 0.56163139375 0.460314734375 0.557397915625
4 0.59140625 0.50078125 0.3640625 0.2
2 0.559375 0.4765625 0.0578125 0.0328125
4 0.66171875 0.64765625 0.2734375 0.16875
2 0.5890625 0.61015625 0.065625 0.0375
2 0.68515625 0.36328125 0.0546875 0.0328125
3 0.7859375 0.340625 0.04375 0.0234375
3 0.684375 0.4546875 0.0296875 0.015625
3 0.71328125 0.59609375 0.034375 0.025
1 0.3671875 0.33046875 0.390625 0.1546875
0 0.07421875 0.625 0.0390625 0.05
0 0.03359375 0.52265625 0.053125 0.0421875
0 0.125 0.4875 0.0625 0.0421875
0 0.08359375 0.37109375 0.0515625 0.065625
0 0.13359375 0.29921875 0.078125 0.053125
0 0.1890625 0.34921875 0.071875 0.05
0 0.22734375 0.26875 0.05 0.059375
1 0.48203125 0.96640625 0.1671875 0.0671875