0 0.115625 0.0421875 0.046875 0.0546875
0 0.09375 0.1515625 0.0546875 0.075
4 0.58828125 0.1609375 0.35625 0.2296875
2 0.52109375 0.16171875 0.05625 0.0328125
3 0.66796875 0.134375 0.028125 0.021875
1 0.27578125 0.115625 0.3375 0.165625
4 0.5390625 0.4234375 0.1921875 0.1484375
4 0.5328125 0.32265625 0.153125 0.0796875
1 0.3515625 0.39375 0.2390625 0.125
1 0.19921875 0.5515625 0.3390625 0.1859375
0 0.0999904703125 0.48857172968749996 0.10119942500000001 0.4816708546875 0.09466450937500001 0.4759881734375 0.0905533421875 0.474127746875 0.08835467031250001 0.4714176359375 0.047187756250000004 0.4679897421875 0.0319906859375 0.4710040703125 0.0212938390625 0.47565546875000003 0.0122143234375 0.4818610859375 0.0024788906249999998 0.49340871875000003 0.002048053125 0.4998628796875 0.005700078125 0.5054627125 0.008775253125 0.5069248078124999 0.018427125 0.50783878125 0.05863262500000001 0.50437044375 0.0920080453125 0.4976233296875 0.0999904703125 0.48857172968749996
0 0 0.57293655625 0.0037871421874999998 0.5711118203125001 0.0073497640625 0.5715492546875 0.00993749375 0.5740360078125 0.0202780796875 0.5693408671875 0.028776253125 0.5619793578125 0.029266243749999997 0.5520981796875 0.0314610203125 0.543058953125 0.0301478359375 0.533137125 0.027016053125 0.5262455296875 0.0130279375 0.5223589843750001 0 0.521531403125 0 0.57293655625
0 0 0.724910459375 0.0165564421875 0.7174617828125001 0.0197955953125 0.717588371875 0.0251413171875 0.6740509609374999 0.01354415625 0.6742537734375 0.0042813421875 0.67311644375 0 0.6697769421875 0 0.724910459375
4 0.521875 0.884375 0.3375 0.1625
1 0.36171875 0.30078125 0.215625 0.109375
1 0.20625 0.7078125 0.3359375 0.15625