1 0.26328125 0.2953125 0.2984375 0.196875
0 0.08125 0.2890625 0.075 0.0703125
0 0.12421875 0.36171875 0.078125 0.103125
4 0.5265625 0.22890625 0.365625 0.2671875
3 0.621875 0.2328125 0.0328125 0.03125
2 0.55703125 0.19296875 0.0453125 0.034375
0 0.153125 0.56796875 0.071875 0.1
0 0.17421875 0.725 0.0703125 0.1078125
0 0.1890625 0.671875 0.0515625 0.08125
0 0.24375 0.890625 0.065625 0.059375
0 0.26328125 0.93359375 0.06875 0.0703125
4 0.62578125 0.59609375 0.3296875 0.1703125
3 0.67890625 0.54375 0.03125 0.021875
1 0.3453125 0.68359375 0.3125 0.1609375