4 0.38828125 0.83984375 0.325 0.215625
4 0.36171875 0.378125 0.353125 0.2109375
4 0.36171875 0.18203125 0.259375 0.18125
1 0.621875 0.1921875 0.3140625 0.178125
1 0.6609375 0.81484375 0.3015625 0.2390625
1 0.6421875 0.3796875 0.275 0.1890625
0 0.825 0.7640625 0.065625 0.0984375
0 0.84140625 0.38359375 0.0953125 0.0859375
0 0.75390625 0.4296875 0.0828125 0.059375
0 0.66640625 0.315625 0.0359375 0.034375
0 0.7859375 0.2265625 0.053125 0.06875
0 0.78203125 0.12890625 0.0609375 0.090625
3 0.2984375 0.79296875 0.025 0.025
2 0.3953125 0.1625 0.034375 0.015625