4 0.7480575375 0.5873967859375 0.7366044375 0.5850369640624999 0.7337667531250001 0.5806724390625 0.72318543125 0.57660231875 0.7063887249999999 0.5757873828125 0.646296115625 0.583438959375 0.6361630171875 0.6062980921875 0.605407290625 0.6090327484375 0.5698550234375 0.617204853125 0.5398616609375 0.617450696875 0.5169625109375 0.628607859375 0.5106412390624999 0.63902293125 0.51959546875 0.6631689640625 0.522990790625 0.69524125625 0.5289979203125 0.7142442484375 0.64928903125 0.6917812078125001 0.6585609234375001 0.6944475765625 0.66500218125 0.70862621875 0.671549328125 0.715644975 0.6772211718750001 0.716435628125 0.688561334375 0.710078534375 0.6983767656250001 0.7086990656250001 0.7364349546875 0.69461755 0.7537716750000001 0.683448246875 0.758455278125 0.6692938859375 0.7658671531250001 0.658725540625 0.773063728125 0.6545385687499999 0.7719695984375 0.6467534421875001 0.7402256328125 0.634543084375 0.7382597265624999 0.6284682578125 0.74698103125 0.6193036625 0.7699895953125 0.6089250125000001 0.7688989921875 0.6090782875 0.755261159375 0.599086615625 0.7480575375 0.5873967859375
4 0.64296875 0.653125 0.271875 0.165625
1 0.39140625 0.71015625 0.2828125 0.1515625
1 0.39453125 0.78359375 0.2859375 0.115625
1 0.40390625 0.96640625 0.2390625 0.0671875
4 0.62421875 0.9390625 0.2515625 0.121875
2 0.5828125 0.95625 0.040625 0.0234375
4 0.62265625 0.759375 0.2109375 0.103125
2 0.5359375 0.7546875 0.0390625 0.0234375
2 0.65703125 0.653125 0.04375 0.01875
3 0.7 0.61328125 0.0296875 0.0203125
0 0.23828125 0.79453125 0.0671875 0.0671875
0 0.23515625 0.70390625 0.0546875 0.0453125
0 0.2359375 0.83046875 0.05 0.040625
0 0.28046875 0.978125 0.0421875 0.04375
1 0.30234375 0.325 0.2546875 0.1453125
1 0.25 0.103125 0.2234375 0.1265625
1 0.3171875 0.2140625 0.2875 0.14375
4 0.55 0.290625 0.30625 0.1953125
2 0.55546875 0.30546875 0.0453125 0.028125
4 0.578125 0.17421875 0.3046875 0.178125
2 0.5390625 0.18359375 0.05 0.034375
4 0.47890625 0.075 0.3046875 0.15
2 0.44296875 0.1140625 0.046875 0.028125
3 0.6109375 0.2625 0.0296875 0.021875
3 0.63671875 0.14765625 0.025 0.025
3 0.53984375 0.0671875 0.03125 0.025
0 0.11796875 0.09453125 0.059375 0.053125
0 0.1265625 0.14296875 0.0375 0.0515625
0 0.13203125 0.20078125 0.053125 0.05625
0 0.15 0.25078125 0.05625 0.046875
0 0.153125 0.3125 0.0515625 0.046875
0 0.184375 0.38828125 0.0484375 0.06875