1 0.496230925 0.5116855421875 0.49760806874999997 0.5349439765625 0.5017395015624999 0.5398404890624999 0.5003623578124999 0.5533058984375 0.5012804531249999 0.5588144734375 0.5012804531249999 0.5747281390625 0.49806711718749996 0.58635735625 0.5008214062499999 0.5967624453125 0.50219855 0.6340983515625 0.5054118859375001 0.6653136187500001 0.5109204625 0.676330771875 0.50954331875 0.69040824375 0.508625221875 0.70020126875 0.513215703125 0.7191752546875 0.5173471359375 0.72468383125 0.5237738078125 0.7173390625 0.5315776234375 0.7142787421875 0.5384633453125 0.7130546140625 0.5402995359375 0.701425396875 0.5370862 0.6347104156250001 0.5370862 0.6249173906250001 0.5389223921874999 0.58146084375 0.543971921875 0.47312550781249996 0.5531528812500001 0.50740109375 0.5637109859375 0.545349065625 0.5595795546875 0.5533058984375 0.5577433625 0.555142090625 0.5577433625 0.5624868578125 0.5471852578124999 0.597374509375 0.5481033531249999 0.6126761093749999 0.5384633453125 0.620020878125 0.5384633453125 0.661641234375 0.5614157468750001 0.667761875 0.580236715625 0.61573643125 0.5829910046875 0.5992107015625 0.5930900609374999 0.5759522671874999 0.5967624453125 0.567995434375 0.6068615015625001 0.5361681046875 0.602271021875 0.5018925171874999 0.5949262531249999 0.445582625 0.5953853015624999 0.44313436875 0.5733509953125 0.4504791375 0.54443096875 0.45170326562499996 0.5228557109375 0.45170326562499996 0.4939356859375 0.45415152187499996 0.49760806874999997 0.456599778125 0.49944426093749994 0.47006518750000004 0.5008214062499999 0.478634084375 0.49944426093749994 0.4963839421875 0.496230925 0.5116855421875
4 0.5191833265625 0.1689296765625 0.51229760625 0.1768008203125 0.5077071265625 0.183533525 0.48613186875 0.199447190625 0.4709832828125 0.2129982875 0.46593375468750003 0.23809291406250002 0.4640975625 0.280937396875 0.4595070828125 0.3035837671875 0.47006518750000004 0.30235963906249996 0.4815413890625 0.305419959375 0.49439473281249996 0.31460092031250003 0.497149021875 0.32439394374999997 0.49164044531249995 0.34642825 0.49072234843749996 0.39661750156250003 0.49164044531249995 0.43456547343749996 0.496230925 0.45353945781249994 0.5155109421875 0.4523153296875 0.540758584375 0.45292739375 0.57381004375 0.449255009375 0.597680540625 0.44191024062500006 0.5930900609374999 0.4186518078125 0.5921719640625 0.37703145312499997 0.5839091 0.33541109687500004 0.5834500515625 0.3170491765625 0.5843681484375 0.310316471875 0.6004348296875001 0.301747575 0.612370078125 0.2913424859375 0.6054843578125 0.27053230781250004 0.5990576859375001 0.2185068640625 0.5921719640625 0.20198113593749997 0.5761052828125 0.19157604687500002 0.5646290828125 0.186679534375 0.556825265625 0.1713779328125 0.5540709781250001 0.181783021875 0.5549890734375 0.19647255937500002 0.5526938343750001 0.206265584375 0.5517757375000001 0.21422241562500002 0.5517757375000001 0.2246275046875 0.5398404890624999 0.206265584375 0.530659528125 0.186679534375 0.523314759375 0.1781106375 0.5191833265625 0.1689296765625
2 0.5546875 0.31796875 0.02421875 0.046875
3 0.5734375 0.24609375 0.01875 0.02578125
4 0.36114735468750003 0.3404075828125 0.3656060953125 0.34243664375 0.371496634375 0.3455782640625 0.3714296015625 0.3534364046875 0.37093357031249996 0.358066034375 0.3684534109375 0.3617036 0.3677093640625 0.37327767500000003 0.3657252375 0.377245928125 0.36398912656250004 0.388820003125 0.364820690625 0.3949278875 0.3701895234375 0.3980792625 0.38916825 0.40016392187500005 0.3912299375 0.40068752500000004 0.39388068125000003 0.400556625 0.40546540625 0.399116715625 0.40988331093749997 0.3988549125 0.41057054062500004 0.3947969859375 0.41036809375 0.3851824359375 0.40937603125 0.37195492343750003 0.40763992031249996 0.3653411671875 0.40788793593749995 0.3593887859375 0.4086319828125 0.35608190781250004 0.40763992031249996 0.3540977796875 0.409458703125 0.351121590625 0.41007966093750003 0.32201610937499997 0.40491174531249996 0.3071401078125 0.40019944374999994 0.3008570390625 0.3966295984375 0.29505053281250004 0.3982153171875 0.3028411671875 0.3985931109375 0.3080097171875 0.39780770625 0.3125912484375 0.3948049578125 0.3182241625 0.391524465625 0.3140311578125 0.38829468125 0.307801484375 0.3844781921875 0.2983355796875 0.38294830156250004 0.292725978125 0.3789323375 0.2957857609375 0.368701428125 0.2992036 0.36305971718749996 0.3052200890625 0.3612609515625 0.3101162984375 0.3619123 0.316949253125 0.360206434375 0.3282993515625 0.3575138625 0.33989762031250004 0.36114735468750003 0.3404075828125
3 0.40625 0.3203125 0.00859375 0.01171875
2 0.4078125 0.39296875 0.01328125 0.01875
4 0.21383209062500003 0.3354665296875 0.2130371453125 0.341296121875 0.21542197812500002 0.355605121875 0.21343461718749998 0.3624946390625 0.2058826453125 0.36196467656250003 0.195945840625 0.364084528125 0.1971382578125 0.3768036375 0.194355953125 0.395882303125 0.190778703125 0.41496096875 0.191176175 0.426090190625 0.1895862859375 0.42979993125 0.2003180359375 0.42768007812500003 0.22376889531250002 0.4282100421875 0.24682228125 0.42768007812500003 0.2519894203125 0.42768007812500003 0.265900946875 0.42979993125 0.2670933640625 0.42874000468749995 0.2666958921875 0.41496096875 0.2674908359375 0.4048916734375 0.26391358593750003 0.390582675 0.262323696875 0.364614490625 0.261528753125 0.35348526874999997 0.26192622499999996 0.34606578906249996 0.2794150015625 0.33758638125 0.273055446875 0.316387865625 0.265900946875 0.28776986718750003 0.2567590875 0.2792904609375 0.2460273375 0.27399083125 0.24245008750000002 0.2681612390625 0.2368854765625 0.2612717203125 0.238475365625 0.27505075625000003 0.241257671875 0.2882998296875 0.23728295 0.2909496453125 0.23410317187500002 0.29995901406250003 0.23092339375 0.3073784953125 0.22217900625000003 0.2973092 0.21542197812500002 0.30525864375 0.214627034375 0.3306968640625 0.21383209062500003 0.3354665296875
2 0.23984375 0.35390625 0.01953125 0.02890625
3 0.25859375 0.30390625 0.0140625 0.01796875
4 0.1081987234375 0.2557424359375 0.10462190625000001 0.2628960703125 0.0961269640625 0.26945356875000004 0.08405520625 0.2760110671875 0.078242878125 0.2831647015625 0.07377185625 0.29806810625 0.0688537328125 0.31356764843749996 0.0643827109375 0.33264400625 0.067959528125 0.3242981 0.08148180000000001 0.3285770125 0.0914186046875 0.33334667812499996 0.09210304531249999 0.346355140625 0.143072690625 0.3499319578125 0.1578270625 0.36006627343750003 0.154697346875 0.3684121796875 0.13994297656250002 0.37437354218749996 0.128765421875 0.36304695468750003 0.10283349687500001 0.370796725 0.0876320234375 0.3725851328125 0.08405520625 0.41848762187500005 0.08360810468749999 0.4292180734375 0.09478565781250001 0.4286219375 0.10283349687500001 0.42742966562499995 0.1153523578125 0.4304103453125 0.147990815625 0.42981420937500003 0.1698988203125 0.4292180734375 0.1698988203125 0.4137185328125 0.1640864921875 0.3797387671875 0.159615471875 0.3582778640625 0.1640864921875 0.3278749171875 0.1645335953125 0.32012514687500004 0.164980696875 0.326086509375 0.173297875 0.3232773828125 0.17767007031249998 0.3195676421875 0.1743698421875 0.305221740625 0.1661433765625 0.285120053125 0.1585914046875 0.281940275 0.144679878125 0.27399083125 0.13860167031249998 0.264684478125 0.13860167031249998 0.27958788437500004 0.139048771875 0.28674151875 0.13323644375000002 0.29270288125 0.12965962656250002 0.30104878749999997 0.117140765625 0.2843569734375 0.11248462968749999 0.270281090625 0.10998713125 0.262299934375 0.1081987234375 0.2557424359375
3 0.1578125 0.3 0.01171875 0.01328125
1 0.37777764375 0.44179039375 0.3793173671875 0.44940476250000005 0.38055744687500004 0.45502645468749997 0.3808054625 0.46494709062500006 0.3800356828125 0.46639975624999996 0.3800356828125 0.4720284921875 0.378857575 0.47503921250000003 0.374552421875 0.508245665625 0.374368984375 0.517539859375 0.37381866874999997 0.52218695625 0.3828071328125 0.5270786375000001 0.38409119999999997 0.525121965625 0.38629245624999997 0.5241436296875001 0.3879433984375 0.5121590109375 0.3910618453125 0.5028648171875 0.3908784078125 0.5214532046875 0.38941090312500004 0.5285461421875 0.4017012515625 0.536862 0.40734316093749995 0.5046296296875 0.40783919218750003 0.4583333328125 0.40948837656250003 0.44571742031249995 0.41056736718750003 0.4249338625 0.40982331875 0.4044312171875 0.4096847265625 0.3993785171875 0.4038709390625 0.39947089999999996 0.3889899859375 0.4011243390625 0.370807171875 0.3976768046875 0.36727284843749997 0.398200409375 0.3698927640625 0.40839947031249996 0.36790863749999997 0.4126984125 0.37139622656250004 0.425951390625 0.37777764375 0.44179039375
0 0.37898299375 0.5522707953125 0.381551125 0.5488466187500001 0.3832020671875 0.54175368125 0.37733205000000003 0.5402861765625 0.3734798515625 0.5383295046875001 0.37237922343749996 0.536862 0.373846728125 0.522431540625 0.371645471875 0.5356390796875 0.37054484374999996 0.5427320171875001 0.3742136046875 0.5498249546875 0.37898299375 0.5522707953125
0 0.397510234375 0.5532491312500001 0.397510234375 0.5495803718750001 0.399344615625 0.5522707953125 0.39989492968749996 0.55422746875 0.41053433593750005 0.5552058046874999 0.41218527812500005 0.55422746875 0.41310246875 0.551047875 0.4103508984375 0.5483574515625 0.4059483859375 0.544199521875 0.3997114921875 0.5456670265625 0.3943917890625 0.5429766015624999 0.39164021718750003 0.5380849203125 0.391089903125 0.5336824078125 0.390906465625 0.5314811515625 0.38962240000000004 0.530502815625 0.3903561515625 0.5422428499999999 0.3901727140625 0.54713453125 0.3901727140625 0.55153704375 0.397510234375 0.5532491312500001
1 0.0917658734375 0.4890873015625 0.09653297968749999 0.4979954234375 0.09697420625 0.5132275125 0.0990979328125 0.5179889015625 0.0984623015625 0.5224867718749999 0.09499007968749999 0.5363756609375 0.09499007968749999 0.5608465609375 0.096230159375 0.5757275125 0.10342261875 0.6170634921875 0.10689484062500001 0.6180555562500001 0.119617553125 0.6179562859375001 0.1271151078125 0.615325565625 0.1269841265625 0.6117724875 0.1289682546875 0.5744047625 0.127976190625 0.552579365625 0.12847222187500001 0.5320767203125001 0.1298773640625 0.5229872703125 0.13204770937500002 0.517199684375 0.1363883984375 0.541928459375 0.13888888906250002 0.558862434375 0.1418650796875 0.571759259375 0.14236111093749998 0.583994709375 0.1470734125 0.603174603125 0.150049603125 0.6111111109375 0.165178571875 0.6147486765625 0.177579365625 0.612103175 0.1783234125 0.610119046875 0.177579365625 0.5803571421875 0.1705219984375 0.5392977375 0.1671678296875 0.5361408734374999 0.16677322187500002 0.5279856390625 0.16480018125 0.52640720625 0.16865079375 0.5145502640624999 0.1681547625 0.49272486718749997 0.16939484062500001 0.4507275125 0.1681547625 0.447089946875 0.1679067453125 0.4388227515625 0.1698908734375 0.43121693125 0.16319444375 0.4295634921875 0.13343253906250002 0.43088624375 0.1103670640625 0.43088624375 0.0984623015625 0.4295634921875 0.0853337296875 0.43095721875 0.0858588609375 0.44110974374999995 0.08606150781250001 0.4513888890625 0.0890096453125 0.461064709375 0.090277778125 0.48247354531250003 0.0917658734375 0.4890873015625
0 0.1230158734375 0.6507936515625 0.12673611093749998 0.6491402109375 0.1269841265625 0.6385582015625 0.1230158734375 0.6332671953125 0.1163164390625 0.63715851875 0.112847221875 0.6362433859375 0.10712665156250001 0.6368084328125 0.10342261875 0.6233465609375 0.09920634843750001 0.6302910046875 0.100299953125 0.640309303125 0.10342261875 0.6488095234375 0.11259920625 0.6511243390625 0.1230158734375 0.6507936515625
0 0.177579365625 0.65608465625 0.18725198437499999 0.64318783125 0.1929563484375 0.6388888890625 0.19717261875 0.6322751328125 0.19866071406250002 0.6253306875 0.19717261875 0.6160714281249999 0.19345238125 0.6124338625 0.1894841265625 0.61276455 0.184771825 0.615079365625 0.1768353171875 0.6230158734375 0.1646284578125 0.6361082578125 0.1644345234375 0.646825396875 0.165674603125 0.6544312171875 0.169146825 0.6574074078125001 0.177579365625 0.65608465625
1 0.21701326562499998 0.560923921875 0.211772075 0.571639246875 0.21107325000000002 0.5814228031249999 0.20932618593750002 0.5888769421875 0.21072383593750002 0.5977287312499999 0.21316972500000003 0.6014558 0.2271462359375 0.6019216843749999 0.23029095000000002 0.6023875671875001 0.23483331562499998 0.6075122875 0.23308625156249999 0.6163640781249999 0.235532140625 0.62335233125 0.2453156984375 0.620091146875 0.2557980796875 0.6224205640625 0.2592922078125 0.6210229140625 0.2599910328125 0.6061146374999999 0.2505568890625 0.5800251515625 0.24811100000000003 0.553469784375 0.2453156984375 0.542754459375 0.247412175 0.5269144156250001 0.243219221875 0.4626224703125 0.2669792875 0.43094238125000006 0.252303953125 0.42768119687499995 0.2421709828125 0.429078846875 0.22679682343750002 0.4286129640625 0.20128969218749998 0.42768119687499995 0.193952025 0.4286129640625 0.1967473265625 0.43047649843749997 0.2040849953125 0.4756672125 0.21421796406250002 0.5078131859374999 0.21666385312499997 0.5436862265625 0.21701326562499998 0.560923921875