4 0.20625 0.41640625 0.3359375 0.140625
3 0.15546875 0.38046875 0.03125 0.0125
2 0.2765625 0.37421875 0.046875 0.034375
4 0.2140625 0.5609375 0.3515625 0.184375
2 0.23359375 0.52578125 0.05 0.0328125
3 0.1609375 0.50546875 0.03125 0.015625
1 0.509375 0.5453125 0.253125 0.1515625
0 0.609375 0.60078125 0.075 0.0453125
0 0.66171875 0.49375 0.0671875 0.078125
1 0.4125 0.89765625 0.44375 0.2046875
1 0.4625 0.41484375 0.2125 0.071875
0 0.61171875 0.421875 0.0921875 0.0515625
0 0.57421875 0.86328125 0.1046875 0.0453125