4 0.74921875 0.27421875 0.3125 0.2078125
3 0.81875 0.28125 0.0265625 0.01875
2 0.69765625 0.30625 0.0515625 0.0296875
1 0.45 0.5984375 0.303125 0.109375
4 0.70625 0.6171875 0.2515625 0.15
2 0.63203125 0.621875 0.0515625 0.028125
3 0.759375 0.6015625 0.0234375 0.01875
0 0.2859375 0.25625 0.059375 0.0640625
0 0.31875 0.28828125 0.096875 0.0578125
0 0.36640625 0.3796875 0.034375 0.04375
0 0.4265625 0.09921875 0.028125 0.028125
0 0.42109375 0.14765625 0.0328125 0.0453125
0 0.26171875 0.43515625 0.0484375 0.046875
0 0.24453125 0.52734375 0.053125 0.08125
0 0.31484375 0.5625 0.05 0.0546875
0 0.28125 0.6171875 0.034375 0.03125
0 0.34765625 0.7046875 0.0828125 0.034375
1 0.4625 0.28515625 0.328125 0.1546875
1 0.44375 0.46328125 0.3546875 0.1921875