4 0.37265625 0.48046875 0.2171875 0.1171875
3 0.33203125 0.45390625 0.0140625 0.009375
1 0.5484375 0.44375 0.215625 0.16875
2 0.4078125 0.44140625 0.0296875 0.0171875
0 0.63125 0.4859375 0.0515625 0.0625
0 0.6390625 0.3765625 0.05625 0.065625
4 0.4421875 0.9625 0.125 0.075
1 0.5375 0.95078125 0.1140625 0.071875
3 0.41953125 0.95859375 0.0109375 0.009375
2 0.44609375 0.96640625 0.0171875 0.0125
0 0.5953125 0.95234375 0.0234375 0.01875
0 0.5921875 0.934375 0.028125 0.025
1 0.521875 0.83828125 0.0890625 0.065625
0 0.578125 0.84453125 0.025 0.021875
0 0.5625 0.81171875 0.0453125 0.0234375