4 0.34765625 0.10625 0.309375 0.2125
3 0.30234375 0.16171875 0.028125 0.021875
2 0.340625 0.1296875 0.0453125 0.028125
4 0.41953125 0.21015625 0.1984375 0.13125
2 0.47265625 0.2015625 0.0421875 0.0296875
3 0.38515625 0.25234375 0.01875 0.015625
4 0.64375 0.0828125 0.21875 0.165625
3 0.64765625 0.08984375 0.025 0.0171875
4 0.628125 0.2171875 0.215625 0.159375
3 0.596875 0.25859375 0.021875 0.021875
2 0.67734375 0.21171875 0.0453125 0.034375
4 0.45234375 0.37578125 0.1890625 0.1234375
3 0.415625 0.4078125 0.015625 0.015625
4 0.6453125 0.30078125 0.1859375 0.140625
3 0.63359375 0.3421875 0.021875 0.0171875
4 0.68359375 0.56953125 0.196875 0.1203125
3 0.6671875 0.60078125 0.0234375 0.01875
2 0.74296875 0.5625 0.0375 0.0265625
4 0.7484375 0.63203125 0.2109375 0.140625
2 0.81484375 0.61171875 0.0421875 0.0296875
3 0.72265625 0.6546875 0.025 0.01875
4 0.54140625 0.6671875 0.203125 0.15
3 0.50078125 0.6890625 0.021875 0.01875
2 0.559375 0.65625 0.03125 0.021875
4 0.5375 0.75859375 0.203125 0.121875
4 0.45703125 0.74140625 0.1421875 0.0984375
3 0.4546875 0.75390625 0.0203125 0.01875
4 0.821875 0.840625 0.3203125 0.246875
3 0.8078125 0.85078125 0.034375 0.0234375
2 0.7640625 0.0390625 0.053125 0.0421875
4 0.7546875 0.725 0.1765625 0.1265625
4 0.4859375 0.61171875 0.1 0.0484375
4 0.56328125 0.89453125 0.3421875 0.2109375
4 0.546875 0.828125 0.275 0.146875