4 0.7728174609375 0.25628306875 0.7705853171875 0.26917989375 0.756200396875 0.299603175 0.7581845234375 0.3138227515625 0.765873015625 0.3445767203125 0.77157738125 0.362103175 0.7757936515625 0.36805555624999997 0.7795138890625 0.37599206406249996 0.7983630953125 0.3852513234375 0.843998015625 0.3822751328125 0.8544146828124999 0.38062169375 0.862103175 0.377645503125 0.8705357140625001 0.371362434375 0.872023809375 0.36871693125 0.8727678578125 0.3634259265625 0.872271825 0.3138227515625 0.86904761875 0.309854496875 0.8447420640625 0.29497354531250003 0.8358134921874999 0.2830687828125 0.8358134921874999 0.28108465625 0.8457341265625 0.2708333328125 0.8613591265625 0.2668650796875 0.8702876984374999 0.2605820109375 0.8759920640625 0.2503306875 0.8802083328125001 0.2301587296875 0.8819444437499999 0.22619047656250002 0.8836805562500001 0.22619047656250002 0.8856646828124999 0.22916666718749998 0.89012896875 0.23115079375 0.902777778125 0.2321428578125 0.9139384921874999 0.22850529062499997 0.91865079375 0.22453703749999998 0.9203869046875001 0.2195767203125 0.918898809375 0.20315255781250002 0.918898809375 0.1658950625 0.9201388890625 0.146825396875 0.919394840625 0.125 0.9169146828124999 0.12003968281249999 0.91220238125 0.11474867656250001 0.87177579375 0.08664021093749999 0.8707837296875001 0.08763227500000001 0.8665674609374999 0.10615079375 0.8544146828124999 0.1375661375 0.84697420625 0.146164021875 0.8363095234375001 0.15376984062500001 0.8318452375 0.15972222187500001 0.8298611109375 0.1577380953125 0.82762896875 0.1421957671875 0.824652778125 0.13194444375 0.825396825 0.08068783125 0.8226686515624999 0.0803571421875 0.8164682546875 0.08829365156249999 0.80282738125 0.09358465625 0.784722221875 0.0978835984375 0.7827380953125 0.10019841249999999 0.7827380953125 0.11838624375 0.784226190625 0.11970899531250001 0.780505953125 0.2549603171875 0.7728174609375 0.25628306875
3 0.86796875 0.1796875 0.02421875 0.03203125
2 0.81328125 0.296875 0.0328125 0.059375
2 0.50390625 0.35390625 0.0234375 0.0609375
3 0.496875 0.14921875 0.01953125 0.02890625
0 0.80654761875 0.691137565625 0.8080357140625001 0.7043650796875001 0.810019840625 0.709325396875 0.812748015625 0.7132936515625 0.82490079375 0.7232142859375 0.830853175 0.7255290999999999 0.8363095234375001 0.7242063484375 0.8387896828124999 0.7199074078125001 0.8395337296875001 0.716269840625 0.8395337296875001 0.70667989375 0.8373015875 0.6984126984375 0.8373015875 0.69378306875 0.8266369046875001 0.6709656078124999 0.8234126984374999 0.6676587296875 0.8301091265625 0.684193121875 0.8323412703124999 0.690806878125 0.8318452375 0.6924603171875 0.8298611109375 0.69378306875 0.81299603125 0.69312169375 0.809523809375 0.6888227515625001 0.8060515875 0.6808862437500001 0.8015873015625001 0.6653439156250001 0.800347221875 0.658730159375 0.800347221875 0.6428571421875 0.796130953125 0.6514550265625 0.7951388890625 0.65575396875 0.7948908734375 0.6610449734375 0.797619046875 0.672288359375 0.8010912703124999 0.6825396828125 0.80654761875 0.691137565625
0 0.7522321421875 0.6990740734374999 0.762648809375 0.6924603171875 0.765625 0.6855158734375 0.7772817453124999 0.646825396875 0.777777778125 0.6362433859375 0.7765376984375 0.63128306875 0.775545634375 0.63062169375 0.7740575390625 0.6352513234375 0.76884920625 0.659391534375 0.7646329359374999 0.6679894187500001 0.7576884921875 0.66898148125 0.752480159375 0.6669973546875 0.7420634921875 0.6666666671875 0.7390873015625 0.6772486765625 0.7393353171875 0.6917989421875 0.740575396875 0.6941137562499999 0.7455357140625 0.6977513234375 0.7522321421875 0.6990740734374999
0 0.65947420625 0.8045634921874999 0.67237103125 0.8048941796875001 0.6736111109375 0.803240740625 0.6820436515625 0.8019179890625001 0.6857638890625 0.799603175 0.706597221875 0.7979497359375001 0.721478175 0.7946428578125 0.7289186515625 0.791335978125 0.737103175 0.7853835984375 0.7413194437499999 0.7804232796874999 0.7433035718750001 0.7744709000000001 0.7410714281249999 0.7615740734374999 0.73387896875 0.7513227515625001 0.7299107140625 0.7490079359374999 0.7118055562500001 0.7486772484374999 0.6991567453124999 0.7394179890625 0.690476190625 0.7410714281249999 0.68700396875 0.7450396828125 0.68427579375 0.7576058203125 0.6788194437499999 0.7612433859375 0.658978175 0.7615740734374999 0.6517857140625 0.7609126984375 0.65029761875 0.759589946875 0.6475694437499999 0.7705026453125 0.6475694437499999 0.797288359375 0.6517857140625 0.8015873015625001 0.65947420625 0.8045634921874999
0 0.4764384921875 0.721891534375 0.484623015625 0.7258597890625 0.5039682546875001 0.7321428578125 0.518353175 0.7433862437500001 0.5329861109375 0.7483465609375 0.550347221875 0.7496693125 0.5545634921875 0.7480158734375 0.5582837296875 0.7427248671875 0.5580357140625 0.7331349203124999 0.5548115078125 0.7261904765625 0.54365079375 0.7208994703125 0.5265376984375 0.7073412703125 0.5133928578125 0.6917989421875 0.5091765875 0.6851851859375 0.5089285718750001 0.6822089953125 0.4766865078125 0.6822089953125 0.4764384921875 0.6835317453124999 0.47594246093750003 0.7073412703125 0.474950396875 0.7119709000000001 0.4751984125 0.7199074078125001 0.4764384921875 0.721891534375
0 0.4518849203125 0.778769840625 0.47073412656249997 0.7903439156250001 0.4861111109375 0.79332010625 0.5101686515625 0.7919973546875 0.5193452375 0.7893518515625 0.521825396875 0.7863756609375 0.5238095234375 0.78108465625 0.5223214281249999 0.771164021875 0.5205853171875 0.7668650796875001 0.505704365625 0.7612433859375 0.49007936562500004 0.7496693125 0.4893353171875 0.7457010578125 0.4766865078125 0.7258597890625 0.47271825468750006 0.7265211640625 0.46949404687499996 0.73181216875 0.45362103125 0.74371693125 0.440476190625 0.7476851859375 0.42881944375 0.747023809375 0.4268353171875 0.7486772484374999 0.4270833328125 0.765542328125 0.430803571875 0.7724867718749999 0.44444444375 0.778769840625 0.4518849203125 0.778769840625
1 0.648255915625 0.61487839375 0.64874548125 0.6390489484375 0.6428706156249999 0.6521140578125 0.6458080484375001 0.6684454765625001 0.64140188125 0.6802040671875 0.64140188125 0.689349671875 0.6575578171875 0.6958822390625 0.6497246515625 0.7520623078125 0.654620384375 0.7592481234374999 0.681546921875 0.7612079125 0.694275821875 0.7370374328125 0.706025590625 0.688043178125 0.717775359375 0.6579933296875 0.7207127921875001 0.61879795 0.7305042609375 0.589401396875 0.7378478609375 0.5404071421875 0.7471497625 0.47508146875 0.75694123125 0.4339262875 0.75694123125 0.41955465937499997 0.7471497625 0.43457953437499997 0.73001469375 0.4411121140625 0.7079838921875 0.444378396875 0.6864426546875 0.44503164375 0.6507517765624999 0.4351402734375 0.654620384375 0.500558465625 0.6555995171875 0.5528190046875 0.652662084375 0.5776427562500001 0.648255915625 0.61487839375
1 0.24213955468749998 0.59663011875 0.260632840625 0.633292065625 0.26750175 0.68687489375 0.27120043125 0.7383426140625 0.27120043125 0.73904769375 0.2828247671875 0.7869902015625 0.2907504609375 0.8046161359375 0.32773703125 0.7714794015625001 0.34358841875 0.7601988140625 0.372120925 0.7566736281249999 0.3626100765625 0.5183709828125 0.355741165625 0.44504708906249996 0.33354919843749997 0.45632771562499996 0.3108289015625 0.46549316875 0.279654496875 0.4725435421875 0.2516503625 0.47324858281250004 0.21746453125 0.46875103124999995 0.21836247343749998 0.49792489062499995 0.22364626875 0.5289465437499999 0.23685575937499997 0.5649034375 0.24213955468749998 0.59663011875
1 0.4337283890625 0.679938284375 0.4297312890625 0.6971239390624999 0.43150778125 0.7089761078125 0.428843059375 0.7291248046875001 0.4283989453125 0.745125215625 0.449272640625 0.7457178140625 0.47547581250000004 0.72260614375 0.47636404218750006 0.706013065625 0.4932406703125 0.6911978546875 0.5092290359375 0.67638264375 0.5110055296875 0.6597896109375 0.5038995921875 0.6212700609375 0.51144964375 0.5744539843750001 0.515002628125 0.5323788031250001 0.5118937578125 0.482007084375 0.512782021875 0.42926490624999997 0.5101173 0.41978317499999995 0.49501716250000005 0.43341317031250004 0.4999024921875 0.4766735890625 0.48480235625 0.4867479375 0.476808190625 0.49741488437500003 0.428843059375 0.5057114234375 0.4276493890625 0.5057908249999999 0.43728137343749995 0.549564425 0.4283989453125 0.5922322375 0.4297312890625 0.6200848406249999 0.4337283890625 0.679938284375