1 0.3 0.32890625 0.2421875 0.159375
1 0.32890625 0.0890625 0.3078125 0.1703125
1 0.46640625 0.63671875 0.2375 0.09375
0 0.39296875 0.91328125 0.05 0.05625
0 0.34296875 0.6296875 0.034375 0.04375
0 0.23359375 0.38671875 0.0859375 0.06875
0 0.165625 0.27109375 0.059375 0.0703125
0 0.175 0.0671875 0.046875 0.084375
0 0.2578125 0.153125 0.10625 0.0421875
4 0.60234375 0.0609375 0.3421875 0.121875
3 0.66484375 0.01640625 0.0234375 0.0203125
4 0.5796875 0.2984375 0.35 0.1640625
3 0.63203125 0.28125 0.028125 0.021875
2 0.5703125 0.26875 0.0421875 0.01875
4 0.69921875 0.9375 0.240625 0.1140625
3 0.74140625 0.95703125 0.0203125 0.0171875
4 0.65703125 0.63046875 0.1875 0.115625
3 0.7 0.6359375 0.021875 0.015625
2 0.64453125 0.6109375 0.028125 0.0125
1 0.50859375 0.94375 0.2015625 0.1125
0 0.38046875 0.69609375 0.0625 0.046875
0 0.3953125 0.98046875 0.04375 0.0390625