1 0.5234375 0.65625 0.1453125 0.2921875
2 0.546626984375 0.5952380953125 0.5448908734375 0.59358465625 0.544146825 0.5955687828125 0.54365079375 0.599867725 0.5448908734375 0.6021825390625 0.54637896875 0.5995370375 0.546626984375 0.5952380953125
1 0.71171875 0.7109375 0.16015625 0.36484375
0 0.44296875 0.834375 0.0828125 0.071875
0 0.5796875 0.76796875 0.05625 0.06640625
0 0.64296875 0.909375 0.10625 0.05078125
0 0.79921875 0.84921875 0.04296875 0.1140625
4 0.5296875 0.36875 0.15 0.296875
2 0.47265625 0.428125 0.02734375 0.053125
4 0.7203125 0.38125 0.18671875 0.36015625
2 0.66796875 0.4671875 0.03515625 0.053125
3 0.53671875 0.3046875 0.0265625 0.02265625
3 0.728125 0.28984375 0.028125 0.03359375
4 0.8375 0.40859375 0.0609375 0.13359375
3 0.834375 0.38515625 0.0109375 0.01796875
2 0.81015625 0.43203125 0.009375 0.021875
0 0.8109375 0.59296875 0.02890625 0.0234375
0 0.834375 0.58046875 0.0234375 0.0484375
1 0.8234375 0.52734375 0.040625 0.1078125
0 0.2 0.7609375 0.0828125 0.04921875
0 0.359375 0.71953125 0.08203125 0.06640625
0 0.13046875 0.71640625 0.0734375 0.03828125