4 0.3802083328125 0.387896825 0.3769841265625 0.3928571421875 0.377976190625 0.403769840625 0.3834325390625 0.42526454999999996 0.3980654765625 0.459986771875 0.3980654765625 0.4672619046875 0.38963293593750004 0.47850529062499997 0.3921130953125 0.48776454999999996 0.393105159375 0.48875661406250004 0.406001984375 0.48842592656250006 0.41964285781250005 0.4857804234375 0.428075396875 0.48247354531250003 0.43030753906249997 0.48048941875000006 0.4310515875 0.477513228125 0.424851190625 0.44742063437499996 0.422123015625 0.42757936562500004 0.421626984375 0.4143518515625 0.419394840625 0.4011243390625 0.42137896875 0.397156084375 0.4233630953125 0.40046296249999996 0.42509920625 0.40046296249999996 0.428075396875 0.39451058125 0.42782738125 0.3766534390625 0.42633928593750003 0.36375661406250004 0.4231150796875 0.36044973593749996 0.4203869046875 0.360119046875 0.419146825 0.36276454999999996 0.419146825 0.365740740625 0.4169146828125 0.3673941796875 0.41021825468750006 0.35846560781250003 0.409226190625 0.34821428593750003 0.4072420640625 0.34722222187499996 0.40252976250000005 0.340939153125 0.4012896828125 0.3429232796875 0.4010416671875 0.35482804218749997 0.3983134921875 0.3571428578125 0.3960813484375 0.35681216875 0.3886408734375 0.349867725 0.38368055624999997 0.3419312171875 0.3821924609375 0.337632275 0.375 0.3518518515625 0.375 0.36937830625 0.381200396875 0.3733465609375 0.381200396875 0.3826058203125 0.3802083328125 0.387896825
3 0.41171875 0.3796875 0.00859375 0.0140625
2 0.40859375 0.41328125 0.01484375 0.02421875
4 0.3370105015625 0.327741325 0.33031207500000004 0.31954819375 0.3253999015625 0.311355053125 0.32316709375 0.3131426484375 0.322273971875 0.32088888125000004 0.31836655937499997 0.3240171765625 0.3025628703125 0.335636525 0.30021841562499996 0.343680690625 0.29876709687499997 0.3544062484375 0.298878734375 0.3623014484375 0.30334435000000004 0.387178784375 0.304460753125 0.392392596875 0.30591208124999997 0.3883705171875 0.311717378125 0.38673189375 0.31629463125 0.38926431250000004 0.32321633906249997 0.39209466875 0.326453903125 0.391498803125 0.339292546875 0.43150078281250004 0.3490052640625 0.4206262609375 0.354363996875 0.41556141249999995 0.3538057953125 0.4061765515625 0.35748993125 0.4040910234375 0.3611740671875 0.40498482343750003 0.36195554531249996 0.4118372609375 0.3713333390625 0.410794496875 0.3768037109375 0.410794496875 0.37479419687500004 0.3947481015625 0.374459271875 0.3695728328125 0.374459271875 0.35285936875 0.37278466718750003 0.343623465625 0.3699936578125 0.3364730953125 0.3669793625 0.3334937734375 0.3584946953125 0.327623375 0.356038603125 0.32672957812500003 0.3511264328125 0.3206219671875 0.349451828125 0.3204730015625 0.3491019640625 0.3257094 0.350853909375 0.343829659375 0.346165009375 0.3383179140625 0.3401364265625 0.33280616875 0.3370105015625 0.327741325
3 0.37109375 0.3609375 0.00546875 0.0125
2 0.859375 0.3578125 0.01328125 0.0296875
4 0.8702876984374999 0.403769840625 0.8764880953124999 0.415013228125 0.8710317453125 0.4203042328125 0.8665674609374999 0.428571428125 0.8645833328125001 0.4361772484375 0.8638392859374999 0.446428571875 0.8645833328125001 0.44742063437499996 0.9112103171875001 0.44940476250000005 0.9196428578125 0.44940476250000005 0.924603175 0.446759259375 0.9255952375 0.44444444375 0.9255952375 0.4384920640625 0.9233630953124999 0.42559523749999995 0.919146825 0.4074074078125 0.9139384921874999 0.39417989375 0.9164186515624999 0.390873015625 0.9196428578125 0.3948412703125 0.921875 0.3955026453125 0.9238591265625 0.387896825 0.9265873015625001 0.3416005296875 0.9263392859374999 0.3125 0.924851190625 0.303902115625 0.92137896875 0.29365079375 0.9126984125 0.27678571406249997 0.9072420640625 0.2705026453125 0.9047619046875001 0.2625661375 0.8995535718750001 0.26223545000000004 0.8928571421875 0.2668650796875 0.887152778125 0.2734788359375 0.872271825 0.29596560781250003 0.8675595234375001 0.32374338593749996 0.865079365625 0.3478835984375 0.8645833328125001 0.37830687812499997 0.862847221875 0.4080687828125 0.86532738125 0.4080687828125 0.8702876984374999 0.403769840625
3 0.87109375 0.31796875 0.00625 0.01484375
4 0.1875 0.391203703125 0.1894841265625 0.387896825 0.1924603171875 0.39021164062499997 0.18774801562500001 0.40211640156249995 0.1855158734375 0.42625661406250004 0.181299603125 0.4451058203125 0.1798115078125 0.4500661375 0.17435515937499999 0.45601851875 0.1731150796875 0.459325396875 0.17261904687500002 0.466269840625 0.174851190625 0.47288359843750005 0.1795634921875 0.47883597812499995 0.18576388906250002 0.49371693125 0.1917162703125 0.49933862500000004 0.20486111093749998 0.500661375 0.24751984062500001 0.5003306875 0.25347222187499996 0.502645503125 0.2601686515625 0.502976190625 0.26240079375 0.4990079359375 0.26240079375 0.49338624375 0.2601686515625 0.46660052968750004 0.256200396875 0.4391534390625 0.2549603171875 0.3852513234375 0.25322420625 0.3802910046875 0.25 0.38062169375 0.24404761874999997 0.3581349203125 0.24826388906250002 0.35582010625 0.24925595312499998 0.353174603125 0.24305555625 0.339947090625 0.240575396875 0.31812169375 0.24032738125000003 0.3022486765625 0.2380952375 0.2916666671875 0.23189484062500001 0.2820767203125 0.2177579359375 0.26455026406250004 0.20907738125000003 0.25595238125 0.2008928578125 0.252976190625 0.1981646828125 0.25661375625 0.19444444375 0.26653439218749997 0.1825396828125 0.28141534375 0.178075396875 0.290343915625 0.1741071421875 0.302579365625 0.17361111093749998 0.3121693125 0.17435515937499999 0.33697089999999996 0.181795634375 0.3888888890625 0.18402777812499999 0.39351851875 0.1875 0.391203703125
2 0.25234375 0.40859375 0.01171875 0.03671875
0 0.9667658734375 0.590939153125 0.965773809375 0.5955687828125 0.9709821421875 0.60615079375 0.9707341265625 0.6233465609375 0.96875 0.634920634375 0.9724702375 0.640211640625 0.97470238125 0.640873015625 0.978174603125 0.6385582015625 0.9828869046875001 0.6329365078125 0.9915674609374999 0.6167328046875 0.9928075390625001 0.609788359375 0.9920634921874999 0.5879629625 0.9947916671874999 0.584325396875 0.9960317453125 0.5697751328125 0.994295634375 0.5625 0.9923115078125001 0.5608465609375 0.9806547625 0.5608465609375 0.9734623015625001 0.5625 0.9774305562500001 0.5730820109375 0.9774305562500001 0.5830026453125 0.97197420625 0.590277778125 0.9667658734375 0.590939153125
0 0.859623015625 0.6329365078125 0.8740079359375 0.6316137562499999 0.8764880953124999 0.6332671953125 0.8839285718750001 0.6335978843750001 0.8891369046875001 0.6352513234375 0.893105159375 0.6352513234375 0.8948412703124999 0.6335978843750001 0.8923611109375 0.6160714281249999 0.8888888890625 0.6134259265625001 0.8821924609374999 0.6177248671875 0.872519840625 0.6200396828125 0.8670634921874999 0.6197089953125 0.8583829359375 0.6137566140625 0.849950396875 0.621362434375 0.8325892859374999 0.622354496875 0.8318452375 0.6233465609375 0.8323412703124999 0.6273148140625 0.84424603125 0.6319444437499999 0.859623015625 0.6329365078125
1 0.860119046875 0.5826719578125 0.86259920625 0.5995370375 0.8616071421875 0.6107804234375 0.8633432546875 0.615079365625 0.8680555562500001 0.6170634921875 0.87450396875 0.6170634921875 0.884424603125 0.6147486765625 0.887648809375 0.61276455 0.8886408734375 0.6107804234375 0.8883928578125 0.6015211640625 0.890625 0.596560846875 0.88740079375 0.5803571421875 0.8891369046875001 0.5393518515625 0.89112103125 0.5396825390625 0.903769840625 0.55026455 0.9072420640625 0.5512566140625 0.9337797625 0.5714285718750001 0.9444444437499999 0.5750661375 0.958829365625 0.590939153125 0.9647817453125 0.5925925921874999 0.9667658734375 0.590608465625 0.9729662703124999 0.5790343921875001 0.9739583328125001 0.572089946875 0.9732142859374999 0.5664682546875001 0.9610615078125001 0.5558862437500001 0.9521329359375 0.5499338625 0.940228175 0.5367063484375 0.9298115078125001 0.53141534375 0.9241071421875 0.5264550265625 0.9203869046875001 0.5195105812499999 0.9104662703124999 0.5066137562499999 0.9099702375 0.491071428125 0.9117063484375001 0.48115079375 0.911954365625 0.47255290937499994 0.915674603125 0.46031746093750003 0.9203869046875001 0.450396825 0.9196428578125 0.4480820109375 0.903769840625 0.446759259375 0.8673115078125001 0.446759259375 0.8613591265625 0.4507275125 0.860119046875 0.46461640156249995 0.860119046875 0.49302074687499997 0.8583829359375 0.51851851875 0.858630953125 0.5482804234375 0.860119046875 0.5826719578125
0 0.4293154765625 0.6322751328125 0.430803571875 0.6292989421875 0.430803571875 0.6266534390625 0.4293154765625 0.624338625 0.42534722187499996 0.621693121875 0.41815476250000005 0.61276455 0.41493055625 0.6104497359375001 0.4079861109375 0.61276455 0.4050099203125 0.6164021156249999 0.4007936515625 0.6164021156249999 0.39930555624999997 0.6203703703125 0.3998015875 0.628637565625 0.4154265875 0.6355820109375 0.42410714218749995 0.634920634375 0.4293154765625 0.6322751328125
1 0.3921130953125 0.5505952375 0.3928571421875 0.575396825 0.396329365625 0.590939153125 0.3985615078125 0.5975529093749999 0.40550595312500004 0.610119046875 0.41592261875 0.609457671875 0.41220238125 0.5955687828125 0.4126984125 0.5866402109375 0.4109623015625 0.58101851875 0.40972222187499996 0.559722221875 0.41195436562500004 0.5545634921875 0.419394840625 0.5519179890625 0.42410714218749995 0.5482804234375 0.42782738125 0.54332010625 0.43303571406249997 0.53174603125 0.4327876984375 0.49140211562499997 0.43154761875 0.48214285781250005 0.4298115078125 0.48115079375 0.42385912656249997 0.484126984375 0.40699404687499996 0.48776454999999996 0.393601190625 0.48842592656250006 0.3923611109375 0.4923941796875 0.393105159375 0.49933862500000004 0.390873015625 0.5023148140625 0.389880953125 0.5089285718750001 0.389880953125 0.5274470906250001 0.393601190625 0.5383597890625 0.393601190625 0.54431216875 0.3921130953125 0.5505952375
1 0.3452380953125 0.5615079359374999 0.3420138890625 0.5674603171875 0.337549603125 0.5823412703125 0.33134920625 0.5886243390625 0.322420634375 0.6018518515625 0.3204365078125 0.60681216875 0.3204365078125 0.6111111109375 0.325148809375 0.6203703703125 0.3303571421875 0.6236772484374999 0.3358134921875 0.625 0.3390376984375 0.627645503125 0.34821428593750003 0.610119046875 0.3492063484375 0.609788359375 0.3509424609375 0.615740740625 0.35615079375 0.6266534390625 0.3551587296875 0.6375661375 0.35887896874999997 0.6458333328125 0.36036706406249996 0.653439153125 0.3695436515625 0.6547619046875 0.3804563484375 0.6451719578125 0.38194444375000003 0.6362433859375 0.3769841265625 0.6164021156249999 0.37599206406249996 0.5892857140625 0.3735119046875 0.5760582015625 0.3735119046875 0.571759259375 0.3821924609375 0.5555555562500001 0.38392857187499996 0.5459656078124999 0.3856646828125 0.5168650796875001 0.384424603125 0.5013227515625001 0.38169642812500004 0.4867724875 0.38095238125 0.484788359375 0.3799603171875 0.484788359375 0.37450396874999997 0.48875661406250004 0.3645833328125 0.48776454999999996 0.3611111109375 0.48511904687499996 0.35887896874999997 0.48181216875 0.358630953125 0.4794973546875 0.3541666671875 0.47453703750000004 0.34275793593750004 0.471560846875 0.3360615078125 0.471560846875 0.334325396875 0.4735449734375 0.33506944375000003 0.4897486765625 0.3301091265625 0.4953703703125 0.33705357187499996 0.521825396875 0.343998015625 0.5376984125 0.3479662703125 0.559854496875 0.3452380953125 0.5615079359374999
0 0.37822420625 0.677579365625 0.3918650796875 0.6772486765625 0.3990575390625 0.6739417984375 0.40203372968749995 0.6703042328125 0.4012896828125 0.665674603125 0.3998015875 0.6630290999999999 0.387648809375 0.6550925921874999 0.38194444375000003 0.6474867718749999 0.37400793593750004 0.6514550265625 0.37053571406249997 0.6547619046875 0.3616071421875 0.6544312171875 0.359375 0.6517857140625 0.356894840625 0.6610449734375 0.356894840625 0.66931216875 0.3578869046875 0.671296296875 0.3695436515625 0.6732804234375 0.37822420625 0.677579365625
0 0.325148809375 0.6484788359375 0.32762896874999997 0.6517857140625 0.3355654765625 0.65641534375 0.34424603125000003 0.65641534375 0.3479662703125 0.6541005296875 0.34722222187499996 0.6471560843749999 0.3387896828125 0.6375661375 0.33779761875 0.6292989421875 0.3358134921875 0.628637565625 0.3333333328125 0.6302910046875 0.3301091265625 0.628637565625 0.328869046875 0.6240079359374999 0.3266369046875 0.6236772484374999 0.3239087296875 0.61904761875 0.3199404765625 0.6078042328125 0.318700396875 0.6074735453125 0.3139880953125 0.6114417984375 0.3102678578125 0.6177248671875 0.3105158734375 0.6207010578125 0.3142361109375 0.628306878125 0.3201884921875 0.6329365078125 0.325148809375 0.6484788359375
0 0.2797619046875 0.7612433859375 0.2896825390625 0.7612433859375 0.2953869046875 0.759920634375 0.306795634375 0.7542989421875 0.31200396874999997 0.7503306875 0.31349206406249996 0.747354496875 0.3125 0.7414021156249999 0.3110119046875 0.7394179890625 0.3020833328125 0.7390873015625 0.29588293593750004 0.7367724875 0.2849702375 0.7291666671875 0.283730159375 0.7291666671875 0.2792658734375 0.734788359375 0.2668650796875 0.7450396828125 0.2552083328125 0.7457010578125 0.2519841265625 0.74404761875 0.24925595312499998 0.7447089953125 0.24950396874999997 0.7516534390625 0.252728175 0.7566137562499999 0.2708333328125 0.7582671953125 0.2797619046875 0.7612433859375
1 0.2095734125 0.577711640625 0.21006944375 0.5853174609375 0.2073412703125 0.6021825390625 0.2043650796875 0.608796296875 0.20039682499999997 0.627976190625 0.1810515875 0.6709656078124999 0.1773313484375 0.674603175 0.1793154765625 0.6789021156249999 0.1798115078125 0.6891534390625 0.1832837296875 0.6924603171875 0.193204365625 0.697089946875 0.19866071406250002 0.703373015625 0.20362103125000003 0.7050264546875 0.2068452375 0.6980820109375 0.209325396875 0.6888227515625001 0.2123015875 0.6825396828125 0.215773809375 0.678240740625 0.218998015625 0.66832010625 0.2266865078125 0.6541005296875 0.2299107140625 0.6511243390625 0.2388392859375 0.6609623015625 0.237351190625 0.691137565625 0.24181547656250002 0.715277778125 0.24479166718749998 0.7242063484375 0.2609126984375 0.7414021156249999 0.26612103125000003 0.7423941796875 0.2733134921875 0.7397486765625 0.2829861109375 0.7301587296875 0.2827380953125 0.7251984125 0.28075396874999997 0.7205687828125 0.28075396874999997 0.7103174609375 0.2772817453125 0.702380953125 0.278273809375 0.6739417984375 0.27802579375 0.6392195765625 0.2720734125 0.5916005296875 0.2633928578125 0.5453042328125 0.2584325390625 0.5013227515625001 0.256200396875 0.4990079359375 0.2457837296875 0.497354496875 0.22594246093749998 0.49636243437500005 0.22123015937499999 0.48842592656250006 0.21676587343749998 0.471560846875 0.21378968281250002 0.46494709062500006 0.2123015875 0.46957672031250003 0.209325396875 0.5 0.206597221875 0.5023148140625 0.20039682499999997 0.5023148140625 0.1979166671875 0.5049603171875 0.19866071406250002 0.5257936515625 0.20114087343749998 0.5492724875 0.203373015625 0.5605158734375 0.2095734125 0.577711640625