4 0.3015625 0.2828125 0.44375 0.2890625
4 0.253125 0.4296875 0.253125 0.14375
4 0.26796875 0.51171875 0.20625 0.134375
4 0.3 0.7359375 0.2671875 0.1625
4 0.2265625 0.05859375 0.115625 0.05
1 0.7078125 0.23125 0.5140625 0.2765625
1 0.31796875 0.040625 0.09375 0.0453125
1 0.45859375 0.3953125 0.2234375 0.1171875
1 0.43515625 0.48515625 0.1828125 0.1125
1 0.5078125 0.7 0.2375 0.2140625
0 0.37734375 0.02265625 0.0265625 0.0171875
0 0.359375 0.03203125 0.034375 0.01875
3 0.19609375 0.06328125 0.0109375 0.0109375
2 0.2546875 0.05 0.0234375 0.015625
0 0.61171875 0.6015625 0.0625 0.06875
0 0.6484375 0.74765625 0.065625 0.0859375
0 0.55234375 0.49453125 0.0515625 0.0546875
0 0.5109375 0.4328125 0.0578125 0.053125
0 0.58984375 0.4015625 0.0546875 0.0546875
0 0.5609375 0.3578125 0.0625 0.0609375
3 0.21328125 0.46640625 0.0171875 0.0125
3 0.22734375 0.53125 0.0171875 0.0125
2 0.303125 0.5203125 0.03125 0.0203125
2 0.29765625 0.76328125 0.0359375 0.025