4 0.1921875 0.33046875 0.384375 0.209375
2 0.2125 0.37109375 0.0625 0.028125
3 0.059375 0.38203125 0.021875 0.0171875
4 0.2140625 0.0234375 0.15 0.046875
3 0.18515625 0.01328125 0.0125 0.0109375
2 0.24765625 0.003125 0.025 0.00625
4 0.21953125 0.14765625 0.13125 0.075
2 0.25078125 0.1546875 0.025 0.0125
0 0.73203125 0.36484375 0.1375 0.115625
1 0.5375 0.36953125 0.371875 0.178125
1 0.3546875 0.15625 0.15 0.046875
0 0.4390625 0.17265625 0.0140625 0.01875
0 0.43046875 0.0109375 0.0234375 0.021875
0 0.43359375 0.03125 0.0234375 0.01875
1 0.35234375 0.01796875 0.140625 0.034375