4 0.25078125 0.86796875 0.44375 0.2609375
3 0.33984375 0.896875 0.05 0.040625
4 0.4609375 0.81328125 0.1609375 0.1109375
3 0.45390625 0.81640625 0.0375 0.0328125
4 0.21171875 0.675 0.4046875 0.2703125
3 0.3171875 0.73359375 0.0453125 0.0359375
2 0.04765625 0.634375 0.0953125 0.059375
4 0.33515625 0.5296875 0.4328125 0.265625
2 0.18046875 0.5296875 0.0828125 0.046875
4 0.14375 0.40859375 0.2875 0.2765625
2 0.04609375 0.4484375 0.0453125 0.0359375
4 0.42421875 0.384375 0.35 0.203125
2 0.46328125 0.4296875 0.034375 0.0265625
2 0.31796875 0.3703125 0.0765625 0.0484375
4 0.54453125 0.1109375 0.3796875 0.221875
2 0.42578125 0.09296875 0.078125 0.0390625