0 0.509375 0.65703125 0.0375 0.021875
0 0.578125 0.64375 0.02734375 0.03359375
4 0.54765625 0.57109375 0.08125 0.16328125
4 0.53671875 0.4359375 0.05703125 0.14921875
3 0.534375 0.40859375 0.00625 0.01015625
2 0.52421875 0.48125 0.0140625 0.03046875
4 0.153125 0.41015625 0.08828125 0.25078125
2 0.11953125 0.41328125 0.02265625 0.0359375
3 0.1390625 0.36171875 0.0125 0.01953125
0 0.12890625 0.7578125 0.06640625 0.04296875
0 0.20078125 0.7046875 0.02890625 0.0921875
4 0.1578125 0.63515625 0.0921875 0.2109375