4 0.65390625 0.37890625 0.23125 0.1515625
4 0.684375 0.65625 0.2859375 0.1140625
4 0.69609375 0.72265625 0.26875 0.0734375
3 0.78125 0.71015625 0.0234375 0.0171875
3 0.7453125 0.67265625 0.0265625 0.0171875
3 0.71953125 0.35234375 0.021875 0.0109375
2 0.65078125 0.39375 0.040625 0.0203125
1 0.43671875 0.75390625 0.303125 0.10625
2 0.56484375 0.71640625 0.0671875 0.021875
1 0.3828125 0.65703125 0.35 0.1296875
1 0.45 0.39296875 0.253125 0.1375
0 0.31484375 0.44921875 0.0484375 0.0546875
0 0.32421875 0.36953125 0.053125 0.06875
0 0.2796875 0.5984375 0.10625 0.0546875
0 0.203125 0.70625 0.0578125 0.090625
0 0.2734375 0.80390625 0.06875 0.0765625
0 0.2875 0.67734375 0.0484375 0.1015625