4 0.53671875 0.3078125 0.14921875 0.2921875
2 0.5546875 0.31796875 0.02421875 0.046875
3 0.5734375 0.24609375 0.01875 0.02578125
4 0.3859375 0.34765625 0.059375 0.1078125
3 0.40625 0.3203125 0.00859375 0.01171875
1 0.390625 0.46875 0.0453125 0.13671875
2 0.4078125 0.39296875 0.01328125 0.01875
4 0.22578125 0.34140625 0.10546875 0.1875
2 0.23984375 0.35390625 0.01953125 0.02890625
3 0.25859375 0.30390625 0.0140625 0.01796875
4 0.1234375 0.34453125 0.11328125 0.1734375
3 0.1578125 0.3 0.01171875 0.01328125
1 0.5453125 0.58515625 0.11875 0.26484375
1 0.1328125 0.5234375 0.096875 0.18984375
1 0.23125 0.52421875 0.075 0.190625
0 0.2203125 0.61015625 0.0265625 0.0328125
0 0.246875 0.634375 0.02890625 0.034375
0 0.3765625 0.53671875 0.01640625 0.0296875
0 0.40234375 0.5484375 0.02421875 0.01953125
0 0.11484375 0.6359375 0.03359375 0.034375
0 0.17890625 0.634375 0.04453125 0.0484375
0 0.53359375 0.73203125 0.05234375 0.05625
0 0.559375 0.69921875 0.04140625 0.08125