4 0.17890625 0.4 0.3578125 0.275
2 0.178125 0.43828125 0.0671875 0.0390625
3 0.03046875 0.47734375 0.025 0.0203125
4 0.11328125 0.09453125 0.1578125 0.084375
3 0.08359375 0.09375 0.0140625 0.0125
2 0.1421875 0.06875 0.0265625 0.0171875
4 0.14296875 0.21953125 0.14375 0.0984375
2 0.175 0.2203125 0.0265625 0.0171875
0 0.684375 0.33359375 0.15625 0.1375
1 0.49453125 0.375 0.3984375 0.24375
1 0.2765625 0.2015625 0.1546875 0.075
0 0.36171875 0.2015625 0.0171875 0.0203125
0 0.3234375 0.04375 0.028125 0.028125
0 0.33046875 0.06484375 0.025 0.021875
1 0.24609375 0.0625 0.146875 0.0703125