4 0.76015625 0.2671875 0.17265625 0.28125
3 0.759375 0.20234375 0.01640625 0.02421875
2 0.72578125 0.3140625 0.0234375 0.04765625
1 0.43125 0.52265625 0.0796875 0.28125
4 0.43515625 0.2796875 0.121875 0.22734375
2 0.42421875 0.35 0.021875 0.04765625
3 0.453125 0.23125 0.01640625 0.0203125
0 0.7390625 0.70390625 0.05625 0.0515625
0 0.7125 0.671875 0.04765625 0.08671875
0 0.62890625 0.61953125 0.0390625 0.0296875
0 0.8984375 0.58515625 0.025 0.025
0 0.8515625 0.58671875 0.0390625 0.028125
0 0.56875 0.71328125 0.04140625 0.04296875
0 0.48125 0.721875 0.0734375 0.04375
0 0.45390625 0.65234375 0.0484375 0.04296875
0 0.39921875 0.67890625 0.02734375 0.03125
0 0.3234375 0.609375 0.02734375 0.07734375
1 0.7265625 0.5359375 0.1203125 0.3015625
1 0.5578125 0.5390625 0.15234375 0.32265625