0 0.31171875 0.046875 0.3796875 0.09375
0 0.29921875 0.0859375 0.3796875 0.1625
0 0.80625 0.1140625 0.328125 0.128125
0 0.80625 0.19921875 0.3375 0.146875
0 0.403125 0.1671875 0.428125 0.1671875
0 0.3984375 0.27578125 0.4328125 0.1953125
0 0.80078125 0.35390625 0.35 0.14375
0 0.77265625 0.4328125 0.346875 0.146875
0 0.7453125 0.5109375 0.3109375 0.125
0 0.740625 0.58515625 0.309375 0.134375
0 0.6 0.39609375 0.115625 0.090625
0 0.359375 0.4265625 0.409375 0.1796875
0 0.3484375 0.53203125 0.421875 0.19375
0 0.3453125 0.29296875 0.396875 0.159375
0 0.30390625 0.7625 0.44375 0.1875
0 0.32265625 0.66640625 0.43125 0.18125
0 0.75078125 0.709375 0.365625 0.165625
0 0.73984375 0.8015625 0.3765625 0.1484375
0 0.72734375 0.915625 0.365625 0.1671875
0 0.70390625 0.96328125 0.3578125 0.0734375
0 0.2484375 0.9171875 0.45625 0.165625