4 0.5234375 0.27109375 0.11796875 0.2875
4 0.39296875 0.30234375 0.14140625 0.28046875
4 0.0546875 0.32734375 0.0671875 0.08671875
1 0.0640625 0.403125 0.05625 0.08125
1 0.396875 0.56015625 0.11328125 0.26328125
1 0.51796875 0.515625 0.109375 0.22890625
0 0.4640625 0.58828125 0.0296875 0.1015625
0 0.56328125 0.6453125 0.075 0.05234375
0 0.39921875 0.70703125 0.06640625 0.075
0 0.4109375 0.678125 0.06328125 0.05625
0 0.05 0.4515625 0.0140625 0.0203125
0 0.084375 0.45234375 0.02578125 0.01875
2 0.0640625 0.33984375 0.009375 0.01328125
3 0.06796875 0.3109375 0.0046875 0.00546875
2 0.4265625 0.28984375 0.021875 0.04140625
3 0.4375 0.24296875 0.01015625 0.01953125
3 0.55703125 0.215625 0.01015625 0.01953125