4 0.50234375 0.24453125 0.240625 0.48828125
1 0.50859375 0.67578125 0.165625 0.41484375
0 0.53828125 0.93046875 0.0546875 0.1109375
0 0.48203125 0.92890625 0.06640625 0.10859375
3 0.5671875 0.15625 0.028125 0.03984375
4 0.91015625 0.146875 0.07109375 0.140625
3 0.8984375 0.1125 0.0078125 0.0125
1 0.903125 0.2796875 0.06796875 0.14375
0 0.8796875 0.35234375 0.04140625 0.021875
0 0.909375 0.34921875 0.0265625 0.02109375
0 0.81875 0.375 0.0359375 0.03984375
0 0.740625 0.375 0.040625 0.01875
0 0.396875 0.5640625 0.02578125 0.0328125
0 0.35703125 0.56796875 0.03984375 0.034375
4 0.7796875 0.15546875 0.0515625 0.13984375