1 0.63671875 0.75234375 0.290625 0.178125
0 0.7984375 0.8328125 0.071875 0.0671875
0 0.78984375 0.74765625 0.0734375 0.1
4 0.36953125 0.70546875 0.3546875 0.246875
3 0.284375 0.6640625 0.0328125 0.0296875
2 0.32734375 0.72734375 0.0421875 0.03125
0 0.846875 0.54921875 0.0671875 0.0984375
0 0.890625 0.39765625 0.0625 0.1046875
0 0.85546875 0.440625 0.046875 0.078125
0 0.89453125 0.21875 0.0625 0.0546875
0 0.89296875 0.17265625 0.0640625 0.0671875
4 0.428125 0.3328125 0.325 0.15
3 0.359375 0.35859375 0.028125 0.0203125
1 0.71875 0.36640625 0.3109375 0.140625