0 0.44921875 0.5359375 0.3546875 0.15625
0 0.46484375 0.42734375 0.353125 0.1609375
0 0.46796875 0.3328125 0.3578125 0.209375
0 0.4328125 0.64609375 0.3453125 0.215625
0 0.384375 0.71640625 0.328125 0.24375
0 0.31328125 0.7609375 0.2953125 0.26875
0 0.2359375 0.7890625 0.2125 0.2671875
0 0.1546875 0.796875 0.1828125 0.2609375
0 0.08125 0.73359375 0.1078125 0.1984375
0 0.0390625 0.70390625 0.078125 0.1734375
0 0.17109375 0.55234375 0.20625 0.2765625
0 0.09765625 0.48984375 0.115625 0.221875
0 0.15390625 0.3859375 0.1640625 0.2390625
0 0.44921875 0.22578125 0.3359375 0.253125
0 0.36953125 0.13515625 0.2265625 0.2703125
0 0.2859375 0.11953125 0.16875 0.2390625
0 0.20703125 0.11875 0.1609375 0.2375
0 0.1578125 0.128125 0.1375 0.2234375