4 0.3375 0.2203125 0.328125 0.2453125
4 0.38046875 0.65234375 0.353125 0.24375
4 0.409375 0.83203125 0.2625 0.2046875
1 0.64765625 0.7859375 0.309375 0.2078125
1 0.59296875 0.20390625 0.309375 0.2609375
1 0.63984375 0.60859375 0.2765625 0.2125
0 0.75234375 0.2265625 0.0734375 0.096875
0 0.82265625 0.57578125 0.0984375 0.090625
0 0.7359375 0.54609375 0.084375 0.0640625
0 0.67109375 0.66484375 0.0390625 0.0375
0 0.79453125 0.7296875 0.059375 0.0703125
0 0.80625 0.8203125 0.06875 0.090625
3 0.2609375 0.27734375 0.0265625 0.0265625
2 0.44296875 0.8453125 0.034375 0.01875