4 0.71171875 0.28515625 0.109375 0.20546875
3 0.74921875 0.23125 0.00859375 0.01484375
4 0.6046875 0.2765625 0.08203125 0.1875
3 0.62734375 0.234375 0.01015625 0.0140625
4 0.52421875 0.28515625 0.0984375 0.196875
2 0.5390625 0.29921875 0.015625 0.03515625
4 0.41953125 0.30703125 0.11328125 0.203125
2 0.4546875 0.33984375 0.0140625 0.04140625
4 0.2828125 0.2859375 0.09765625 0.17421875
3 0.30625 0.2390625 0.0109375 0.01328125
2 0.2984375 0.2984375 0.0171875 0.0296875
4 0.1828125 0.29765625 0.125 0.190625
2 0.196875 0.3578125 0.015625 0.03359375
4 0.071875 0.29921875 0.1015625 0.16875
3 0.0921875 0.26875 0.0140625 0.015625
2 0.0703125 0.34609375 0.01640625 0.03203125
1 0.0875 0.4578125 0.0765625 0.16953125
0 0.06640625 0.52265625 0.028125 0.05078125
0 0.12265625 0.55078125 0.03359375 0.0265625
0 0.30234375 0.51796875 0.0265625 0.025
1 0.20703125 0.5171875 0.096875 0.2515625
0 0.22890625 0.6109375 0.0265625 0.0296875
0 0.20390625 0.64375 0.02734375 0.02890625
1 0.42734375 0.4984375 0.084375 0.2140625
0 0.4125 0.5875 0.034375 0.03515625
0 0.453125 0.628125 0.040625 0.03671875
0 0.55234375 0.590625 0.04296875 0.040625
1 0.53203125 0.4765625 0.05703125 0.2046875
0 0.515625 0.56796875 0.03125 0.0359375
1 0.58359375 0.45 0.0875 0.18671875
0 0.5578125 0.5328125 0.0359375 0.0296875
0 0.628125 0.553125 0.046875 0.03203125
0 0.72578125 0.6125 0.03359375 0.03125
1 0.29765625 0.4359375 0.071875 0.14453125
1 0.71953125 0.49140625 0.08671875 0.21171875
0 0.01953125 0.4578125 0.02578125 0.0265625
1 0.01328125 0.40234375 0.0265625 0.08046875