4 0.6642362078125 0.291616909375 0.6482516109375001 0.3157627984375 0.6370925671875 0.3688837015625 0.6696649453125 0.39061499375 0.66845855625 0.443333478125 0.6663473703125 0.4807595796875 0.6600138828125 0.49001551093750007 0.697713359375 0.525831896875 0.72003146875 0.48679604843749996 0.7378256375000001 0.530258634375 0.78457301875 0.501686021875 0.7743187500000001 0.445345634375 0.771302790625 0.395846596875 0.7887953671875 0.38216394375 0.8074943109375001 0.37411531875000004 0.7990496359375 0.330250309375 0.7884937765625 0.2952387890625 0.7682868296875001 0.28437315 0.7375240468750001 0.2859828734375 0.7345080875 0.303689846875 0.7269681859375 0.3185798046875 0.72003146875 0.3246162734375 0.708570834375 0.312140903125 0.7012946421875 0.2861619015625 0.6642362078125 0.291616909375
2 0.70625 0.42109375 0.0265625 0.046875
1 0.7826774015625 0.5106824390625 0.734933340625 0.5324470671875 0.7183671765625 0.49132172656249995 0.697948446875 0.5273064015625 0.6636603562500001 0.49132172656249995 0.656340421875 0.5175391203124999 0.6625045671875001 0.6064726234375 0.69756319375 0.7977053859375001 0.6987189546875 0.8367744328125 0.72067875625 0.8378025499999999 0.7205630359375 0.8210953203125 0.7260723640625 0.8244368296875001 0.7468763765624999 0.839344765625 0.7622867515625 0.8013038359375001 0.7653688375 0.7427002468749999 0.7638277953125 0.68615293125 0.7645983015625 0.6347462796875 0.7792381703125 0.573572378125 0.7826774015625 0.5106824390625
0 0.7258053265625 0.856698359375 0.71508440625 0.86925915625 0.72371345 0.88949598125 0.7380951765625 0.8908916296875 0.750646490625 0.8800754124999999 0.746985703125 0.8647233046875 0.738731890625 0.860519709375 0.7258053265625 0.856698359375
0 0.6944270140625 0.841346290625 0.6923351375 0.8535581703125 0.7041020046875001 0.86088531875 0.7176992656250001 0.8601874671875 0.722059375 0.8435202828125 0.6944270140625 0.841346290625
4 0.078432628125 0.33797177500000003 0.0652433734375 0.392799253125 0.0687943125 0.4428885359375 0.0835054203125 0.5126074453125 0.0880709421875 0.587741434375 0.0703161671875 0.6344462531249999 0.0708234375 0.6737054546875 0.1271314328125 0.696719465625 0.1641628359375 0.6919812578125 0.23670375312499997 0.6676135015625 0.22808002031250002 0.66152155 0.1935850125 0.6655828859375 0.18242488437499998 0.652722109375 0.1621337125 0.5031310812500001 0.1611191296875 0.34000244375 0.17227929687500002 0.271637290625 0.155539065625 0.2567458921875 0.11495672187499999 0.363693328125 0.09613089062499999 0.2783737625 0.078432628125 0.33797177500000003
3 0.07734375 0.390625 0.025 0.0390625
4 0.8836865906250001 0.3152215625 0.870568471875 0.3189458234375 0.8610787578125001 0.31820096875 0.8513099390625 0.3338428671875 0.8479606171875 0.36214724375 0.8627534078125001 0.363636953125 0.8674982546875001 0.3889619234375 0.8697311359375 0.4053486765625 0.866660940625 0.4202457203125 0.8610787578125001 0.451529503125 0.8686146953125 0.45972289375 0.8859194718750001 0.46679896718749997 0.8940136187500001 0.44780524218749995 0.8976420468749999 0.4705232265625 0.9143885921875 0.47089567656250003 0.9425786078125 0.45711589375 0.9316933484375 0.4023692578125 0.9328097890624999 0.37927885156249996 0.9537429703125 0.37406488125 0.9422995015625 0.328256475 0.9342053343750001 0.32192522968750004 0.9127139421875 0.31335942499999997 0.9012704734374999 0.34315351875 0.8973404781250001 0.337406253125 0.8836865906250001 0.3152215625
1 0.89761883125 0.4727371984375 0.8940882218749999 0.44800422968750003 0.8852616765624999 0.47155943437500003 0.8602531296875 0.4546782078125 0.86554904375 0.5594988609375 0.8767293437499999 0.6301644890625 0.8884980718750001 0.6737416109375001 0.9046800718749999 0.6717786765625 0.9120355265625 0.6474383109375 0.91909676875 0.6223127546875 0.9341018921875 0.5818763078125 0.9396920421875 0.526521584375 0.9414407984375 0.46258831406249995 0.89761883125 0.4727371984375
0 0.8799851000000001 0.6919727484375 0.8849320687500001 0.698023590625 0.9043076890625 0.6938980109374999 0.91131589375 0.6911476234375 0.91131589375 0.68152126875 0.90801791875 0.6738202 0.9018342125000001 0.6828964625 0.8906847078125001 0.6807338296875 0.8799851000000001 0.6919727484375
0 0.7748491765625001 0.665905653125 0.7751765203125001 0.6787910921875 0.780905128125 0.687745375 0.7936717437499999 0.687745375 0.7957995171875 0.679883078125 0.7905619265625 0.6669976390625 0.789088853125 0.6715839781249999 0.781559828125 0.6733311625 0.77752918125 0.6679581421874999 0.7748491765625001 0.665905653125