0 0.5859375 0.2390625 0.15703125 0.26015625
0 0.509375 0.21171875 0.1828125 0.23671875
0 0.36171875 0.16484375 0.1953125 0.17265625
0 0.4109375 0.13515625 0.18828125 0.14609375
0 0.24296875 0.109375 0.175 0.15703125
0 0.19765625 0.09296875 0.18359375 0.14140625
0 0.27265625 0.31640625 0.14609375 0.15234375
0 0.309375 0.3390625 0.14375 0.16796875
0 0.58515625 0.521875 0.16875 0.228125
0 0.5359375 0.48515625 0.18046875 0.20625
0 0.44921875 0.38203125 0.17578125 0.14296875
0 0.40625 0.41484375 0.16953125 0.165625
0 0.57421875 0.70546875 0.1375 0.221875
0 0.5703125 0.8671875 0.15625 0.15390625
0 0.49140625 0.84453125 0.06796875 0.115625
0 0.42890625 0.5734375 0.14765625 0.15234375
0 0.42421875 0.50546875 0.07890625 0.0546875
0 0.334375 0.49765625 0.0703125 0.14296875
0 0.28125 0.48125 0.103125 0.1625
0 0.41796875 0.715625 0.1375 0.15
0 0.43125 0.659375 0.1046875 0.09453125
0 0.32578125 0.64296875 0.12578125 0.14609375
0 0.29453125 0.61796875 0.125 0.13046875
0 0.5046875 0.70234375 0.1109375 0.13515625