4 0.345360825 0.263917525 0.3379970546875 0.263917525 0.335051546875 0.2711340203125 0.326215021875 0.27938144375 0.31369661249999997 0.28556701093750003 0.305596465625 0.30309278281249996 0.29749631875000004 0.34020618593749996 0.29749631875000004 0.3494845359375 0.29307805625 0.3608247421875 0.294550809375 0.36597938124999996 0.3019145796875 0.3711340203125 0.31590574375 0.37525773125 0.31958762812499997 0.3835051546875 0.3144329890625 0.49793814375 0.332842415625 0.5010309281249999 0.3630338734375 0.5 0.38659793750000004 0.5051546390625 0.39543446250000003 0.49793814375 0.4027982328125 0.47525773125 0.39911634687499997 0.44742267968749994 0.40206185625 0.4134020625 0.4005891015625 0.3845360828125 0.42047128125000005 0.3721649484375 0.41973490468749997 0.3154639171875 0.41678939687499994 0.3 0.41163475624999996 0.29072165 0.40721649531250004 0.28865979375 0.403534609375 0.278350515625 0.3917525765625 0.2731958765625 0.380706921875 0.2618556703125 0.380706921875 0.26082474218749996 0.374079528125 0.2835051546875 0.3667157578125 0.2927835046875 0.3608247421875 0.29175257656250003 0.345360825 0.263917525
4 0.35546875 0.384375 0.1234375 0.23984375
1 0.33671875 0.625 0.10859375 0.2515625
1 0.26796875 0.63125 0.07265625 0.2609375
1 0.0640625 0.6484375 0.096875 0.2171875
4 0.0765625 0.4390625 0.11796875 0.225
2 0.0828125 0.4796875 0.0171875 0.0359375
4 0.26015625 0.4171875 0.06953125 0.190625
2 0.2765625 0.496875 0.01796875 0.03515625
2 0.35390625 0.37109375 0.0125 0.0390625
3 0.3859375 0.3265625 0.015625 0.02734375
0 0.278125 0.778125 0.05703125 0.0546875
0 0.3625 0.76875 0.03671875 0.04765625
0 0.24453125 0.78515625 0.0328125 0.0421875
0 0.03046875 0.77734375 0.0296875 0.0453125
0 0.09296875 0.76328125 0.0546875 0.03203125
1 0.7046875 0.65703125 0.1046875 0.225
1 0.91796875 0.6765625 0.0921875 0.1984375
1 0.80625 0.62890625 0.1 0.25703125
4 0.70390625 0.4234375 0.14765625 0.26875
2 0.690625 0.4203125 0.02109375 0.0390625
4 0.80859375 0.38203125 0.1296875 0.26875
2 0.80546875 0.41953125 0.02578125 0.04453125
4 0.91875 0.459375 0.115625 0.271875
2 0.88203125 0.49921875 0.01953125 0.040625
3 0.72265625 0.3625 0.01796875 0.025
3 0.82578125 0.32421875 0.01953125 0.02109375
3 0.91328125 0.403125 0.0203125 0.02578125
0 0.94296875 0.7984375 0.04296875 0.05
0 0.896875 0.79609375 0.0453125 0.02890625
0 0.8421875 0.79921875 0.04765625 0.04453125
0 0.79375 0.78828125 0.03828125 0.0484375
0 0.7359375 0.79375 0.03828125 0.04453125
0 0.6625 0.775 0.06015625 0.0375