4 0.54453125 0.32578125 0.1328125 0.184375
4 0.415625 0.34921875 0.125 0.178125
4 0.26484375 0.37890625 0.125 0.2
1 0.2921875 0.55390625 0.11875 0.2171875
1 0.45 0.521875 0.1390625 0.234375
1 0.57421875 0.50546875 0.1375 0.234375
0 0.2921875 0.64453125 0.0390625 0.04375
0 0.3265625 0.66484375 0.0375 0.03125
0 0.4546875 0.6296875 0.0296875 0.040625
0 0.4859375 0.64140625 0.0453125 0.0390625
0 0.58984375 0.61953125 0.0515625 0.0515625
3 0.56328125 0.27109375 0.0140625 0.0140625
2 0.56015625 0.36875 0.0265625 0.034375
3 0.2828125 0.3328125 0.0140625 0.0171875
2 0.28984375 0.42578125 0.021875 0.03125