0 0.85390625 0.9 0.04609375 0.03828125
0 0.75078125 0.90703125 0.06484375 0.04296875
4 0.79921875 0.4546875 0.1765625 0.309375
2 0.78984375 0.515625 0.02421875 0.05
3 0.83203125 0.38515625 0.01796875 0.02421875
1 0.8046875 0.7453125 0.11640625 0.3
4 0.55234375 0.46953125 0.1171875 0.1640625
4 0.64453125 0.48671875 0.05859375 0.13515625
1 0.55859375 0.64453125 0.090625 0.209375
1 0.39765625 0.76640625 0.13515625 0.2984375
0 0.428571428125 0.952711640625 0.440228175 0.9451058203124999 0.446924603125 0.9375 0.45238095312500004 0.928240740625 0.45684523749999995 0.9146825390625001 0.4583333328125 0.8766534390625 0.456101190625 0.874338625 0.4548611109375 0.8703703703125001 0.450396825 0.8637566140624999 0.4439484125 0.8640873015625001 0.434771825 0.8703703703125001 0.424851190625 0.900132275 0.4171626984375 0.9365079359375 0.4169146828125 0.9454365078125001 0.41790674531249994 0.9484126984374999 0.42261904687499996 0.952380953125 0.428571428125 0.952711640625
0 0.365079365625 0.9636243390624999 0.3707837296875 0.9603174609374999 0.3732638890625 0.9570105812499999 0.38740079375 0.9580026453125001 0.3926091265625 0.9616402109375001 0.39955357187499996 0.9619709000000001 0.4010416671875 0.9609788359375001 0.40228174531249994 0.95667989375 0.403273809375 0.9398148140625 0.4012896828125 0.9265873015625001 0.3953373015625 0.9229497359375 0.3864087296875 0.9206349203125 0.37789351875 0.921626984375 0.368799603125 0.9209656078125 0.3611111109375 0.927910053125 0.3556547625 0.936838625 0.3576388890625 0.9394841265625 0.3576388890625 0.9427910046875001 0.3546626984375 0.947420634375 0.3484623015625 0.9484126984374999 0.33407738125 0.947420634375 0.3323412703125 0.950396825 0.33258928593750003 0.9596560843749999 0.33680555624999997 0.9632936515624999 0.33928571406249997 0.9639550265624999 0.365079365625 0.9636243390624999
0 0.193700396875 0.9699074078125 0.197420634375 0.9708994703125 0.2150297625 0.971560846875 0.2321428578125 0.96924603125 0.23933531718749998 0.9669312171875 0.256200396875 0.965277778125 0.2619047625 0.9616402109375001 0.265873015625 0.953042328125 0.2678571421875 0.9444444437499999 0.2673611109375 0.9358465609375 0.2643849203125 0.9308862437500001 0.2643849203125 0.922288359375 0.265873015625 0.9117063484375001 0.22544642812500001 0.9117063484375001 0.2251984125 0.9146825390625001 0.215773809375 0.9302248671875001 0.2142857140625 0.934523809375 0.2147817453125 0.9384920640625 0.2199900796875 0.9454365078125001 0.2197420640625 0.9480820109374999 0.21825396874999997 0.94973545 0.209325396875 0.9517195765625001 0.18427579375 0.953703703125 0.1832837296875 0.958664021875 0.1852678578125 0.962632275 0.19097222187500001 0.965277778125 0.193700396875 0.9699074078125
4 0.1296875 0.43359375 0.11328125 0.29921875
1 0.6453125 0.64609375 0.07890625 0.190625
1 0.25546875 0.74296875 0.1078125 0.2984375