4 0.715625 0.21015625 0.56875 0.4203125
1 0.28046875 0.14609375 0.4859375 0.2921875
2 0.6546875 0.1640625 0.1078125 0.071875
3 0.85859375 0.29609375 0.05 0.0359375
4 0.6234375 0.78671875 0.2875 0.2046875
4 0.6375 0.6203125 0.24375 0.1859375
1 0.41640625 0.59375 0.275 0.1703125
1 0.36796875 0.7390625 0.325 0.1828125
3 0.6984375 0.675 0.025 0.0203125
3 0.6921875 0.81328125 0.028125 0.021875
0 0.26328125 0.5546875 0.0671875 0.053125
0 0.2859375 0.6 0.075 0.0546875
0 0.24921875 0.68125 0.084375 0.053125
0 0.190625 0.72734375 0.0609375 0.0640625