4 0.37890625 0.17734375 0.6265625 0.3546875
1 0.7921875 0.2296875 0.415625 0.353125
2 0.4765625 0.12578125 0.10625 0.075
3 0.24765625 0.1703125 0.0484375 0.0375
4 0.2796875 0.69375 0.2859375 0.2125
4 0.3265625 0.53984375 0.24375 0.1921875
1 0.534375 0.59609375 0.2703125 0.18125
1 0.525 0.74375 0.31875 0.1953125
3 0.25390625 0.5671875 0.0234375 0.0203125
3 0.2078125 0.69296875 0.028125 0.021875
0 0.68515625 0.61640625 0.0671875 0.05625
0 0.64921875 0.64921875 0.075 0.0578125
0 0.65234375 0.73515625 0.084375 0.05625
0 0.68828125 0.796875 0.0609375 0.065625