0 0.615625 0.7578125 0.1765625 0.2890625
0 0.53125 0.7859375 0.2046875 0.2625
0 0.36796875 0.83359375 0.21875 0.19375
0 0.421875 0.8671875 0.209375 0.1625
0 0.23671875 0.8921875 0.1953125 0.175
0 0.18671875 0.91015625 0.2046875 0.159375
0 0.27265625 0.66640625 0.1625 0.1703125
0 0.3140625 0.6421875 0.1609375 0.1875
0 0.6203125 0.44609375 0.1890625 0.253125
0 0.56484375 0.4859375 0.2015625 0.2296875
0 0.46796875 0.596875 0.196875 0.159375
0 0.42109375 0.56015625 0.1890625 0.184375
0 0.61171875 0.24375 0.1546875 0.246875
0 0.609375 0.0765625 0.175 0.153125
0 0.52265625 0.08984375 0.0765625 0.1296875
0 0.45 0.38671875 0.165625 0.1703125
0 0.44375 0.46171875 0.0890625 0.0609375
0 0.34453125 0.46796875 0.08125 0.1578125
0 0.28515625 0.48515625 0.115625 0.1796875
0 0.440625 0.23125 0.153125 0.16875
0 0.45390625 0.29296875 0.1171875 0.1046875
0 0.3375 0.30859375 0.140625 0.1625
0 0.303125 0.3359375 0.140625 0.146875
0 0.53515625 0.24765625 0.125 0.15