4 0.37578125 0.4359375 0.284375 0.184375
2 0.4125 0.39296875 0.05 0.0359375
4 0.4703125 0.7203125 0.315625 0.2046875
2 0.553125 0.68046875 0.06875 0.0453125
3 0.31015625 0.4125 0.028125 0.021875
4 0.43046875 0.5328125 0.2828125 0.190625
3 0.359375 0.50390625 0.025 0.0171875
3 0.4265625 0.68828125 0.025 0.0203125
1 0.6046875 0.37265625 0.2890625 0.1421875
0 0.75 0.35625 0.0859375 0.0734375
0 0.7421875 0.31640625 0.0546875 0.0609375
1 0.74453125 0.64921875 0.3109375 0.1765625
4 0.50859375 0.90234375 0.2359375 0.153125
1 0.71171875 0.83828125 0.2234375 0.14375
0 0.83359375 0.81640625 0.0546875 0.0484375
1 0.6796875 0.4625 0.2984375 0.15625
0 0.92578125 0.56484375 0.078125 0.0875
0 0.859375 0.56015625 0.065625 0.053125
0 0.81875 0.64453125 0.0625 0.046875
0 0.778125 0.51875 0.0703125 0.0625
0 0.765625 0.47109375 0.05 0.046875
0 0.8296875 0.42734375 0.0953125 0.0640625
0 0.83203125 0.38515625 0.0703125 0.071875