4 0.7171875 0.434375 0.3171875 0.1390625
4 0.6890625 0.57734375 0.3078125 0.1640625
4 0.67421875 0.94453125 0.096875 0.075
1 0.5921875 0.9375 0.0890625 0.0640625
1 0.409375 0.5828125 0.290625 0.1328125
1 0.453125 0.44921875 0.253125 0.128125
0 0.37578125 0.51171875 0.1109375 0.034375
0 0.3109375 0.4046875 0.059375 0.0828125
0 0.25078125 0.5859375 0.084375 0.075
0 0.28046875 0.571875 0.0640625 0.0703125
0 0.53984375 0.9546875 0.021875 0.015625
0 0.53828125 0.9171875 0.0234375 0.028125
2 0.66171875 0.93515625 0.0140625 0.0109375
3 0.6921875 0.9296875 0.00625 0.00625
2 0.7015625 0.53984375 0.046875 0.025
3 0.7515625 0.5265625 0.021875 0.0109375
3 0.77734375 0.39609375 0.021875 0.0109375