4 0.12109375 0.646875 0.1453125 0.2203125
4 0.20390625 0.6484375 0.1359375 0.225
4 0.290625 0.6171875 0.1328125 0.1921875
4 0.4109375 0.58046875 0.1109375 0.1609375
4 0.37578125 0.76796875 0.121875 0.178125
4 0.68515625 0.759375 0.175 0.2234375
4 0.9390625 0.46015625 0.121875 0.2265625
4 0.90234375 0.70390625 0.1796875 0.2359375
4 0.859375 0.4578125 0.1375 0.184375
4 0.71484375 0.44453125 0.11875 0.14375
4 0.63203125 0.4765625 0.1078125 0.1203125
3 0.83046875 0.428125 0.01875 0.01875
3 0.87265625 0.70625 0.0203125 0.021875
3 0.66171875 0.7359375 0.0203125 0.021875
3 0.69296875 0.43515625 0.01875 0.021875
3 0.609375 0.47890625 0.01875 0.021875
1 0.97421875 0.63125 0.0515625 0.215625
2 0.94609375 0.51640625 0.0265625 0.0390625
2 0.9125 0.77265625 0.025 0.03125
3 0.10703125 0.6 0.0234375 0.025
3 0.365625 0.7234375 0.0203125 0.021875
3 0.19140625 0.6015625 0.0203125 0.021875
3 0.39765625 0.553125 0.015625 0.01875
3 0.3640625 0.53828125 0.0125 0.0125
2 0.33125 0.6203125 0.025 0.0328125
1 0.1703125 0.84921875 0.134375 0.2609375
1 0.24765625 0.825 0.146875 0.246875
1 0.32890625 0.78671875 0.134375 0.2484375
1 0.4109375 0.86640625 0.1 0.1390625
1 0.7 0.85390625 0.2375 0.2125
0 0.83046875 0.9109375 0.0828125 0.0578125
0 0.653125 0.93828125 0.0734375 0.0859375
0 0.21953125 0.9796875 0.0640625 0.040625
0 0.1703125 0.93125 0.0375 0.0578125
0 0.25546875 0.975 0.0421875 0.05
0 0.28984375 0.9625 0.0578125 0.0515625
0 0.29609375 0.9296875 0.0359375 0.0515625
0 0.36796875 0.9140625 0.040625 0.046875
0 0.34609375 0.89140625 0.0328125 0.0515625
0 0.40546875 0.9078125 0.0375 0.0484375