4 0.63828125 0.45234375 0.15 0.3359375
2 0.6109375 0.465625 0.0265625 0.05625
4 0.49765625 0.5234375 0.165625 0.34375
2 0.51484375 0.534375 0.0234375 0.0578125
4 0.3852950609375 0.7145961562500001 0.4036619828125 0.7073168109375 0.41872205625000003 0.6862998484375 0.423227584375 0.68941846875 0.42881244062499996 0.688755959375 0.4307854265625 0.691830375 0.4313077609375 0.7199592765625 0.44201331093749996 0.74522595 0.44894528749999996 0.754466878125 0.467113284375 0.758583971875 0.470245165625 0.7533186796875 0.471470371875 0.741180159375 0.4617115296875 0.7197299828125 0.45453315156249996 0.6375253109375 0.4530508453125 0.606339678125 0.45455198281250003 0.5493663171875001 0.45061158125 0.455818253125 0.44611931250000003 0.4519398703125 0.42240624687499995 0.44620599843750003 0.4125147875 0.4323534484375 0.4069431953125 0.4322561953125 0.40570729375000003 0.47403430156250004 0.40358842812500006 0.479317275 0.4005493765625 0.479264228125 0.38363310781250004 0.46148908750000006 0.3713152015625 0.4415142296875 0.35986443281249997 0.42991444375 0.3452180359375 0.4562585859375 0.3153233390625 0.48537654375 0.309513034375 0.4989550203125 0.30939624375 0.5346727062500001 0.304683653125 0.6014699359375 0.307136625 0.6060727171875 0.3183063359375 0.6047476984375 0.3383147 0.6195368328125 0.3376541796875 0.6864047921875 0.3404040359375 0.732052440625 0.3473625375 0.73977384375 0.354946903125 0.7406662234375 0.357012721875 0.7384223000000001 0.3561057984375 0.732326515625 0.3638227796875 0.7256212703125 0.3754592125 0.726584378125 0.3852950609375 0.7145961562500001
2 0.40703125 0.6609375 0.0359375 0.0703125
3 0.4375 0.5125 0.021875 0.028125
3 0.5390625 0.46640625 0.015625 0.034375
3 0.63515625 0.3796875 0.01875 0.03125
1 0.43984375 0.859375 0.2109375 0.28125
1 0.6578125 0.76640625 0.11875 0.3734375
0 0.596875 0.93984375 0.0765625 0.0640625
0 0.67265625 0.94921875 0.0921875 0.0546875
4 0.9640625 0.12421875 0.071875 0.2296875
1 0.95078125 0.35234375 0.0984375 0.2484375