4 0.5453125 0.48828125 0.1140625 0.2421875
3 0.5515625 0.43671875 0.015625 0.01953125
2 0.53203125 0.50234375 0.01953125 0.03828125
4 0.41171875 0.47109375 0.075 0.15390625
2 0.40078125 0.503125 0.01015625 0.021875
0 0.53359375 0.80625 0.05078125 0.040625
1 0.53203125 0.684375 0.0828125 0.22421875
0 0.56484375 0.74609375 0.01953125 0.08359375
0 0.41953125 0.68828125 0.0234375 0.034375
0 0.33828125 0.671875 0.02734375 0.0265625
0 0.31171875 0.66015625 0.03359375 0.02890625
1 0.4109375 0.6078125 0.05546875 0.13984375
0 0.3203125 0.59453125 0.0765625 0.10703125