4 0.4443359375 0.321611721875 0.44140625 0.3201465203125 0.42919921875 0.3201465203125 0.38330078125 0.309890109375 0.3740234375 0.2952380953125 0.36865234375 0.29377289375000004 0.36279296875 0.3040293046875 0.34814453125 0.3040293046875 0.3427734375 0.30695970625 0.333984375 0.3164835171875 0.3251953125 0.33186813125 0.3115234375 0.37216117187500003 0.306640625 0.41098901093749995 0.30859375 0.4124542125 0.31640625 0.40512820468750005 0.32470703125 0.40512820468750005 0.33203125 0.4124542125 0.322265625 0.44395604375 0.3203125 0.4703296703125 0.3134765625 0.5128205125 0.3125 0.547252746875 0.3134765625 0.5597069593749999 0.31884765625 0.558974359375 0.3203125 0.55018315 0.33154296875 0.5492063500000001 0.32958984375 0.5787545781250001 0.35400390625 0.5868131875 0.38134765625 0.6146520140625 0.38427734375 0.6146520140625 0.39599609375 0.5978021984375 0.39892578125 0.5120879125 0.40185546875 0.497435896875 0.408203125 0.4893772890625 0.40966796875 0.48278388281250006 0.40966796875 0.4483516484375 0.41455078125 0.41391941406250005 0.41552734375 0.383882784375 0.41845703125 0.378754578125 0.43408203125 0.3772893765625 0.44580078125 0.3421245421875 0.4462890625 0.3267399265625 0.4443359375 0.321611721875
2 0.40234375 0.46796875 0.0234375 0.053125
4 0.54443359375 0.36849816875 0.5244140625 0.36923076875 0.515625 0.3611721609375 0.50244140625 0.39340659375000003 0.49560546875 0.403663003125 0.49365234375 0.4175824171875 0.48828125 0.42490842500000003 0.48486328125 0.4175824171875 0.48486328125 0.397069596875 0.48193359375 0.3882783875 0.46240234375 0.4043956046875 0.45458984375 0.4175824171875 0.45068359375 0.440293040625 0.44970703125 0.4769230765625 0.44482421875 0.528205128125 0.44580078125 0.5326007328125 0.455078125 0.541391940625 0.4638671875 0.540659340625 0.4658203125 0.54358974375 0.46533203125 0.565567765625 0.44970703125 0.5934065937499999 0.43310546875 0.6358974359375 0.43359375 0.64395604375 0.4443359375 0.665201465625 0.44677734375 0.665201465625 0.45947265625 0.6512820515625 0.4765625 0.6241758234375 0.47998046875 0.6300366296875 0.484375 0.6893772890625 0.52099609375 0.684249084375 0.52783203125 0.6139194140625001 0.53662109375 0.5706959703125001 0.5341796875 0.5582417578125 0.52490234375 0.5553113546875 0.52392578125 0.552380953125 0.55078125 0.4622710625 0.548828125 0.45641025625 0.54248046875 0.45641025625 0.53955078125 0.43809523749999996 0.57373046875 0.4293040296875 0.58740234375 0.4205128203125 0.57666015625 0.41098901093749995 0.568359375 0.39780219843750003 0.568359375 0.378754578125 0.54443359375 0.36849816875
2 0.49375 0.5359375 0.021875 0.05625
4 0.68701171875 0.49157509218750006 0.65869140625 0.46300366249999997 0.64501953125 0.4373626375 0.6337890625 0.4483516484375 0.62158203125 0.4673992671875 0.60498046875 0.484249084375 0.60205078125 0.484249084375 0.60009765625 0.4791208796875 0.599609375 0.43882783906249995 0.59423828125 0.43882783906249995 0.58447265625 0.4520146515625 0.5615234375 0.4571428578125 0.55712890625 0.4608058609375 0.5517578125 0.5509157515625 0.55224609375 0.60586080625 0.55029296875 0.6358974359375 0.5419921875 0.715018315625 0.5322265625 0.7355311359375001 0.533203125 0.747252746875 0.5361328125 0.7523809531250001 0.5537109375 0.7487179484375 0.560546875 0.739926740625 0.5712890625 0.7157509156249999 0.572265625 0.6886446890625 0.57421875 0.6857142859375001 0.57958984375 0.6864468859375 0.583984375 0.6835164828125 0.59814453125 0.7040293046875 0.61572265625 0.7113553109375 0.625 0.7230769234375 0.63623046875 0.722344321875 0.6435546875 0.7289377296875 0.642578125 0.734798534375 0.64453125 0.7369963375 0.65185546875 0.7362637359375 0.65869140625 0.7289377296875 0.662109375 0.6849816843750001 0.66259765625 0.6205128203125 0.68212890625 0.60659340625 0.69287109375 0.6080586078125 0.6953125 0.603663003125 0.69189453125 0.5391941390625 0.6923828125 0.5047619046875 0.68701171875 0.49157509218750006
2 0.5953125 0.659375 0.03203125 0.06796875
3 0.56953125 0.515625 0.02109375 0.0265625
3 0.471875 0.46953125 0.0140625 0.0328125
3 0.38125 0.384375 0.01875 0.03046875
1 0.62744140625 1 0.6396484375 0.9172161171875001 0.64306640625 0.8673992671875 0.65869140625 0.79413919375 0.65966796875 0.728205128125 0.65771484375 0.7267399265625001 0.65478515625 0.734065934375 0.6494140625 0.7391941390625 0.61376953125 0.7391941390625 0.6044921875 0.7369963375 0.58056640625 0.7201465203125 0.5712890625 0.7172161171875 0.55126953125 0.7479853484375 0.5380859375 0.7523809531250001 0.52978515625 0.7443223437500001 0.51513671875 0.7699633703125001 0.501953125 0.7706959703125 0.4814453125 0.7824175828125 0.4755859375 0.79413919375 0.47314453125 0.808791209375 0.470703125 0.8659340656250001 0.4599609375 0.9641025640625 0.4609375 0.9772893765624999 0.46826171875 0.9831501828125001 0.49267578125 0.9794871796875 0.5048828125 0.9846153843750001 0.50927734375 0.983882784375 0.515625 0.9619047625 0.52392578125 0.9164835171875 0.53125 0.8358974359375001 0.53564453125 0.8293040296875 0.5625 0.809523809375 0.5849609375 0.797069596875 0.587890625 0.8021978015625001 0.5859375 0.9230769234375 0.58740234375 0.9611721609374999 0.57958984375 1 0.62744140625 1
1 0.3916015625 0.6073260078125 0.3818359375 0.6131868125 0.3662109375 0.5948717953125 0.34130859375 0.5794871796875001 0.328125 0.5772893765625 0.318359375 0.5868131875 0.31494140625 0.6014652015624999 0.31298828125 0.6329670328125 0.30615234375 0.677655678125 0.3056640625 0.7245421249999999 0.2998046875 0.7553113546875 0.29736328125 0.7824175828125 0.29931640625 0.9333333328125001 0.3037109375 0.934798534375 0.31103515625 0.9296703296875 0.32470703125 0.9274725281249999 0.33154296875 0.9208791203125 0.3330078125 0.8842490843749999 0.33056640625 0.8695970703125001 0.353515625 0.7831501828125 0.37451171875 0.7406593406249999 0.3876953125 0.71941391875 0.3935546875 0.6981684984375 0.40625 0.6761904765625 0.40576171875 0.6637362640625 0.3916015625 0.6073260078125
0 0.439453125 0.89450549375 0.4345703125 0.89450549375 0.43603515625 0.9010989015625 0.4306640625 0.90622710625 0.41650390625 0.9128205125 0.41162109375 0.9128205125 0.4091796875 0.9040293046875 0.40576171875 0.9032967031249999 0.40283203125 0.90695970625 0.38671875 0.9128205125 0.38525390625 0.9208791203125 0.3759765625 0.9304029296874999 0.37109375 0.9479853484375 0.3740234375 0.952380953125 0.3837890625 0.9553113546875001 0.404296875 0.9509157515625001 0.44140625 0.9296703296875 0.4443359375 0.9260073265625 0.443359375 0.9172161171875001 0.439453125 0.89450549375
0 0.353515625 0.9252747250000001 0.33349609375 0.90695970625 0.333984375 0.916117215625 0.3291015625 0.924542125 0.31298828125 0.9267399265625 0.29931640625 0.9230769234375 0.29150390625 0.9545787546875 0.2978515625 0.9582417578125 0.3564453125 0.9531135531249999 0.369140625 0.946520146875 0.37841796875 0.9289377296874999 0.37841796875 0.9252747250000001 0.353515625 0.9252747250000001