1 0.5019328828125 0.41364264375 0.49917859375000007 0.40323755468750005 0.49780145 0.3659016484375 0.4945881140625 0.33468638125 0.4890795375 0.323669228125 0.49045668124999997 0.30959175625 0.49137477812499997 0.29979873125 0.48678429687499997 0.2808247453125 0.48265286406249996 0.27531616875 0.4762261921875 0.2826609375 0.4684223765625 0.2857212578125 0.46153665468750005 0.2869453859375 0.45970046406250004 0.298574603125 0.46291380000000004 0.36528958437500003 0.46291380000000004 0.37508260937500004 0.4610776078125 0.41853915625000004 0.456028078125 0.5268744921875 0.44684711874999994 0.49259890625 0.4362890140625 0.45465093437500004 0.44042044531249996 0.4466941015625 0.4422566375 0.444857909375 0.4422566375 0.43751314218750004 0.45281474218750006 0.402625490625 0.45189664687500003 0.387323890625 0.46153665468750005 0.379979121875 0.46153665468750005 0.338358765625 0.438584253125 0.332238125 0.419763284375 0.38426356875 0.4170089953125 0.4007892984375 0.40690993906250006 0.4240477328125 0.40323755468750005 0.43200456562499995 0.39313849843750004 0.4638318953125 0.397728978125 0.4981074828125 0.40507374687500003 0.554417375 0.40461469843750003 0.55686563125 0.4266490046875 0.5495208625 0.45556903125000003 0.548296734375 0.4771442890625 0.548296734375 0.5060643140625001 0.545848478125 0.50239193125 0.543400221875 0.5005557390625001 0.5299348125 0.49917859375000007 0.521365915625 0.5005557390625001 0.5036160578125 0.503769075 0.4883144578125 0.50239193125 0.46505602343749997 0.49826049843750003 0.4601595109375 0.49963764218750006 0.4466941015625 0.49871954687500003 0.44118552656250004 0.49871954687500003 0.4252718609375 0.5019328828125 0.41364264375
4 0.5359024375 0.719062603125 0.5404929171874999 0.6964162328125 0.5299348125 0.6976403609374999 0.5184586109375 0.694580040625 0.5056052671875 0.6853990796875 0.502850978125 0.67560605625 0.5083595546875 0.65357175 0.5092776515625 0.6033824984375 0.5083595546875 0.5654345265625 0.503769075 0.5464605421875001 0.48448905781249996 0.5476846703125 0.45924141562500004 0.54707260625 0.42618995625 0.5507449906249999 0.402319459375 0.5580897593749999 0.40690993906250006 0.5813481921875 0.40782803593750006 0.6229685468749999 0.41609090000000004 0.6645889031250001 0.41654994843750004 0.6829508234375 0.41563185156250004 0.689683528125 0.3995651703125 0.698252425 0.387629921875 0.7086575140625 0.3945156421875 0.7294676921875001 0.40094231406249997 0.7814931359374999 0.40782803593750006 0.7980188640625 0.4238947171875 0.808423953125 0.4353709171875 0.8133204656249999 0.443174734375 0.8286220671875 0.44592902187499994 0.8182169781249999 0.44501092656249996 0.803527440625 0.447306165625 0.793734415625 0.44822426249999997 0.785777584375 0.44822426249999997 0.7753724953125001 0.4601595109375 0.793734415625 0.469340471875 0.8133204656249999 0.476685240625 0.8218893625 0.4808166734375 0.8310703234375 0.48770239374999996 0.8231991796875 0.49229287343749994 0.816466475 0.51386813125 0.800552809375 0.5290167171875 0.7870017125000001 0.5340662453125 0.7619070859375 0.5359024375 0.719062603125
2 0.4453125 0.68203125 0.02421875 0.046875
3 0.4265625 0.75390625 0.01875 0.02578125
4 0.6322906359375 0.626722325 0.6342747625 0.622754071875 0.6360108734375001 0.611179996875 0.635179309375 0.6050721125 0.6298104765625 0.6019207375 0.61083175 0.599836078125 0.6087700625 0.599312475 0.60611931875 0.599443375 0.59453459375 0.6008832843749999 0.5901166890625 0.6011450875000001 0.589429459375 0.6052030140625 0.58963190625 0.6148175640625 0.59062396875 0.6280450765625 0.5923600796875 0.6346588328125 0.5921120640625 0.6406112140625 0.5913680171875 0.6439180921875 0.5923600796875 0.6459022203125 0.590541296875 0.648878409375 0.5899203390625 0.677983890625 0.5950882546875 0.6928598921875 0.5998005562500001 0.6991429609375001 0.6033704015625 0.7049494671875001 0.6017846828125 0.6971588328125 0.6014068890625001 0.6919902828125 0.60219229375 0.6874087515625 0.6051950421875001 0.6817758375 0.608475534375 0.6859688421875 0.61170531875 0.692198515625 0.6155218078125 0.7016644203125 0.6170516984375001 0.707274021875 0.6210676625 0.7042142390625 0.631298571875 0.7007964 0.6369402828124999 0.6947799109374999 0.6387390484375 0.6898837015625 0.6380877 0.683050746875 0.639793565625 0.6717006484375 0.6424861374999999 0.6601023796875001 0.6388526453125001 0.6595924171875 0.6343939046875 0.6575633562500001 0.6285033656250001 0.6544217359375 0.6285703984375 0.6465635953125 0.6290664296874999 0.641933965625 0.6315465890625 0.6382964 0.6322906359375 0.626722325
3 0.59375 0.6796875 0.00859375 0.01171875
2 0.5921875 0.60703125 0.01328125 0.01875
4 0.8028617421875 0.6231963625 0.8056440468750001 0.604117696875 0.8092212968749999 0.58503903125 0.8088238249999999 0.573909809375 0.8104137140625 0.57020006875 0.7996819640624999 0.5723199218749999 0.7762311046875 0.5717899578125001 0.7531777187500001 0.5723199218749999 0.7480105796875 0.5723199218749999 0.734099053125 0.57020006875 0.7329066359375 0.5712599953125 0.7333041078125 0.58503903125 0.7325091640625 0.5951083265625 0.7360864140625 0.609417325 0.737676303125 0.635385509375 0.738471246875 0.64651473125 0.7380737749999999 0.6539342109375 0.7205849984375 0.66241361875 0.726944553125 0.683612134375 0.734099053125 0.7122301328125 0.7432409125 0.7207095390625 0.7539726625000001 0.72600916875 0.7575499125 0.7318387609375 0.7631145234375001 0.7387282796875 0.761524634375 0.72494924375 0.7587423281250001 0.7117001703125 0.76271705 0.7090503546875 0.765896828125 0.7000409859375 0.76907660625 0.6926215046875 0.77782099375 0.7026908 0.784578021875 0.69474135625 0.7853729656249999 0.6693031359375 0.786167909375 0.6645334703125 0.7869628546875 0.6587038781250001 0.784578021875 0.644394878125 0.7865653828125 0.6375053609375 0.7941173546875 0.6380353234375 0.8040541593749999 0.635915471875 0.8028617421875 0.6231963625
2 0.76015625 0.64609375 0.01953125 0.02890625
3 0.74140625 0.69609375 0.0140625 0.01796875
4 0.9311462671875 0.6864323515625 0.9356172890625001 0.66735599375 0.9320404718749999 0.6757019 0.9185182 0.6714229875 0.9085813953124999 0.6666533218749999 0.9078969546875 0.653644859375 0.8569273093750001 0.6500680421875 0.8421729375 0.6399337265625 0.845302653125 0.6315878203125 0.8600570234375 0.6256264578125 0.871234578125 0.6369530453125 0.897166503125 0.629203275 0.9123679765625001 0.6274148671875001 0.9159447937499999 0.581512378125 0.9163918953125 0.5707819265625 0.9052143421875 0.5713780625 0.897166503125 0.572570334375 0.8846476421875 0.5695896546875 0.8520091843750001 0.570185790625 0.8301011796875001 0.5707819265625 0.8301011796875001 0.5862814671875001 0.8359135078125 0.6202612328125 0.840384528125 0.6417221359374999 0.8359135078125 0.6721250828125 0.8354664046875 0.6798748531250001 0.8350193031250001 0.6739134906250001 0.8267021250000001 0.6767226171875 0.8223299296875 0.6804323578125 0.8256301578125 0.694778259375 0.8338566234375 0.714879946875 0.8414085953124999 0.718059725 0.8553201218750001 0.72600916875 0.8613983296875001 0.735315521875 0.8613983296875001 0.7204121156250001 0.860951228125 0.71325848125 0.8667635562499999 0.70729711875 0.8703403734374999 0.6989512125 0.8828592343749999 0.7156430265625 0.8875153703124999 0.7297189093750001 0.8900128687500001 0.737700065625 0.8918012765625001 0.7442575640625 0.89537809375 0.7371039296874999 0.9038730359375 0.73054643125 0.9159447937499999 0.7239889328125 0.921757121875 0.7168352984374999 0.9262281437500001 0.70193189375 0.9311462671875 0.6864323515625
3 0.8421875 0.7 0.01171875 0.01328125
1 0.621142425 0.5249607875 0.625447578125 0.49175433437500005 0.625631015625 0.48246014062500003 0.62618133125 0.47781304375 0.6171928671875 0.4729213625 0.6159087999999999 0.474878034375 0.61370754375 0.47585637031249994 0.6120566015625 0.4878409890625 0.6089381546875 0.4971351828125 0.6091215921875001 0.4785467953125 0.610589096875 0.47145385781250004 0.5982987484375 0.463138 0.5926568390625 0.4953703703125 0.5921608078125 0.5416666671875 0.5905116234375 0.5542825796875 0.5894326328124999 0.5750661375 0.59017668125 0.5955687828125 0.5903152734375 0.6006214828124999 0.5961290609375001 0.6005290999999999 0.6110100140625 0.5988756609375 0.629192828125 0.6023231953125 0.6327271515625 0.601799590625 0.6301072359375001 0.5916005296875 0.6320913625 0.5873015875 0.6286037734375001 0.574048609375 0.62222235625 0.5582096062499999 0.6206826328124999 0.5505952375 0.6194425531250001 0.5449735453125 0.6191945375000001 0.5350529093749999 0.6199643171875 0.53360024375 0.6199643171875 0.5279715078125 0.621142425 0.5249607875
0 0.626153271875 0.47756845937500003 0.628354528125 0.4643609203125 0.6294551562499999 0.4572679828125 0.6257863953125 0.4501750453125 0.62101700625 0.4477292046875 0.618448875 0.45115338125 0.6167979328125 0.45824631875 0.6226679500000001 0.45971382343749995 0.6265201484375 0.4616704953125 0.6276207765625 0.463138 0.626153271875 0.47756845937500003
0 0.58689753125 0.44895212500000004 0.5896491015625 0.45164254843749996 0.5940516140625001 0.455800478125 0.6002885078125 0.4543329734375 0.6056082109375 0.4570233984375 0.6083597828125 0.4619150796875 0.6089100968750001 0.4663175921875 0.609093534375 0.46851884843749997 0.6103776 0.46949718437500004 0.6096438484375 0.45775715000000006 0.6098272859375 0.45286546875000006 0.6098272859375 0.44846295625000004 0.602489765625 0.44675086875 0.602489765625 0.45041962812499997 0.600655384375 0.4477292046875 0.6001050703125 0.44577253125 0.5894656640625 0.44479419531250003 0.587814721875 0.44577253125 0.58689753125 0.44895212500000004
1 0.9050099203125 0.4391534390625 0.903769840625 0.4242724875 0.89657738125 0.3829365078125 0.893105159375 0.38194444375000003 0.8803824468749999 0.38204371406250004 0.8728848921875001 0.38467443437500004 0.8730158734375 0.3882275125 0.8710317453125 0.42559523749999995 0.872023809375 0.44742063437499996 0.871527778125 0.46792327968749997 0.8701226359374999 0.47701272968749997 0.867952290625 0.48280031562500003 0.8636116015624999 0.45807154062500005 0.8611111109375 0.44113756562499995 0.8581349203125 0.428240740625 0.8576388890625 0.41600529062499997 0.8529265875 0.396825396875 0.849950396875 0.3888888890625 0.8348214281249999 0.3852513234375 0.822420634375 0.387896825 0.8216765875 0.389880953125 0.822420634375 0.41964285781250005 0.8294780015625 0.4607022625 0.8328321703125001 0.4638591265625 0.833226778125 0.47201436093750004 0.8351998187499999 0.47359279374999996 0.83134920625 0.4854497359375 0.8318452375 0.5072751328125 0.830605159375 0.5492724875 0.8318452375 0.552910053125 0.8320932546875 0.5611772484374999 0.8301091265625 0.56878306875 0.8368055562500001 0.5704365078125 0.8665674609374999 0.5691137562499999 0.8896329359375 0.5691137562499999 0.9015376984374999 0.5704365078125 0.9146662703124999 0.5690427812500001 0.9141411390625 0.55889025625 0.9139384921874999 0.5486111109375 0.9109903546875 0.538935290625 0.909722221875 0.5175264546875 0.9082341265625 0.5109126984375 0.9034670203124999 0.5020045765625001 0.90302579375 0.4867724875 0.9009020671875 0.4820110984375 0.9015376984374999 0.477513228125 0.9050099203125 0.4636243390625 0.9050099203125 0.4391534390625
0 0.8928733484375 0.3631915671875 0.89657738125 0.3766534390625 0.9007936515624999 0.3697089953125 0.899700046875 0.359690696875 0.89657738125 0.3511904765625 0.88740079375 0.3488756609375 0.8769841265625 0.3492063484375 0.8732638890625 0.3508597890625 0.8730158734375 0.3614417984375 0.8769841265625 0.36673280468749997 0.8836835609374999 0.36284148125 0.887152778125 0.36375661406250004 0.8928733484375 0.3631915671875
0 0.80654761875 0.3875661375 0.8105158734375 0.38723545000000004 0.815228175 0.384920634375 0.8231646828124999 0.3769841265625 0.8353715421875 0.3638917421875 0.8355654765624999 0.353174603125 0.834325396875 0.3455687828125 0.830853175 0.3425925921875 0.822420634375 0.34391534375 0.812748015625 0.35681216875 0.8070436515624999 0.3611111109375 0.80282738125 0.3677248671875 0.8013392859374999 0.3746693125 0.80282738125 0.38392857187499996 0.80654761875 0.3875661375
1 0.7728537640625001 0.39807831562499996 0.76970905 0.3976124328125 0.765166684375 0.39248771250000003 0.7669137484374999 0.383635921875 0.7644678593750001 0.37664766875 0.7546843015625 0.379908853125 0.7442019203125 0.3775794359375 0.7407077921874999 0.3789770859375 0.7400089671875001 0.3938853625 0.7494431109375 0.4199748484375 0.751889 0.446530215625 0.7546843015625 0.45724554062499995 0.752587825 0.473085584375 0.756780778125 0.5373775296875001 0.7330207125 0.5690576187499999 0.747696046875 0.572318803125 0.7578290171875001 0.570921153125 0.7732031765625 0.5713870359375 0.7987103078125 0.572318803125 0.806047975 0.5713870359375 0.8032526734375001 0.5695235015625 0.7959150046875 0.5243327875 0.7857820359375001 0.49218681406250003 0.783336146875 0.4563137734375 0.782986734375 0.439076078125 0.7882279249999999 0.42836075312500005 0.78892675 0.418577196875 0.7906738140625 0.4111230578125 0.7892761640625 0.40227126875 0.786830275 0.3985442 0.7728537640625001 0.39807831562499996