4 0.68515625 0.4265625 0.346875 0.2296875
2 0.6703125 0.409375 0.0546875 0.0375
3 0.74140625 0.371875 0.03125 0.0265625
4 0.6796875 0.596875 0.128125 0.0890625
3 0.70390625 0.5671875 0.0140625 0.0125
1 0.55 0.621875 0.1578125 0.0828125
2 0.62578125 0.58359375 0.0234375 0.0203125
4 0.72578125 0.765625 0.225 0.159375
2 0.709375 0.75390625 0.0359375 0.028125
3 0.75703125 0.72109375 0.021875 0.01875
4 0.74765625 0.875 0.2125 0.1625
3 0.7859375 0.82734375 0.01875 0.015625
1 0.3875 0.48515625 0.3109375 0.190625
1 0.5546875 0.909375 0.225 0.15
1 0.53046875 0.8046875 0.2203125 0.1265625
0 0.44140625 0.8375 0.040625 0.0359375
0 0.40859375 0.81484375 0.04375 0.0390625
0 0.48046875 0.653125 0.0359375 0.025
0 0.4625 0.62890625 0.0265625 0.03125
0 0.4390625 0.95546875 0.0453125 0.0453125
0 0.425 0.88671875 0.0625 0.059375
0 0.234375 0.534375 0.0734375 0.06875
0 0.26328125 0.4984375 0.096875 0.0640625