4 0.41484375 0.37265625 0.16640625 0.384375
3 0.4484375 0.28671875 0.0171875 0.03125
2 0.40078125 0.425 0.0171875 0.059375
2 0.8421875 0.5328125 0.02734375 0.06484375
0 0.4765625 0.90234375 0.0375 0.08125
0 0.37734375 0.9109375 0.03828125 0.08515625
0 0.86796875 0.9375 0.05234375 0.065625
1 0.88671875 0.74921875 0.07578125 0.33984375
0 0.91328125 0.89375 0.0421875 0.0484375
1 0.72109375 0.57734375 0.05546875 0.196875
0 0.70078125 0.66640625 0.01875 0.0453125
0 0.721875 0.69375 0.01875 0.02578125
1 0.425 0.7171875 0.1234375 0.30390625
4 0.88984375 0.42421875 0.0828125 0.3078125
1 0.59296875 0.58203125 0.046875 0.1984375