4 0.609375 0.303125 0.13125 0.1921875
4 0.46875 0.31875 0.125 0.1875
4 0.303125 0.33984375 0.1234375 0.2109375
1 0.3203125 0.5296875 0.1125 0.2296875
1 0.49296875 0.5078125 0.1359375 0.2484375
1 0.62734375 0.49921875 0.1328125 0.2484375
0 0.31328125 0.62734375 0.040625 0.0453125
0 0.3484375 0.65234375 0.0390625 0.03125
0 0.48984375 0.6234375 0.0296875 0.0421875
0 0.521875 0.63828125 0.046875 0.040625
0 0.6359375 0.6234375 0.053125 0.053125
3 0.63359375 0.24453125 0.0140625 0.015625
2 0.62265625 0.35078125 0.025 0.0359375
3 0.3265625 0.290625 0.0140625 0.0171875
2 0.32734375 0.3921875 0.0203125 0.0328125