1 0.3421875 0.496875 0.3171875 0.2
2 0.3919693 0.528532546875 0.394307040625 0.5305188640625 0.39852431093749996 0.5315939359375 0.40049948437499994 0.5301906468750001 0.3986744453125 0.5290699421875 0.39450499687499996 0.5277488499999999 0.3919693 0.528532546875
1 0.2515625 0.67265625 0.39375 0.2296875
0 0.18046875 0.38203125 0.0859375 0.096875
0 0.22109375 0.53125 0.0765625 0.06875
0 0.06875 0.56640625 0.0703125 0.115625
0 0.0984375 0.7328125 0.121875 0.065625
4 0.62734375 0.55859375 0.3234375 0.20625
2 0.57890625 0.490625 0.0578125 0.0375
4 0.57734375 0.7453125 0.39375 0.2546875
2 0.50234375 0.67734375 0.059375 0.04375
3 0.68828125 0.578125 0.0265625 0.0296875
3 0.66640625 0.7703125 0.0390625 0.034375
4 0.52734375 0.85546875 0.14375 0.0875
3 0.5515625 0.8578125 0.0203125 0.0140625
2 0.51015625 0.82421875 0.0234375 0.0140625
0 0.35078125 0.79375 0.0296875 0.034375
0 0.35703125 0.8203125 0.0515625 0.034375
1 0.4125 0.81875 0.115625 0.0609375
0 0.30078125 0.15546875 0.065625 0.0921875
0 0.31171875 0.32265625 0.08125 0.09375
0 0.3578125 0.09609375 0.0515625 0.08125