1 0.23359375 0.19375 0.384375 0.2640625
4 0.675 0.28671875 0.6140625 0.3296875
3 0.78203125 0.346875 0.0578125 0.04375
4 0.6640625 0.53828125 0.3 0.159375
3 0.71640625 0.56484375 0.021875 0.021875
2 0.546875 0.36796875 0.08125 0.046875
1 0.3359375 0.6515625 0.2546875 0.1828125
0 0.19140625 0.696875 0.0578125 0.0828125
0 0.22109375 0.5859375 0.0640625 0.0796875
4 0.5765625 0.70546875 0.309375 0.15
0 0.11875 0.078125 0.0921875 0.0890625
0 0.2296875 0.4625 0.065625 0.071875
0 0.29140625 0.5140625 0.0546875 0.0765625
0 0.28671875 0.4890625 0.0421875 0.046875
0 0.33359375 0.54453125 0.0921875 0.0453125
1 0.23046875 0.35703125 0.440625 0.2578125