4 0.534375 0.38046875 0.08515625 0.20390625
3 0.56640625 0.3453125 0.0078125 0.0125
1 0.54296875 0.5578125 0.140625 0.19375
2 0.5671875 0.42109375 0.01171875 0.028125
0 0.4890625 0.6328125 0.05546875 0.04375
0 0.59453125 0.65625 0.05859375 0.04765625
4 0.04453125 0.37265625 0.071875 0.115625
1 0.04921875 0.46875 0.0546875 0.1046875
3 0.059375 0.3515625 0.0078125 0.01015625
2 0.0484375 0.37734375 0.01171875 0.01640625
0 0.03828125 0.525 0.015625 0.021875
0 0.05625 0.525 0.021875 0.02421875
1 0.1609375 0.47109375 0.053125 0.08046875
0 0.146875 0.525 0.01875 0.02265625
0 0.18046875 0.515625 0.0171875 0.0421875