4 0.44375 0.7328125 0.371875 0.534375
1 0.565625 0.309375 0.2796875 0.4625
0 0.6609375 0.0734375 0.078125 0.103125
0 0.6046875 0.0578125 0.090625 0.10625
3 0.484375 0.84921875 0.0375 0.046875
4 0.82734375 0.93515625 0.1109375 0.1296875
3 0.80546875 0.9828125 0.0109375 0.0140625
1 0.85625 0.81640625 0.1078125 0.1640625
0 0.8515625 0.7359375 0.0484375 0.0328125
0 0.88125 0.74765625 0.0328125 0.028125
0 0.796875 0.696875 0.046875 0.0484375
0 0.71796875 0.67578125 0.0453125 0.0296875
0 0.42265625 0.3921875 0.0359375 0.040625
0 0.3828125 0.378125 0.0484375 0.04375
4 0.6984375 0.90703125 0.0890625 0.1546875