4 0.39921875 0.64140625 0.165625 0.078125
3 0.3625 0.63671875 0.0171875 0.0109375
2 0.3984375 0.63515625 0.0265625 0.01875
4 0.36328125 0.71484375 0.1375 0.0984375
3 0.3484375 0.68125 0.0125 0.0078125
2 0.28203125 0.16796875 0.0328125 0.0171875
4 0.36451623125 0.08707891718750001 0.3582519140625 0.08784807812499999 0.344967715625 0.09186412499999999 0.32637166562500003 0.09865234218749999 0.313124096875 0.105843828125 0.3093233796875 0.10366055 0.31308288906250004 0.099754009375 0.3134904375 0.0973190171875 0.3052296015625 0.0962133625 0.2561545453125 0.0993240796875 0.225561053125 0.1033454828125 0.21670491875 0.106022846875 0.20636513124999997 0.111002340625 0.18973812343750002 0.12231869531249999 0.183830978125 0.128873884375 0.175799096875 0.1325100203125 0.17612421250000002 0.138034990625 0.1818619171875 0.14448534531249999 0.1895595109375 0.14963507812500002 0.215147946875 0.1623928953125 0.24499045000000003 0.1637635953125 0.270716275 0.16325480781249999 0.302798 0.15984565625 0.33434396093749996 0.1578272625 0.334023421875 0.1552166734375 0.3288581109375 0.150551 0.339889359375 0.142571665625 0.3461628296875 0.1476312625 0.355440240625 0.1512620453125 0.3637010765625 0.1523677 0.374585784375 0.15182621093749998 0.375533675 0.1509148390625 0.3715956265625 0.1015793671875 0.370505790625 0.0927033640625 0.3670805703125 0.087824034375 0.36451623125 0.08707891718750001
3 0.2390625 0.1609375 0.015625 0.0078125
4 0.3859375 0.840625 0.275 0.1265625
2 0.41328125 0.8 0.040625 0.0171875
0 0.47956411093750007 0 0.47839589218749995 0.0018126796875 0.47990243125000004 0.01408245 0.482572084375 0.0214395046875 0.49319578281250004 0.0158951625 0.5036363109375 0.014613226562500001 0.511997884375 0.0194164375 0.5133670546875 0.0248132140625 0.5183675171875 0.0252592140625 0.5288309453125 0.0184095765625 0.5469599140625 0.016448615625 0.5593969609375 0.01704149375 0.5644844328125 0.012441912500000001 0.56489198125 0.01000691875 0.562007103125 0.006651210937500001 0.555481778125 0.0024175203125 0.549243475 0 0.47956411093750007 0
0 0.5561731265625001 0.1202552734375 0.556530296875 0.12604130156249999 0.5513878703125 0.1359475265625 0.5604821109375 0.1438407140625 0.56376994375 0.161986646875 0.564910159375 0.1626416296875 0.5690222625 0.1616067390625 0.572355915625 0.148477671875 0.5714126203125 0.132163821875 0.5681614171875 0.11719332812500001 0.5695809656249999 0.1143690828125 0.5689673625 0.10649458281249999 0.570034315625 0.1007986890625 0.5695214515625 0.0966217453125 0.5675569859375 0.0950079875 0.5494325953125 0.09988333125 0.5470972093750001 0.1038800046875 0.552486896875 0.1103730921875 0.5561731265625001 0.1202552734375
1 0.529123934375 0.1042318828125 0.5124877765625 0.109719478125 0.4691092171875 0.1131907328125 0.46920080156250005 0.11105952968749999 0.4787026109375 0.09637812500000001 0.4792979078125 0.09259510625 0.49709719999999996 0.0620551953125 0.499547071875 0.050359617187500004 0.5143927828125 0.0331671015625 0.5153635750000001 0.02668803125 0.5130190375 0.0248559453125 0.500037071875 0.0198250640625 0.49260048593750005 0.0196781828125 0.48678035 0.0211877890625 0.4772144328125 0.0353470765625 0.47210406093749996 0.045514359375 0.45972194999999993 0.0597544375 0.45549993593749993 0.07140261249999999 0.451016915625 0.0780479375 0.44418935625 0.082861175 0.43189883125 0.09497005 0.4156061125 0.097500534375 0.40494120625 0.09695505625 0.3958606953125 0.0978050078125 0.382503234375 0.095470178125 0.37145368125 0.0917919921875 0.3691137203125 0.0928742890625 0.36977310625 0.1097529859375 0.37448504531250004 0.148128653125 0.379430553125 0.15388129374999998 0.3942075609375 0.153391878125 0.424100440625 0.14972149375 0.45115880625000004 0.148254109375 0.4824483359375 0.1441472421875 0.5184498390625001 0.13813684531249998 0.5358781953125 0.13334696562499998 0.5478390109375 0.132938340625 0.5521388609375 0.130555421875 0.5536179390625 0.125338915625 0.552784534375 0.1185513828125 0.549066253125 0.10840814218749999 0.54656144375 0.1052707640625 0.5443451234375 0.10448291406250002 0.534632684375 0.10594044531249999 0.529123934375 0.1042318828125
0 0.61875 0.60078125 0.03125 0.0375
1 0.5375 0.61484375 0.1421875 0.0640625
1 0.56328125 0.67421875 0.2 0.0921875
0 0.6640625 0.634375 0.0375 0.05
0 0.6390625 0.690625 0.05625 0.046875
0 0.7640625 0.7265625 0.0421875 0.071875
1 0.621875 0.7984375 0.3046875 0.146875