4 0.41171875 0.28515625 0.21640625 0.4046875
3 0.47109375 0.19921875 0.01796875 0.0421875
4 0.70390625 0.253125 0.21953125 0.4234375
3 0.7703125 0.16875 0.01640625 0.034375
2 0.48125 0.4140625 0.01875 0.08125
2 0.7671875 0.32734375 0.028125 0.0671875
1 0.4234375 0.6953125 0.1953125 0.41328125
1 0.696875 0.6171875 0.1640625 0.3
0 0.38125 0.85859375 0.08828125 0.07265625
0 0.484375 0.9234375 0.08984375 0.08359375
0 0.64921875 0.75390625 0.1078125 0.0859375
0 0.78671875 0.82421875 0.1078125 0.07734375