1 0.2703125 0.6921875 0.12578125 0.25625
0 0.22265625 0.85625 0.05390625 0.06015625
0 0.29921875 0.83359375 0.0859375 0.0546875
4 0.2703125 0.43671875 0.18203125 0.30859375
3 0.29453125 0.3515625 0.02265625 0.02734375
2 0.24296875 0.40078125 0.02265625 0.0375
0 0.49375 0.85390625 0.0859375 0.0484375
0 0.64140625 0.8703125 0.09296875 0.0453125
0 0.59609375 0.84453125 0.06953125 0.0328125
0 0.8078125 0.84453125 0.04296875 0.053125
0 0.85078125 0.8359375 0.0546875 0.0515625
4 0.62578125 0.4296875 0.090625 0.2953125
3 0.590625 0.36953125 0.0140625 0.025
1 0.6421875 0.70546875 0.0859375 0.28203125