1 0.2890625 0.17734375 0.3046875 0.190625
4 0.55859375 0.86484375 0.3890625 0.2703125
3 0.59140625 0.80703125 0.04375 0.034375
4 0.565625 0.64296875 0.36875 0.2484375
3 0.58125 0.6296875 0.0390625 0.03125
4 0.59609375 0.346875 0.359375 0.2265625
3 0.621875 0.3046875 0.0390625 0.0296875
4 0.59375 0.1375 0.2671875 0.2484375
3 0.5734375 0.121875 0.04375 0.0265625
2 0.3546875 0.97421875 0.096875 0.04375
2 0.49765625 0.3609375 0.0609375 0.046875
1 0.24453125 0.8921875 0.4359375 0.215625
1 0.325 0.65 0.25 0.2140625
1 0.2625 0.38046875 0.3625 0.1890625
4 0.759375 0.4671875 0.196875 0.165625
3 0.73359375 0.4328125 0.0265625 0.0125
0 0.08515625 0.12890625 0.1140625 0.065625
0 0.15234375 0.1953125 0.13125 0.0875
0 0.06328125 0.421875 0.11875 0.090625
0 0.05234375 0.3171875 0.1046875 0.075
0 0.20078125 0.67421875 0.1171875 0.06875