4 0.26549191250000004 0.303689846875 0.262475953125 0.2859828734375 0.2317131703125 0.28437315 0.21150622343749997 0.2952387890625 0.20095036406250003 0.330250309375 0.1925056890625 0.37411531875000004 0.2112046328125 0.38216394375 0.22869720937500002 0.395846596875 0.22568125 0.445345634375 0.21542698124999998 0.501686021875 0.26217436250000004 0.530258634375 0.27996853125 0.48679604843749996 0.302286640625 0.525831896875 0.3399861171875 0.49001551093750007 0.3336526296875 0.4807595796875 0.33154144375 0.443333478125 0.3303350546875 0.39061499375 0.36290743281250004 0.3688837015625 0.3517483890625 0.3157627984375 0.33576379218749997 0.291616909375 0.29870535781249996 0.2861619015625 0.291429165625 0.312140903125 0.27996853125 0.3246162734375 0.2730318140625 0.3185798046875 0.26549191250000004 0.303689846875
2 0.29375 0.42109375 0.0265625 0.046875
1 0.23771324843750002 0.8013038359375001 0.2531236234375 0.839344765625 0.27392763593749997 0.8244368296875001 0.27943696406249996 0.8210953203125 0.27932124375 0.8378025499999999 0.3012810453125 0.8367744328125 0.30243680624999997 0.7977053859375001 0.3374954328125 0.6064726234375 0.343659578125 0.5175391203124999 0.33633964375000003 0.49132172656249995 0.302051553125 0.5273064015625 0.28163282343749996 0.49132172656249995 0.265066659375 0.5324470671875 0.21732259843750001 0.5106824390625 0.22076182968750002 0.573572378125 0.23540169843749997 0.6347462796875 0.23617220468750003 0.68615293125 0.2346311625 0.7427002468749999 0.23771324843750002 0.8013038359375001
0 0.27628655 0.88949598125 0.28491559375 0.86925915625 0.2741946734375 0.856698359375 0.261268109375 0.860519709375 0.253014296875 0.8647233046875 0.24935350937499998 0.8800754124999999 0.2619048234375 0.8908916296875 0.27628655 0.88949598125
0 0.3055729859375 0.841346290625 0.277940625 0.8435202828125 0.28230073437500003 0.8601874671875 0.2958979953125 0.86088531875 0.30766486249999997 0.8535581703125 0.3055729859375 0.841346290625
4 0.8388808703124999 0.34000244375 0.8378662875 0.5031310812500001 0.817575115625 0.652722109375 0.8064149875 0.6655828859375 0.7719199796875 0.66152155 0.763296246875 0.6676135015625 0.8358371640625 0.6919812578125 0.8728685671875 0.696719465625 0.9291765625 0.6737054546875 0.9296838328125 0.6344462531249999 0.9119290578125 0.587741434375 0.9164945796874999 0.5126074453125 0.9312056875 0.4428885359375 0.9347566265625 0.392799253125 0.921567371875 0.33797177500000003 0.903869109375 0.2783737625 0.8850432781249999 0.363693328125 0.844460934375 0.2567458921875 0.827720703125 0.271637290625 0.8388808703124999 0.34000244375
3 0.92265625 0.390625 0.025 0.0390625
4 0.057700498437500004 0.328256475 0.0462570296875 0.37406488125 0.0671902109375 0.37927885156249996 0.0683066515625 0.4023692578125 0.057421392187499996 0.45711589375 0.0856114078125 0.47089567656250003 0.102357953125 0.4705232265625 0.10598638125 0.44780524218749995 0.114080528125 0.46679896718749997 0.1313853046875 0.45972289375 0.1389212421875 0.451529503125 0.13333905937499999 0.4202457203125 0.1302688640625 0.4053486765625 0.1325017453125 0.3889619234375 0.1372465921875 0.363636953125 0.1520393828125 0.36214724375 0.14869006093749998 0.3338428671875 0.1389212421875 0.31820096875 0.129431528125 0.3189458234375 0.11631340937500001 0.3152215625 0.102659521875 0.337406253125 0.0987295265625 0.34315351875 0.0872860578125 0.31335942499999997 0.065794665625 0.32192522968750004 0.057700498437500004 0.328256475
1 0.0879644734375 0.6474383109375 0.095319928125 0.6717786765625 0.111501928125 0.6737416109375001 0.12327065625 0.6301644890625 0.13445095625 0.5594988609375 0.1397468703125 0.4546782078125 0.11473832343749998 0.47155943437500003 0.105911778125 0.44800422968750003 0.10238116875 0.4727371984375 0.058559201562499996 0.46258831406249995 0.0603079578125 0.526521584375 0.0658981078125 0.5818763078125 0.08090323125 0.6223127546875 0.0879644734375 0.6474383109375
0 0.08868410625 0.6911476234375 0.0956923109375 0.6938980109374999 0.11506793125 0.698023590625 0.1200149 0.6919727484375 0.1093152921875 0.6807338296875 0.0981657875 0.6828964625 0.09198208125 0.6738202 0.08868410625 0.68152126875 0.08868410625 0.6911476234375
0 0.2042004828125 0.679883078125 0.20632825625 0.687745375 0.219094871875 0.687745375 0.2248234796875 0.6787910921875 0.2251508234375 0.665905653125 0.22247081875000002 0.6679581421874999 0.21844017187500003 0.6733311625 0.210911146875 0.6715839781249999 0.2094380734375 0.6669976390625 0.2042004828125 0.679883078125