4 0.8734375 0.55390625 0.1375 0.2625
3 0.8328125 0.6078125 0.015625 0.0234375
2 0.853125 0.565625 0.01875 0.0390625
4 0.76328125 0.51328125 0.084375 0.16875
2 0.75859375 0.46328125 0.01875 0.034375
3 0.7328125 0.553125 0.0109375 0.0140625
4 0.840625 0.27734375 0.14375 0.175
3 0.82109375 0.2796875 0.0125 0.01875
4 0.709375 0.32578125 0.10625 0.18125
3 0.6796875 0.36328125 0.015625 0.01875
2 0.70390625 0.28125 0.021875 0.0375
4 0.60625 0.52109375 0.078125 0.1625
3 0.5859375 0.56015625 0.0109375 0.0109375
4 0.6296875 0.32890625 0.0953125 0.153125
3 0.59609375 0.34921875 0.0109375 0.015625
4 0.37890625 0.3546875 0.0734375 0.1703125
3 0.3546875 0.37734375 0.0125 0.01875
2 0.371875 0.3 0.0171875 0.03125
4 0.3078125 0.31015625 0.0890625 0.1796875
2 0.31171875 0.24609375 0.01875 0.0359375
3 0.29375 0.3390625 0.0125 0.021875
4 0.32265625 0.50546875 0.1015625 0.1703125
3 0.3125 0.54765625 0.0125 0.0171875
2 0.32890625 0.4875 0.015625 0.028125
4 0.24140625 0.53046875 0.071875 0.178125
4 0.27421875 0.5984375 0.0640625 0.121875
3 0.2640625 0.60390625 0.015625 0.015625
4 0.09453125 0.290625 0.184375 0.265625
3 0.096875 0.30625 0.0140625 0.028125
2 0.83984375 0.1625 0.0296875 0.04375
4 0.22265625 0.32578125 0.084375 0.15
4 0.3859375 0.54296875 0.0234375 0.090625
4 0.0921875 0.540625 0.1703125 0.2890625
4 0.1765625 0.53671875 0.0796875 0.2453125