4 0.27265625 0.27265625 0.1359375 0.21484375
1 0.278125 0.47265625 0.09453125 0.2234375
1 0.9015625 0.45 0.1390625 0.23125
0 0.2671875 0.60859375 0.0390625 0.0390625
0 0.29140625 0.5828125 0.028125 0.0328125
0 0.83984375 0.5640625 0.05234375 0.04921875
0 0.93671875 0.58984375 0.06953125 0.04765625
3 0.30390625 0.22734375 0.0140625 0.0171875
2 0.284375 0.309375 0.0171875 0.0359375
0 0.57578125 0.83984375 0.1171875 0.09375
0 0.4421875 0.7234375 0.05234375 0.13515625
1 0.528125 0.62578125 0.18046875 0.34453125