1 0.1203125 0.3828125 0.1859375 0.3015625
4 0.8515625 0.53828125 0.2890625 0.384375
3 0.7859375 0.58125 0.034375 0.0421875
4 0.62109375 0.58125 0.2421875 0.3640625
3 0.609375 0.59921875 0.03125 0.0390625
4 0.3359375 0.6578125 0.2203125 0.353125
3 0.29765625 0.68984375 0.0296875 0.0390625
4 0.1296875 0.6890625 0.2453125 0.2625
3 0.11015625 0.6703125 0.0265625 0.0421875
2 0.9125 0.3234375 0.040625 0.0953125
2 0.33359375 0.559375 0.0453125 0.059375
1 0.81484375 0.22109375 0.2109375 0.4421875
1 0.590625 0.34375 0.2078125 0.2453125
1 0.31640625 0.325 0.18125 0.3578125
4 0.478125 0.8 0.1609375 0.1921875
3 0.440625 0.77890625 0.0125 0.025
0 0.04140625 0.1890625 0.0640625 0.1125
0 0.1171875 0.2453125 0.0828125 0.1296875
0 0.3265625 0.12265625 0.0890625 0.1171875
0 0.2203125 0.12109375 0.071875 0.11875
0 0.59453125 0.21875 0.0671875 0.115625