4 0.328125 0.2875 0.15390625 0.3265625
4 0.453125 0.3734375 0.07265625 0.2015625
4 0.21796875 0.37265625 0.03125 0.040625
3 0.375 0.21953125 0.01640625 0.02578125
3 0.41015625 0.25703125 0.00546875 0.00703125
3 0.46484375 0.31171875 0.00703125 0.015625
1 0.35703125 0.5828125 0.19609375 0.2703125
0 0.29296875 0.73515625 0.0640625 0.05234375
0 0.4609375 0.7328125 0.09765625 0.07265625
0 0.35703125 0.596875 0.0375 0.08125
0 0.384375 0.665625 0.03515625 0.046875
0 0.46484375 0.6328125 0.04765625 0.03515625
1 0.43671875 0.51796875 0.06875 0.18984375