4 0.6859375 0.8921875 0.3 0.15625
4 0.671875 0.728125 0.3203125 0.2
4 0.6453125 0.56484375 0.275 0.1515625
4 0.7375 0.50703125 0.2578125 0.134375
3 0.7859375 0.54765625 0.01875 0.0203125
3 0.70546875 0.57421875 0.028125 0.025
3 0.7484375 0.75546875 0.0328125 0.0234375
2 0.68203125 0.85234375 0.0484375 0.028125
2 0.60234375 0.5515625 0.0453125 0.03125
1 0.42265625 0.53671875 0.2546875 0.134375
1 0.37578125 0.7125 0.3265625 0.1453125
1 0.41875 0.8578125 0.3078125 0.146875
0 0.2796875 0.8328125 0.0984375 0.0625
0 0.2375 0.8578125 0.0578125 0.0625
0 0.1953125 0.6921875 0.0765625 0.0515625
0 0.27578125 0.4890625 0.0484375 0.0625
0 0.30625 0.5625 0.0578125 0.05
0 0.32734375 0.5984375 0.0484375 0.05
0 0.3078125 0.6671875 0.0609375 0.0453125
0 0.30859375 0.753125 0.08125 0.034375