1 0.51640625 0.57265625 0.109375 0.215625
1 0.33515625 0.54609375 0.09609375 0.18984375
1 0.4328125 0.55703125 0.0703125 0.16328125
4 0.3421875 0.3796875 0.096875 0.18984375
3 0.34609375 0.33984375 0.0125 0.0140625
4 0.4328125 0.396875 0.0875 0.18203125
3 0.440625 0.36484375 0.01328125 0.01484375
4 0.51875 0.36640625 0.09296875 0.21640625
3 0.521875 0.31875 0.0125 0.0171875
2 0.4984375 0.3921875 0.0140625 0.02734375
2 0.41484375 0.4328125 0.0140625 0.02578125
2 0.328125 0.41328125 0.01171875 0.028125
0 0.3 0.65234375 0.05 0.02890625
0 0.36875 0.64765625 0.03203125 0.034375
0 0.46171875 0.68046875 0.05234375 0.02890625
0 0.4453125 0.65390625 0.02890625 0.03515625
0 0.5515625 0.6640625 0.0234375 0.02421875
0 0.44296875 0.6296875 0.01328125 0.04140625