4 0.38203125 0.7 0.3734375 0.4515625
3 0.40234375 0.8265625 0.040625 0.040625
4 0.6921875 0.74140625 0.3421875 0.45625
3 0.71328125 0.86015625 0.0453125 0.0453125
3 0.71640625 0.628125 0.06875 0.096875
3 0.37265625 0.60625 0.0515625 0.084375
1 0.4921875 0.309375 0.3296875 0.509375
1 0.8109375 0.3359375 0.3 0.5203125
0 0.9203125 0.12265625 0.071875 0.0765625
0 0.54453125 0.0296875 0.0734375 0.059375
1 0.225 0.29453125 0.190625 0.3890625
0 0.25390625 0.0953125 0.115625 0.0765625
0 0.6494490984375 0.030517735937500002 0.65347410625 0.022958578125 0.611520171875 0.0124982875 0.6097183328125 0.026335356250000004 0.61174125 0.0311324359375 0.6339654359375 0.036673548437499995 0.6386779640625 0.034986707812500004 0.6427187265625001 0.0359941828125 0.6494490984375 0.030517735937500002