4 0.88515625 0.64765625 0.165625 0.38125
3 0.88515625 0.5625 0.0296875 0.040625
4 0.7828125 0.4734375 0.071875 0.13515625
3 0.7875 0.478125 0.02421875 0.02890625
4 0.715625 0.725 0.1703125 0.3390625
3 0.74453125 0.61875 0.02421875 0.0375
2 0.71796875 0.88515625 0.0328125 0.090625
4 0.55859375 0.64765625 0.15859375 0.36953125
2 0.59375 0.78515625 0.0265625 0.07109375
4 0.496875 0.8671875 0.20390625 0.26484375
2 0.55078125 0.92265625 0.02421875 0.0375
4 0.41015625 0.60078125 0.11796875 0.3
2 0.4421875 0.55546875 0.01875 0.02734375
2 0.42109375 0.69765625 0.028125 0.06640625
4 0.1125 0.55859375 0.18984375 0.31640625
2 0.15078125 0.6640625 0.02109375 0.06875