4 0.70625 0.6078125 0.40625 0.3234375
3 0.82265625 0.578125 0.0359375 0.0359375
4 0.71953125 0.31484375 0.4140625 0.2921875
3 0.82890625 0.28515625 0.0390625 0.040625
3 0.6125 0.30078125 0.0890625 0.0578125
3 0.61953125 0.6234375 0.0765625 0.0421875
1 0.3328125 0.53671875 0.4671875 0.2734375
1 0.33125 0.23671875 0.48125 0.2453125
0 0.0671875 0.203125 0.0609375 0.0671875
0 0.1015625 0.1484375 0.109375 0.06875
0 0.05859375 0.50859375 0.0671875 0.065625
1 0.340625 0.7875 0.3609375 0.1515625
0 0.15234375 0.77734375 0.065625 0.1078125
0 0.0186858671875 0.4425533046875 0.024352290625000002 0.44839445468749994 0.058400726562500005 0.44983225625 0.0627171890625 0.44754970937499994 0.0660780859375 0.42632984374999994 0.064117053125 0.4220643046875 0.0647281265625 0.41820614687499996 0.059061703125 0.4123649953125 0.0442401453125 0.40606255 0.039095934375 0.4052477875 0.034257259375 0.4025039453125 0.026235409375 0.40321087968749997 0.021918946875 0.4054934265625 0.017908021875 0.40584689375 0.01019170625 0.40462474843749996 0.0087528859375 0.4053855984375 0.0041698453125 0.43432177968749996 0.0075696984374999995 0.4378264703125 0.0101418046875 0.43823385156250005 0.013019443750000002 0.43671215312499995 0.016724834375 0.438287765625 0.018991403125 0.440624225 0.0186858671875 0.4425533046875