4 0.64296875 0.140625 0.3796875 0.2
3 0.56484375 0.1078125 0.0390625 0.0265625
4 0.7234375 0.2875 0.353125 0.2203125
3 0.6484375 0.26640625 0.0453125 0.0296875
3 0.47109375 0.19140625 0.0203125 0.0171875
4 0.64296875 0.40625 0.3515625 0.1109375
2 0.76796875 0.40234375 0.0765625 0.03125
2 0.8921875 0.321875 0.0890625 0.025
4 0.8703125 0.5453125 0.259375 0.209375
3 0.8875 0.4734375 0.0375 0.015625
4 0.59375 0.59140625 0.3640625 0.1484375
2 0.66484375 0.590625 0.0671875 0.0328125
4 0.55859375 0.70703125 0.3375 0.1828125
2 0.6140625 0.6796875 0.0546875 0.03125
3 0.52109375 0.5625 0.03125 0.0171875
4 0.51875 0.88984375 0.30625 0.1984375