4 0.46017484062499997 1 0.4530200265625 0.964280834375 0.46062200937500003 0.945782090625 0.47314295937499995 0.9165421171875 0.47314295937499995 0.9410082015624999 0.4977376546875 0.942798421875 0.508022721875 0.9803926562499999 0.51500954375 1 0.5531875203125 0.9983051749999999 0.586725740625 0.982193353125 0.603718453125 0.9643280796875 0.608190215625 0.9500064671875 0.6086373515625 0.9213632296875 0.6108732328124999 0.9040579453124999 0.6135563171875 0.8664636984375 0.619816759375 0.8282727375000001 0.6108732328124999 0.8097739718750001 0.591197503125 0.8055968515625 0.5764406734375 0.812160915625 0.5728632484375 0.744133234375 0.571074571875 0.7292148843749999 0.5791237578125 0.681476190625 0.586725740625 0.64268848125 0.5916447078125 0.57943464375 0.551845978125 0.5543718359375001 0.5102586046875001 0.5495979453125 0.490582840625 0.5513881656249999 0.45346719531249996 0.5806281390625 0.4252951109375 0.6068844421875 0.41277416093749997 0.6325439765625 0.41277416093749997 0.6575595859375001 0.4270837890625 0.6838158453125 0.4342386359375 0.6867995140625001 0.44094628125 0.7118623687500001 0.4400519078125 0.7667618765624999 0.4360273140625 0.782276928125 0.43110838124999995 0.8109202 0.4230592296875 0.8007757171875 0.405619346875 0.7995822671874999 0.389968178125 0.8115169468750001 0.3998060421875 0.8878988906249999 0.3980173296875 0.927880071875 0.39757016093750003 0.9404114765625 0.4136685 0.9636840984375 0.4463123828125 0.9833763265625001 0.4521256875 1 0.46017484062499997 1
1 0.44810109374999996 0.5821925796875 0.4789562640625 0.5565330109375 0.5044452984375 0.5493721984375 0.5464798765625 0.555936275 0.5862785374999999 0.57443503125 0.5791237578125 0.359845284375 0.5831483171875 0.331202046875 0.580018096875 0.28943066875 0.5804653 0.2613841890625 0.571074571875 0.1838087734375 0.57822941875 0.10981372812500001 0.575546334375 0.08117052500000001 0.5384306890625 0.0746064609375 0.5209908078125001 0.0877345890625 0.5124944859375 0.1819380859375 0.47850906093749995 0.1771641953125 0.4700127390625 0.19892662187500001 0.46822402656250006 0.23294044062500002 0.44720672187500005 0.29500078125 0.43736885625 0.3898814921875 0.40990555312500004 0.6278563734375 0.44810109374999996 0.5821925796875
2 0.46796875 0.59140625 0.03515625 0.08203125
3 0.53359375 0.903125 0.0375 0.0296875
4 0.2707794421875 0.7427736859375 0.2856051828125 0.73928235625 0.2943262078125 0.7309031734375 0.3081054140625 0.691334775 0.3033960671875 0.6876106953125001 0.295372728125 0.68691243125 0.296419246875 0.6673609859375 0.30862868125 0.6112669640624999 0.2974657671875 0.60614635625 0.2870005390625 0.6005602265625 0.2519420234375 0.6010257296875 0.24810477187500002 0.602887778125 0.24566288281249998 0.6215081984374999 0.24670940937500002 0.6340769859375001 0.24444194375 0.649671590625 0.24304657500000001 0.6706195625 0.21810444687500002 0.6771367078125 0.2249068484375 0.7132137734375 0.22961620312500003 0.72531704375 0.2358953375 0.7339289890625 0.24217447343749998 0.7362565421875 0.24618615 0.7416099093749999 0.2484536140625 0.748825325 0.2491512921875 0.73928235625 0.2576979046875 0.72624806875 0.26641892968750003 0.7164723375000001 0.2695683 0.7376642 0.2707794421875 0.7427736859375
3 0.284375 0.70703125 0.009375 0.0125
3 0.271875 0.63828125 0.01171875 0.021875
1 0.2763838640625 0.5998081390625 0.28615548281250003 0.5987215015625 0.298573571875 0.604426375 0.3079380296875 0.6087729546875 0.3071237421875 0.5598740062500001 0.3097702109375 0.5552557703125001 0.311602390625 0.5283613453125 0.3128238390625 0.49684869374999996 0.29450206562500003 0.4933170953125 0.29389135 0.5000345234375 0.2908377203125 0.5380670375000001 0.28411973125 0.5763712187500001 0.2826947109375 0.5614298843750001 0.2847304625 0.551378421875 0.2879876640625 0.5318188515625 0.2892091125 0.522310721875 0.2812696734375 0.5147042109375 0.27190521562500003 0.51742081875 0.2666122609375 0.539425340625 0.265594384375 0.5511067656249999 0.259894271875 0.569308021875 0.25785851875 0.5790878265625 0.25276913749999996 0.586965975 0.250744834375 0.599806784375 0.2763838640625 0.5998081390625
0 0.31950207812500003 0.4768540203125 0.3250013484375 0.47357099687500004 0.321528125 0.4660394015625 0.3148711234375 0.46275639843749994 0.3048856140625 0.4668118625 0.30358315468749997 0.4704811234375 0.3014123921875 0.47839896406250004 0.30257013593750004 0.48477186093749997 0.3032937234375 0.48148885156250004 0.30517505625 0.47781961093750003 0.3063327890625 0.4772402578125 0.3064775046875 0.48071638281249995 0.3083588359375 0.48361315468750005 0.3146684125 0.48559377187499997 0.31950207812500003 0.4768540203125
0 0.29041386406249997 0.5044699109375 0.2920057546875 0.49288282343749995 0.291716325 0.48728239531249995 0.287519515625 0.4853512140625 0.282888559375 0.4851580984375 0.2769551453125 0.4895998140625 0.27594211562500004 0.5013800234375 0.2765209875 0.5073666828125 0.277389290625 0.5102634546875 0.27753400625 0.5033112046875 0.2811519421875 0.5079460359375 0.2837568625 0.5087185109375 0.2884339828125 0.5073068203125 0.29041386406249997 0.5044699109375
0 0.505154359375 0.1744802109375 0.5144932734375 0.1826870859375 0.51403770625 0.1717445828125 0.5008265890625 0.1620179296875 0.4889821203125 0.1492516828125 0.47235433281250006 0.1449962625 0.453676521875 0.1480358453125 0.44980430312499997 0.15381105625 0.44980430312499997 0.1608020921875 0.458915425 0.1738722921875 0.4687098703125 0.186030621875 0.4725821078125 0.18815833125 0.484198784375 0.175392084375 0.4898932359375 0.17052875781250001 0.4941331671875 0.17060478437499998 0.505154359375 0.1744802109375
0 0.571445971875 0.072241496875 0.5835181984375 0.08044837031249999 0.58693486875 0.08409587187499999 0.57691263125 0.1038531546875 0.57691263125 0.10871648125 0.59012378125 0.086527534375 0.597868221875 0.07315338125000001 0.6017404421875 0.052788178124999995 0.602651575 0.0336388015625 0.599690453125 0.0245200546875 0.583745971875 0.026647776562499996 0.57053485625 0.036678384375 0.559373728125 0.05035650312499999 0.5559282921875 0.073774925 0.5623348484374999 0.06889793749999999 0.571445971875 0.072241496875