0 0.06796875 0.2265625 0.103125 0.35859375
0 0.1453125 0.2296875 0.09140625 0.35859375
0 0.07734375 0.71796875 0.06796875 0.3125
0 0.15859375 0.734375 0.084375 0.31796875
0 0.203125 0.34296875 0.08671875 0.40703125
0 0.30859375 0.359375 0.1140625 0.4078125
0 0.3078125 0.7578125 0.07734375 0.33125
0 0.38828125 0.7453125 0.0828125 0.32734375
0 0.46875 0.734375 0.065625 0.2953125
0 0.53984375 0.74375 0.07578125 0.29296875
0 0.3859375 0.57421875 0.07109375 0.1015625
0 0.459375 0.34921875 0.10390625 0.3875
0 0.5625 0.35859375 0.11484375 0.396875
0 0.334375 0.3109375 0.084375 0.37890625
0 0.79140625 0.359375 0.10390625 0.4203125
0 0.69609375 0.359375 0.1015625 0.40703125
0 0.65703125 0.7765625 0.096875 0.34296875
0 0.74765625 0.7828125 0.0765625 0.359375
0 0.859375 0.7921875 0.0984375 0.34453125
0 0.94140625 0.78515625 0.071875 0.340625
0 0.95546875 0.3359375 0.08828125 0.4375