1 0.40078125 0.5234375 0.2265625 0.3421875
1 0.53515625 0.675 0.2625 0.3484375
1 0.8640625 0.70234375 0.196875 0.2984375
4 0.6328125 0.39375 0.1609375 0.29375
4 0.915625 0.43125 0.16875 0.328125
3 0.9046875 0.36015625 0.015625 0.021875
2 0.55390625 0.4609375 0.03125 0.065625
0 0.2734375 0.62421875 0.0734375 0.0765625
0 0.4125 0.71953125 0.08125 0.0515625
0 0.40546875 0.80390625 0.0921875 0.065625
0 0.57265625 0.81875 0.0875 0.0484375
0 0.78203125 0.84765625 0.096875 0.0609375
0 0.909375 0.84140625 0.075 0.109375
0 0.66875 0.74296875 0.065625 0.05
0 0.2921875 0.55078125 0.0578125 0.05625