0 0.05234375 0.24765625 0.1046875 0.3671875
0 0.12265625 0.24609375 0.1125 0.3671875
0 0.08046875 0.74375 0.0859375 0.31875
0 0.16328125 0.75546875 0.1015625 0.3265625
0 0.1875 0.35859375 0.109375 0.4171875
0 0.29453125 0.36953125 0.1375 0.41875
0 0.315625 0.77109375 0.0953125 0.3375
0 0.39609375 0.75390625 0.1015625 0.3359375
0 0.47578125 0.73828125 0.08125 0.3015625
0 0.5484375 0.74453125 0.0921875 0.3
0 0.38359375 0.58125 0.0765625 0.10625
0 0.446875 0.35078125 0.125 0.3953125
0 0.55 0.35390625 0.1359375 0.40625
0 0.31875 0.31875 0.1046875 0.3859375
0 0.78203125 0.34375 0.1265625 0.4296875
0 0.68515625 0.3484375 0.125 0.4171875
0 0.66796875 0.77109375 0.115625 0.3515625
0 0.76015625 0.7734375 0.096875 0.365625
0 0.87265625 0.7765625 0.11875 0.353125
0 0.95546875 0.7640625 0.0890625 0.346875
0 0.94453125 0.3109375 0.1109375 0.446875