4 0.296875 0.40625 0.14609375 0.3578125
3 0.3546875 0.33125 0.0140625 0.025
4 0.40390625 0.44609375 0.08828125 0.22578125
3 0.42734375 0.39296875 0.01015625 0.01640625
2 0.4359375 0.53359375 0.01640625 0.04375
2 0.378125 0.45546875 0.0234375 0.05
1 0.3296875 0.7046875 0.1171875 0.2921875
0 0.3171875 0.87734375 0.05234375 0.12578125
0 0.37109375 0.86796875 0.07421875 0.05625
0 0.3921875 0.8 0.04921875 0.0375
0 0.48359375 0.7875 0.0640625 0.02578125
1 0.3883928578125 0.6749338625 0.3710317453125 0.7245370375 0.3673115078125 0.7321428578125 0.36904761875 0.7797619046875 0.3727678578125 0.7830687828125 0.3802083328125 0.7853835984375 0.38963293593750004 0.783730159375 0.393105159375 0.7797619046875 0.390625 0.7605820109375 0.3928571421875 0.7476851859375 0.39112103125000003 0.728174603125 0.3953373015625 0.7166005296875 0.39508928593750003 0.7046957671875 0.3990575390625 0.696759259375 0.4045138890625 0.6762566140625 0.408978175 0.6458333328125 0.412946428125 0.59391534375 0.41840277812500004 0.59424603125 0.4203869046875 0.596230159375 0.42261904687499996 0.6028439156250001 0.428075396875 0.608796296875 0.44122023749999995 0.634259259375 0.44618055625 0.653769840625 0.44742063437499996 0.7050264546875 0.44965277812500004 0.7123015875 0.45089285781250005 0.7235449734375 0.45238095312500004 0.750661375 0.4543650796875 0.7569444437499999 0.4640376984375 0.7552910046875 0.47445436562500004 0.752976190625 0.4769345234375 0.7483465609375 0.477678571875 0.6369047625 0.47569444375 0.622023809375 0.46527777812500004 0.587632275 0.45907738125 0.56845238125 0.44587742500000005 0.5349794234374999 0.44312169375000005 0.5426954734375 0.44477513281250003 0.5526161078125 0.43843694843750003 0.5559229859375 0.4326499109375 0.5320399765625 0.4323743390625 0.5573927109375 0.4249751984375 0.5572089953125 0.40550595312500004 0.559523809375 0.3826884921875 0.5578703703125 0.378637565625 0.5570252796874999 0.37422839531249996 0.56106701875 0.37344908593750004 0.556217984375 0.3678902109375 0.5544532625 0.36805555624999997 0.5955687828125 0.3712797625 0.6048280421875 0.372023809375 0.612103175 0.38095238125 0.6332671953125 0.384920634375 0.6481481484375 0.38715277812500004 0.6580687828125 0.3883928578125 0.6749338625