4 0.08740234375 0.3794871796875 0.0869140625 0.4070818078125 0.08251953125 0.41391941406250005 0.08056640625 0.41098901093749995 0.07275390625 0.4102564109375 0.0546875 0.41904761874999996 0.0478515625 0.4263736265625 0.04638671875 0.4322344328125 0.06396484375 0.5106227109375 0.07177734375 0.5355311359375 0.08642578125 0.5487179484375 0.091796875 0.54945055 0.09228515625 0.54358974375 0.11181640625 0.528205128125 0.1259765625 0.5597069593749999 0.12939453125 0.5648351640625 0.1318359375 0.5648351640625 0.13037109375 0.5347985343749999 0.1337890625 0.5076923078125 0.14794921875 0.4703296703125 0.150390625 0.46886446875 0.171875 0.515750915625 0.17724609375 0.5465201468750001 0.1806640625 0.5545787546875001 0.18408203125 0.5538461531250001 0.19091796875 0.5421245421875 0.21630859375 0.5326007328125 0.22998046875 0.5179487171875 0.234375 0.509157509375 0.23876953125 0.49377289375 0.23876953125 0.4615384609375 0.21435546875 0.43882783906249995 0.0927734375 0.1985347984375 0.08740234375 0.2 0.07666015625 0.21172161250000002 0.0703125 0.22124542187500001 0.06982421875 0.23589743593749998 0.0830078125 0.321611721875 0.08740234375 0.3794871796875
3 0.1078125 0.46015625 0.02421875 0.0375
4 0.3115234375 0.29450549375 0.296875 0.30109890156249997 0.29150390625 0.284065934375 0.296875 0.183882784375 0.29248046875 0.172161171875 0.28369140625 0.15897435937499999 0.26123046875 0.13626373593750002 0.24169921875 0.1260073265625 0.236328125 0.128205128125 0.23388671875 0.15091575156249998 0.22705078125 0.1611721609375 0.2138671875 0.139926740625 0.1953125 0.15897435937499999 0.1943359375 0.1758241765625 0.177734375 0.21245421250000002 0.1767578125 0.22783882812499998 0.2021484375 0.27326007343750003 0.25341796875 0.40293040312499995 0.265625 0.44175824218750004 0.265625 0.4622710625 0.29248046875 0.4644688640625 0.30126953125 0.459340659375 0.30322265625 0.44908424843750006 0.3017578125 0.3794871796875 0.30322265625 0.353113553125 0.3056640625 0.34945054999999997 0.318359375 0.3479853484375 0.32080078125 0.35018315 0.3349609375 0.384615384375 0.3447265625 0.4234432234375 0.3505859375 0.43003662968749995 0.35400390625 0.43150183125 0.3564453125 0.4293040296875 0.376953125 0.390476190625 0.3779296875 0.315018315625 0.37451171875 0.3047619046875 0.3720703125 0.28498168437500004 0.3662109375 0.274725275 0.35302734375 0.26813186875 0.34033203125 0.2703296703125 0.33203125 0.28058608125 0.3212890625 0.3018315015625 0.3173828125 0.29670329687499997 0.3115234375 0.29450549375
3 0.26015625 0.3703125 0.02890625 0.04375
3 0.19453125 0.55 0.01640625 0.01875
4 0.4580078125 0.4820512828125 0.462890625 0.3831501828125 0.44970703125 0.3604395609375 0.443359375 0.34358974375 0.43994140625 0.327472528125 0.43896484375 0.29670329687499997 0.4482421875 0.2608058609375 0.4482421875 0.25054945 0.4375 0.2131868125 0.43310546875 0.20805860781250002 0.4072265625 0.197069596875 0.40185546875 0.20293040312500002 0.3974609375 0.1992674 0.37353515625 0.20805860781250002 0.3603515625 0.2175824171875 0.353515625 0.22637362656249999 0.35400390625 0.23589743593749998 0.37158203125 0.2827838828125 0.380859375 0.34432234375 0.37841796875 0.3882783875 0.36474609375 0.4168498171875 0.36181640625 0.43076923125000005 0.3623046875 0.440293040625 0.37255859375 0.4791208796875 0.37548828125 0.478388278125 0.384765625 0.4615384609375 0.3935546875 0.47545787500000003 0.3857421875 0.49084249062499996 0.38623046875 0.55018315 0.3798828125 0.58095238125 0.38037109375 0.6043956046875001 0.388671875 0.6380952375 0.40625 0.653479853125 0.41064453125 0.65567765625 0.41845703125 0.653479853125 0.44140625 0.6117216125 0.4453125 0.5772893765625 0.4560546875 0.5450549453125 0.46044921875 0.5384615390625 0.47900390625 0.527472528125 0.48388671875 0.5201465203125 0.4970703125 0.4791208796875 0.50732421875 0.428571428125 0.50390625 0.42197802187500005 0.49267578125 0.4146520140625 0.48046875 0.41172161249999994 0.47802734375 0.41904761874999996 0.46923828125 0.509890109375 0.46630859375 0.515750915625 0.46142578125 0.515750915625 0.45947265625 0.5128205125 0.4580078125 0.4820512828125
2 0.38828125 0.2453125 0.02734375 0.0734375
2 0.303125 0.1265625 0.0203125 0.0859375
4 0.47607421875 0 0.43798828125 0.0571428578125 0.4306640625 0.060073259375 0.42724609375 0.06446886406249999 0.43212890625 0.13333333281249998 0.43115234375 0.175091575 0.43408203125 0.184615384375 0.4423828125 0.197069596875 0.45556640625 0.21025641093749997 0.46484375 0.21391941406249998 0.47900390625 0.22490842500000002 0.482421875 0.21684981718750002 0.48095703125 0.191208790625 0.484375 0.16923076875 0.48486328125 0.139926740625 0.48779296875 0.13626373593750002 0.4912109375 0.13626373593750002 0.51953125 0.23150183124999998 0.5234375 0.26007325937500003 0.52685546875 0.25860805937500003 0.537109375 0.2424908421875 0.5498046875 0.23223443281249997 0.56591796875 0.22417582343750003 0.587890625 0.20805860781250002 0.6005859375 0.1875457875 0.6015625 0.16849816875 0.62109375 0.0864468859375 0.6005859375 0.060073259375 0.5830078125 0.046153846875 0.5556640625 0 0.47607421875 0
3 0.45234375 0.1234375 0.0140625 0.0375
4 0.60546875 0.2761904765625 0.6025390625 0.2483516484375 0.59716796875 0.2424908421875 0.57861328125 0.23296703281250003 0.5751953125 0.234432234375 0.57373046875 0.24542124531249998 0.56787109375 0.24175824218750003 0.56640625 0.23296703281250003 0.56396484375 0.23076923124999998 0.55615234375 0.23589743593749998 0.5478515625 0.25054945 0.54345703125 0.27545787499999996 0.5419921875 0.3003663 0.5205078125 0.3648351640625 0.52099609375 0.378021978125 0.529296875 0.3794871796875 0.53466796875 0.384615384375 0.5439453125 0.4073260078125 0.5537109375 0.4073260078125 0.55712890625 0.4263736265625 0.5556640625 0.460073259375 0.552734375 0.4710622703125 0.546875 0.524542125 0.52587890625 0.5509157515625 0.52587890625 0.5611721609375 0.5302734375 0.565567765625 0.53955078125 0.5670329671875 0.55078125 0.55677655625 0.5546875 0.55677655625 0.55810546875 0.5604395609374999 0.5673828125 0.5824175828125 0.57080078125 0.5846153843749999 0.57177734375 0.5509157515625 0.57958984375 0.51868131875 0.5830078125 0.5172161171874999 0.59716796875 0.5362637359375 0.60986328125 0.565567765625 0.61376953125 0.5582417578125 0.638671875 0.5355311359375 0.64453125 0.5179487171875 0.6484375 0.48058608124999996 0.64892578125 0.453479853125 0.6474609375 0.4483516484375 0.63818359375 0.4373626375 0.62890625 0.446153846875 0.623046875 0.446153846875 0.61279296875 0.42197802187500005 0.61083984375 0.408791209375 0.6064453125 0.4007326 0.603515625 0.3179487171875 0.60546875 0.2761904765625
2 0.58046875 0.3375 0.0296875 0.065625
4 0.74853515625 0.33186813125 0.74755859375 0.325274725 0.73876953125 0.30622710625 0.73291015625 0.2820512828125 0.69921875 0.2739926734375 0.61865234375 0.27326007343750003 0.6181640625 0.30256410312500004 0.62255859375 0.39316239375 0.62158203125 0.446153846875 0.62353515625 0.44981685000000005 0.626953125 0.44981685000000005 0.63232421875 0.4454212453125 0.6416015625 0.43296703281250004 0.65576171875 0.40586080625000004 0.66748046875 0.40586080625000004 0.6708984375 0.41098901093749995 0.671875 0.42124542187499997 0.67236328125 0.4703296703125 0.67041015625 0.47399267343749996 0.67626953125 0.4695970703125 0.6806640625 0.4761904765625 0.666015625 0.496703296875 0.66064453125 0.5084249078124999 0.65625 0.5677655671874999 0.671875 0.54432234375 0.67431640625 0.54432234375 0.6962890625 0.5706959703125001 0.7021484375 0.5831501828125 0.701171875 0.5985347984375 0.70263671875 0.5992674 0.71923828125 0.5758241765625 0.73388671875 0.5670329671875 0.751953125 0.54358974375 0.76904296875 0.49377289375 0.78271484375 0.4512820515625 0.7822265625 0.44688644687499995 0.75341796875 0.425641025 0.7392578125 0.4102564109375 0.72998046875 0.4102564109375 0.72705078125 0.40659340625 0.7275390625 0.4007326 0.734375 0.3875457875 0.744140625 0.3582417578125 0.74853515625 0.33186813125
2 0.6703125 0.3828125 0.02734375 0.053125
3 0.559375 0.48125 0.01640625 0.03125
4 0.8701171875 0.341391940625 0.86376953125 0.3648351640625 0.85791015625 0.3604395609375 0.8583984375 0.3208791203125 0.8525390625 0.31941391874999997 0.84619140625 0.322344321875 0.82861328125 0.3355311359375 0.828125 0.34505494531249997 0.84521484375 0.3948717953125 0.84765625 0.43076923125000005 0.841796875 0.440293040625 0.83251953125 0.43076923125000005 0.82177734375 0.4322344328125 0.814453125 0.45054945 0.81494140625 0.47472527500000006 0.79296875 0.5018315015625 0.79296875 0.5369963375 0.80615234375 0.5428571421874999 0.818359375 0.5326007328125 0.8203125 0.528205128125 0.8251953125 0.5335164828125001 0.82275390625 0.5714285718750001 0.81787109375 0.5926739921874999 0.8134765625 0.6021978015625 0.8134765625 0.6073260078125 0.8349609375 0.60586080625 0.84228515625 0.6109890109375 0.86279296875 0.6124542125 0.88330078125 0.6043956046875001 0.89599609375 0.5926739921874999 0.93798828125 0.527472528125 0.95703125 0.48864468906249997 0.9677734375 0.447619046875 0.97314453125 0.40659340625 0.9736328125 0.3860805859375 0.970703125 0.374358975 0.9677734375 0.37655677656250003 0.96728515625 0.3824175828125 0.955078125 0.3824175828125 0.95751953125 0.3641025640625 0.9560546875 0.35677655625 0.9345703125 0.35604395625 0.87548828125 0.3304029296875 0.8701171875 0.341391940625