1 0.62265625 0.53984375 0.15234375 0.2859375
1 0.47734375 0.65078125 0.1875 0.28671875
1 0.18046875 0.61796875 0.13203125 0.24921875
4 0.43984375 0.384375 0.09921875 0.2515625
4 0.15703125 0.36484375 0.153125 0.275
3 0.203125 0.30703125 0.01171875 0.01875
2 0.4984375 0.4578125 0.01875 0.05625
0 0.71875 0.65 0.05703125 0.05859375
0 0.578125 0.7109375 0.06875 0.03359375
0 0.57109375 0.78828125 0.07578125 0.0453125
0 0.41953125 0.771875 0.075 0.0296875
0 0.228125 0.76171875 0.08203125 0.0390625
0 0.115625 0.734375 0.05078125 0.08984375
0 0.34765625 0.68828125 0.0546875 0.0359375
0 0.715625 0.5828125 0.0453125 0.04140625