4 0.4640625 0.0921875 0.2015625 0.1
4 0.44140625 0.17109375 0.2078125 0.0890625
4 0.4484375 0.26171875 0.1734375 0.096875
4 0.4546875 0.38515625 0.1453125 0.0796875
4 0.284375 0.30390625 0.1609375 0.084375
4 0.21328125 0.6 0.1953125 0.13125
4 0.4296875 0.93046875 0.2046875 0.103125
4 0.21171875 0.8203125 0.2078125 0.134375
4 0.45546875 0.84140625 0.1640625 0.1015625
4 0.5046875 0.7078125 0.1234375 0.090625
4 0.49609375 0.62109375 0.103125 0.0859375
3 0.49140625 0.821875 0.015625 0.015625
3 0.215625 0.79140625 0.0171875 0.0140625
3 0.2421875 0.5828125 0.0171875 0.015625
3 0.5203125 0.68984375 0.01875 0.0140625
3 0.5 0.5984375 0.01875 0.0140625
1 0.25078125 0.94453125 0.2 0.0875
2 0.378125 0.909375 0.034375 0.01875
2 0.14375 0.8125 0.028125 0.0171875
3 0.5125 0.090625 0.0203125 0.01875
3 0.3296875 0.30546875 0.01875 0.015625
3 0.4890625 0.17109375 0.0171875 0.015625
3 0.48359375 0.37890625 0.015625 0.0125
3 0.50546875 0.35 0.0109375 0.009375
2 0.4359375 0.29921875 0.028125 0.01875
1 0.259375 0.08828125 0.2484375 0.0796875
1 0.2625 0.1671875 0.2296875 0.0953125
1 0.278125 0.25390625 0.2328125 0.0828125
1 0.18203125 0.31171875 0.1234375 0.0734375
1 0.1203125 0.58984375 0.16875 0.203125
0 0.1328125 0.978125 0.05 0.028125
0 0.14921875 0.92578125 0.0484375 0.053125
0 0.0265625 0.6984375 0.053125 0.075
0 0.0453125 0.52265625 0.0890625 0.05625
0 0.1125 0.0984375 0.0515625 0.0546875
0 0.18203125 0.0671875 0.053125 0.0265625
0 0.115625 0.1359375 0.046875 0.0328125
0 0.121875 0.171875 0.040625 0.0484375
0 0.15078125 0.18671875 0.046875 0.0265625
0 0.14765625 0.259375 0.040625 0.03125
0 0.17421875 0.24453125 0.046875 0.0234375
0 0.14453125 0.29609375 0.040625 0.028125