4 0.7515625 0.7421875 0.328125 0.2
3 0.71484375 0.7953125 0.0171875 0.01875
4 0.78671875 0.56171875 0.39375 0.24375
3 0.84296875 0.59296875 0.03125 0.0265625
2 0.715625 0.5875 0.0625 0.04375
1 0.496875 0.4859375 0.3046875 0.2109375
0 0.3390625 0.50234375 0.06875 0.0984375
0 0.4203125 0.40234375 0.0484375 0.040625
1 0.509375 0.66640625 0.246875 0.14375
0 0.38515625 0.621875 0.071875 0.0765625
0 0.48671875 0.609375 0.0859375 0.0546875
3 0.790625 0.75546875 0.0296875 0.021875
0 0.26328125 0.62890625 0.0734375 0.10625