0 0.43515625 0.54140625 0.3296875 0.165625
0 0.41484375 0.44140625 0.3296875 0.16875
0 0.3875 0.359375 0.3359375 0.2125
0 0.45625 0.6421875 0.3265625 0.21875
0 0.4359375 0.71796875 0.3140625 0.2421875
0 0.38828125 0.7796875 0.284375 0.2625
0 0.33046875 0.82734375 0.209375 0.25625
0 0.26171875 0.8609375 0.1828125 0.246875
0 0.178125 0.82890625 0.1109375 0.1875
0 0.12578125 0.8203125 0.096875 0.1640625
0 0.19921875 0.64296875 0.2046875 0.2625
0 0.115625 0.61171875 0.1203125 0.209375
0 0.13203125 0.50390625 0.165625 0.228125
0 0.3375 0.271875 0.3203125 0.2515625
0 0.23515625 0.20390625 0.225 0.2890625
0 0.16015625 0.22421875 0.1703125 0.24375
0 0.08984375 0.24609375 0.1625 0.2453125
0 0.0609375 0.27890625 0.121875 0.2109375