4 0.21015625 0.28671875 0.2921875 0.13125
3 0.23359375 0.23046875 0.0125 0.0140625
4 0.2140625 0.46171875 0.3484375 0.1625
3 0.15546875 0.44375 0.025 0.021875
2 0.27421875 0.42265625 0.053125 0.0328125
1 0.496875 0.47421875 0.265625 0.1484375
0 0.63984375 0.428125 0.0484375 0.0859375
0 0.584375 0.53671875 0.040625 0.0296875
1 0.44921875 0.31015625 0.2203125 0.090625
0 0.5734375 0.3265625 0.0578125 0.0640625
0 0.48203125 0.35859375 0.075 0.0359375
3 0.171875 0.2828125 0.025 0.015625
0 0.68515625 0.2953125 0.0515625 0.09375