0 0.8703125 0.090625 0.0453125 0.0515625
0 0.8875 0.196875 0.05 0.0703125
4 0.41328125 0.1875 0.3375 0.2125
2 0.4765625 0.19140625 0.0546875 0.0296875
3 0.3375 0.159375 0.0265625 0.0203125
1 0.71484375 0.15546875 0.321875 0.1484375
4 0.45078125 0.44296875 0.18125 0.1359375
4 0.4609375 0.34609375 0.1453125 0.0734375
1 0.63203125 0.4203125 0.2265625 0.1125
1 0.7734375 0.5765625 0.321875 0.1671875
0 0.948383453125 0.5410044140625 0.9576809140625 0.5404506453125 0.960682375 0.5391494390625 0.9643762203125 0.5338928562499999 0.9641786765625 0.5276784578125 0.9552182468750001 0.5162586859375 0.9467087 0.5099925359374999 0.936594296875 0.5051650578125 0.9221043703125 0.5017590015625 0.8824648312500001 0.5036690921875 0.8802631218749999 0.506198596875 0.8762536578125 0.5078476453125 0.8697891437499999 0.513086978125 0.87071880625 0.5197566296875 0.8780797343750001 0.52871980625 0.9098978890625 0.5363222125 0.948383453125 0.5410044140625
0 0.9364947515625 0.583156321875 0.936634340625 0.59266473125 0.944547034375 0.6000217140624999 0.954317921875 0.604879246875 0.9568856921875 0.60257736875 0.9603208453125 0.60227683125 0.9654005921875 0.6049482515625 0.9669947406249999 0.611300115625 0.9672717578125001 0.6263357734375 0.9705212046874999 0.62786905625 0.9801170921875 0.626769871875 0.9835125109374999 0.6220587046875 0.9839741 0.6194217875 0.9812859921875001 0.59265301875 0.9773323218750001 0.58702689375 0.9736717265625 0.5847506203124999 0.9734172531249999 0.5699726421875 0.976722496875 0.5642307515625 0.9764347750000001 0.5569856296875 0.9752689640625001 0.5555297046875001 0.97069054375 0.5546319984375 0.9530810796875 0.5551340125 0.9395208171875 0.5583976093749999 0.9362832078125001 0.56491254375 0.9346901890625 0.574399434375 0.9364947515625 0.583156321875
0 1 0.733766571875 0.9992094265624999 0.730259115625 0.9961510375 0.7229967421875 0.9929004578124999 0.7056247046874999 0.988603271875 0.70002863125 0.979311165625 0.69668713125 0.9701994109375001 0.6954070812500001 0.9613130984374999 0.6967038390625 0.9564308968749999 0.700246815625 0.947499496875 0.7010282125 0.9363717375 0.7004438453125 0.9400464375 0.742445846875 0.9431606203125 0.74243304375 0.960162521875 0.7508123984374999 0.9647634875 0.751967784375 0.9688405843749999 0.7510917796875 0.97558098125 0.74504935 0.9783516484374999 0.7450666015625 0.9802044890625 0.74646241875 0.983077171875 0.7555586125 0.987415225 0.7814040703125 0.992658134375 0.7819839875000001 0.996599965625 0.7795618953125001 0.9988295734375001 0.773394803125 1 0.772559496875 1 0.733766571875
4 0.45234375 0.88515625 0.321875 0.1453125
1 0.62578125 0.3296875 0.2046875 0.0984375
1 0.76171875 0.7265625 0.3203125 0.1390625