4 0.4369825453125 0.7995500453125 0.47455693437499996 0.7723459874999999 0.49782546875 0.6590314203125 0.4678348984375 0.63460959375 0.4683519828125 0.550524346875 0.49317174062499997 0.46540378281250006 0.456114446875 0.4453098921875 0.4178506421875 0.439127153125 0.3690729109375 0.43510836406250003 0.36528099375 0.56653600625 0.367349315625 0.617684121875 0.358731340625 0.6158293046875001 0.347183246875 0.6217029109375 0.33115381250000003 0.6380871578125 0.346801453125 0.755543809375 0.3835140328125 0.792949378125 0.3885124484375 0.81798948125 0.39023604375 0.80531485 0.39695806718750004 0.7719280671875001 0.404024803125 0.7651270515624999 0.4119533515625 0.7481245171875 0.423846146875 0.768836696875 0.42832750312499995 0.7880031921875 0.42799708125 0.8195698828125 0.4369825453125 0.7995500453125
3 0.4484375 0.71328125 0.0171875 0.03125
2 0.40078125 0.575 0.0171875 0.059375
2 0.8421875 0.4671875 0.02734375 0.06484375
0 0.46799093281250004 0.1360750578125 0.47791355468749996 0.137948396875 0.48505089218749997 0.134826146875 0.48922883125 0.1104726140625 0.49253637499999997 0.091739121875 0.49218821874999996 0.0695711609375 0.484702721875 0.057082164062499996 0.469905821875 0.0573943828125 0.463290746875 0.06520000625 0.463290746875 0.07831345468749999 0.46294257656250004 0.1070381453125 0.46034755 0.13010551875 0.46799093281250004 0.1360750578125
0 0.379627496875 0.130142775 0.38467585312499997 0.1263960859375 0.393205834375 0.117341565625 0.3958170515625 0.08143570312500001 0.3818905578125 0.0617655375 0.3615230515625 0.0449053875 0.36047856718750004 0.062702209375 0.3627416296875 0.07893790625 0.3629157078125 0.10547702187500001 0.3676338328125 0.12269452656249999 0.379627496875 0.130142775
0 0.890876571875 0.095326096875 0.8942667 0.0770849203125 0.890876571875 0.07019378750000001 0.891780609375 0.0543847859375 0.8836443109375001 0.0511419109375 0.8836443109375001 0.056816934375 0.8773160671875001 0.042224 0.868049725 0.032495365625 0.847708965625 0.0300632140625 0.8420587546875 0.034116809375 0.84183275 0.044250796875 0.852229134375 0.0677616453125 0.8628515406249999 0.0535740625 0.8748299765625 0.053168709375 0.8822882640625 0.0677616453125 0.8850274234375 0.0828042859375 0.890876571875 0.095326096875
1 0.920468409375 0.4048116125 0.9066243953124999 0.33605148125 0.9208233796874999 0.2341846109375 0.9275679015625 0.1348643984375 0.8981050265625001 0.1304077421875 0.898814965625 0.1641511125 0.8927804078125 0.18834451562500001 0.8913605046875 0.09539100625 0.8853259203125001 0.084567621875 0.8622525718749999 0.089660984375 0.8544431421875001 0.257104596875 0.8562180140625 0.35196817812500003 0.8516033343749999 0.420728309375 0.9187390140625 0.43035729843750004 0.920468409375 0.4048116125
0 0.9304280671875 0.097525253125 0.9292980234374999 0.086175190625 0.9168675437499999 0.0886073578125 0.9159635234374999 0.1011734953125 0.9103133124999999 0.1080646109375 0.9033070375 0.104011015625 0.8976568265625 0.0995520515625 0.8911025953125 0.099146696875 0.8920066140625 0.11698251562499999 0.9021769953125001 0.117387875 0.9130254062500001 0.1238736125 0.9279762046875 0.1344573140625 0.9333661828125001 0.1141450015625 0.9304280671875 0.097525253125
1 0.7114936671875001 0.40536522656249996 0.712148621875 0.3720815796875 0.710838696875 0.358376546875 0.703634084375 0.3525029625 0.69533788125 0.3540692578125 0.6933729859375 0.3685574375 0.6931546671875 0.434733153125 0.6955562 0.4445224609375 0.6935913046875 0.45235390625000005 0.6935913046875 0.49973416249999997 0.7320158640625001 0.4977763015625 0.7486082875 0.52087906875 0.7455518 0.4770229546875 0.739002159375 0.4319921421875 0.7283044078125 0.3239181703125 0.71280359375 0.326267628125 0.712148621875 0.3540692578125 0.7171700203125 0.3803046078125 0.7213181296875 0.488378565625 0.7192708515625 0.49311337499999996 0.7143318359374999 0.41750397812499995 0.7114936671875001 0.40536522656249996
0 0.7088467765625001 0.3558916015625 0.7104318484375 0.3509810953125 0.7063971125 0.331080646875 0.7035151609375 0.316090684375 0.6963102828125 0.31066327031249996 0.6914109640625 0.316866034375 0.692419653125 0.336249596875 0.69602209375 0.3476212796875 0.6974630671875001 0.349430415625 0.695013403125 0.340126309375 0.6976071625 0.33986785468749997 0.7040702249999999 0.3377292578125 0.7088467765625001 0.3558916015625
0 0.7187894984375001 0.319967396875 0.7259943765625 0.31919205625 0.7272912578125 0.315832240625 0.73204648125 0.3075619203125 0.73204648125 0.30032537187499997 0.7278676500000001 0.293864184375 0.7170603328125 0.29463954531250003 0.714610678125 0.30058383593750004 0.7136182828125001 0.31641984375 0.7187894984375001 0.319967396875
1 0.48235493749999997 0.456958428125 0.48468251718750005 0.4345197640625 0.48002737968750003 0.37085655625 0.4756631859375 0.355201675 0.48090020468750005 0.3374594984375 0.48497348125000006 0.30093143906250003 0.488755746875 0.17360505625 0.4820639953125 0.1616029625 0.4870100953125 0.1542973828125 0.4875919796875 0.143860796875 0.4582064078125 0.133946028125 0.45995208125 0.15221005781250002 0.45180557656250003 0.176214203125 0.45151463437499995 0.20595844375 0.44656855625 0.2800582625 0.42474758437500004 0.4261704953125 0.4014718796875 0.164733971875 0.39390725781249997 0.1542973828125 0.3956529546875 0.133946028125 0.36510359375 0.13446785 0.36539453437499997 0.258141425 0.3720862859375 0.333284865625 0.3703637859375 0.43010533124999994 0.48235493749999997 0.456958428125
4 0.9187927140625 0.706538359375 0.9313944515625 0.6531977140625 0.9293781843750001 0.616278984375 0.9250935828125 0.5796597734375 0.9165244171875001 0.5873444343750001 0.9029145359375 0.5764954953125 0.9071991203125 0.5023610515625 0.92106103125 0.4354592484375 0.8996380765625 0.4268705125 0.8635971203125001 0.421898071875 0.8507433328125 0.42280211875000007 0.848222984375 0.498013046875 0.854775903125 0.5911331421875 0.8560360765624999 0.61554326875 0.8666215296875001 0.6566788328125 0.8777110609375001 0.690581775 0.8882965140625 0.7068551734375 0.9100605343750001 0.72995200625 0.9187927140625 0.706538359375
1 0.6167220765625 0.5174748421875 0.609834359375 0.4612448640625 0.61149690625 0.3624163890625 0.6100718625 0.33600534843749996 0.6041341625000001 0.33557937031249996 0.6031841250000001 0.32876362187499997 0.583708465625 0.3189659609375 0.5706455234375001 0.42077631406249993 0.5695800703125 0.5012515671875 0.6167220765625 0.5174748421875