4 0.6828125 0.24375 0.20625 0.315625
4 0.17421875 0.2859375 0.12265625 0.240625
1 0.18359375 0.49765625 0.1 0.20390625
1 0.30390625 0.48046875 0.0984375 0.26875
1 0.3859375 0.49921875 0.1078125 0.26875
1 0.69140625 0.53671875 0.13828125 0.30078125
1 0.4875 0.525 0.1046875 0.315625
2 0.6890625 0.23671875 0.03203125 0.0546875
3 0.73046875 0.1640625 0.01953125 0.02890625
2 0.19453125 0.3328125 0.025 0.040625
0 0.6625 0.67265625 0.04765625 0.10078125
0 0.7015625 0.725 0.0484375 0.05
0 0.48984375 0.696875 0.11640625 0.05859375
0 0.59140625 0.61953125 0.04609375 0.0375
0 0.51328125 0.61796875 0.0328125 0.040625
0 0.3640625 0.6484375 0.0890625 0.046875
0 0.19375 0.6359375 0.04609375 0.034375
0 0.2203125 0.5703125 0.0578125 0.0484375