4 0.271875 0.34765625 0.259375 0.621875
2 0.36015625 0.52421875 0.0578125 0.0921875
4 0.3453125 0.184375 0.15 0.253125
3 0.39453125 0.19140625 0.01875 0.0375
4 0.6171875 0.2984375 0.1796875 0.3265625
2 0.59140625 0.3609375 0.034375 0.0640625
3 0.640625 0.23515625 0.0265625 0.03125
3 0.48046875 0.4703125 0.0109375 0.015625
1 0.61640625 0.59921875 0.1546875 0.328125
0 0.57578125 0.796875 0.0671875 0.0859375
0 0.64609375 0.775 0.0453125 0.090625
0 0.4640625 0.86484375 0.1015625 0.0859375
1 0.1359375 0.7671875 0.1859375 0.3859375