4 0.4875 0.4546875 0.24375 0.11875
3 0.4359375 0.44921875 0.01875 0.015625
2 0.5015625 0.46796875 0.0375 0.01875
4 0.47265625 0.5890625 0.1546875 0.078125
2 0.5046875 0.59921875 0.021875 0.009375
0 0.80546875 0.4609375 0.0421875 0.05
1 0.68359375 0.46484375 0.2265625 0.0875
0 0.7453125 0.43125 0.084375 0.0203125
0 0.68984375 0.57734375 0.034375 0.0234375
0 0.675 0.65859375 0.0265625 0.028125
0 0.66328125 0.68515625 0.028125 0.034375
1 0.609375 0.5875 0.1421875 0.059375
0 0.59765625 0.678125 0.1078125 0.078125