1 0.64375 0.465625 0.3234375 0.1953125
2 0.5851254375 0.45214363906250005 0.58217431875 0.4510486046875 0.577730809375 0.4514919796875 0.5763188890625 0.453538459375 0.5784718734375 0.4539786828125 0.58295561875 0.4537893421875 0.5851254375 0.45214363906250005
1 0.66953125 0.26328125 0.4 0.2234375
0 0.83984375 0.51875 0.0875 0.096875
0 0.74921875 0.3890625 0.0765625 0.06875
0 0.88359375 0.3015625 0.0703125 0.115625
0 0.796875 0.1515625 0.1234375 0.0625
4 0.3484375 0.5046875 0.328125 0.203125
2 0.41875 0.55390625 0.0578125 0.0359375
4 0.33046875 0.3078125 0.3984375 0.25
2 0.4265625 0.34765625 0.059375 0.0453125
3 0.28125 0.50859375 0.028125 0.03125
3 0.2359375 0.315625 0.0390625 0.034375
4 0.33984375 0.184375 0.146875 0.0828125
3 0.315625 0.190625 0.0203125 0.0140625
2 0.3671875 0.2078125 0.0234375 0.0125
0 0.53203125 0.18203125 0.0296875 0.034375
0 0.515625 0.159375 0.053125 0.0328125
1 0.46328125 0.17890625 0.1171875 0.059375
0 0.803125 0.7796875 0.0640625 0.0921875
0 0.73515625 0.62265625 0.08125 0.09375
0 0.76953125 0.8578125 0.05 0.08125