4 0.621875 0.134375 0.2875 0.1625
4 0.62109375 0.2875 0.3078125 0.2046875
4 0.60625 0.440625 0.2609375 0.15625
4 0.6953125 0.48828125 0.246875 0.140625
3 0.73828125 0.44765625 0.0171875 0.0171875
3 0.6609375 0.428125 0.028125 0.025
3 0.6890625 0.25625 0.03125 0.025
2 0.62109375 0.1703125 0.046875 0.03125
2 0.5671875 0.45546875 0.04375 0.03125
1 0.40078125 0.48125 0.24375 0.140625
1 0.3453125 0.32109375 0.309375 0.15625
1 0.3765625 0.1828125 0.2921875 0.15625
0 0.2484375 0.21484375 0.0953125 0.0640625
0 0.2078125 0.1953125 0.0578125 0.0625
0 0.1796875 0.3515625 0.0734375 0.053125
0 0.2671875 0.53515625 0.0484375 0.059375
0 0.290625 0.465625 0.05625 0.05
0 0.3078125 0.4296875 0.0484375 0.0484375
0 0.2859375 0.36796875 0.0578125 0.04375
0 0.28046875 0.2875 0.078125 0.0359375