4 0.1734375 0.5515625 0.346875 0.2
4 0.1671875 0.66875 0.3140625 0.146875
4 0.1671875 0.828125 0.290625 0.25
1 0.46171875 0.77578125 0.4 0.2140625
1 0.4375 0.61640625 0.2828125 0.146875
1 0.4671875 0.50234375 0.3375 0.1859375
0 0.56875 0.41640625 0.0546875 0.0859375
0 0.66328125 0.48828125 0.0796875 0.1125
0 0.678125 0.67578125 0.075 0.09375
0 0.68125 0.675 0.0671875 0.0875
0 0.6546875 0.7875 0.0625 0.1078125
0 0.6109375 0.5984375 0.0515625 0.0734375
0 0.5578125 0.56171875 0.0875 0.05
0 0.56953125 0.5953125 0.059375 0.05
2 0.10546875 0.78515625 0.0578125 0.028125
3 0.046875 0.8296875 0.0328125 0.028125
3 0.08125 0.66015625 0.03125 0.0265625
3 0.0390625 0.575 0.0296875 0.01875
2 0.19453125 0.49609375 0.06875 0.0375