4 0.39013671875 0.6279411765625 0.4033203125 0.63823529375 0.40869140625 0.6485294125000001 0.408203125 0.7102941171875 0.41845703125 0.718382353125 0.4091796875 0.7647058828125 0.404296875 0.7705882359375 0.39404296875 0.7720588234375 0.39013671875 0.7794117640625 0.3896484375 0.8389705875000001 0.38232421875 0.9044117640625 0.38232421875 0.9169117640625 0.3876953125 0.9227941171875 0.388671875 0.9389705875000001 0.38525390625 0.9463235296875 0.3798828125 0.9477941171875001 0.3779296875 0.9529411765625 0.3798828125 0.9941176468749999 0.38427734375 0.9963235296875 0.419921875 0.9779411765624999 0.42138671875 0.9375 0.42529296875 0.9110294124999999 0.4306640625 0.8889705875 0.453125 0.8220588234375 0.47021484375 0.7352941171875 0.47216796875 0.7110294125000001 0.47021484375 0.62573529375 0.45947265625 0.5661764703125 0.45068359375 0.53676470625 0.447265625 0.5389705874999999 0.44482421875 0.557352940625 0.43603515625 0.57573529375 0.4267578125 0.57573529375 0.4189453125 0.5654411765625 0.3974609375 0.525 0.3935546875 0.51323529375 0.39111328125 0.49485294062499996 0.37890625 0.5102941171875 0.34033203125 0.5139705875 0.33447265625 0.5227941171875 0.3330078125 0.5294117640625 0.333984375 0.5654411765625 0.373046875 0.6044117640625 0.39013671875 0.6279411765625
3 0.4625 0.63984375 0.0203125 0.0375
4 0.33544921875 1 0.34375 0.9683823531250001 0.35400390625 0.9433823531250001 0.3583984375 0.9154411765624999 0.349609375 0.8404411765625 0.3515625 0.792647059375 0.357421875 0.7838235296875 0.3681640625 0.77573529375 0.38232421875 0.769852940625 0.4033203125 0.7720588234375 0.40673828125 0.7661764703125 0.4052734375 0.744852940625 0.400390625 0.7360294125 0.3955078125 0.7330882359374999 0.39404296875 0.6647058828125 0.3857421875 0.6205882359375 0.376953125 0.607352940625 0.33349609375 0.56323529375 0.3291015625 0.5661764703125 0.31689453125 0.6088235296875 0.3115234375 0.618382353125 0.29248046875 0.593382353125 0.27490234375 0.5529411765625001 0.2734375 0.544117646875 0.259765625 0.5551470593750001 0.26025390625 0.5610294125 0.265625 0.5727941171875 0.2607421875 0.580882353125 0.25146484375 0.5860294125000001 0.25341796875 0.6036764703124999 0.24755859375 0.6080882359374999 0.240234375 0.6213235296875 0.2314453125 0.619852940625 0.22216796875 0.6044117640625 0.21728515625 0.6036764703124999 0.2109375 0.6095588234375 0.20849609375 0.6088235296875 0.201171875 0.5926470593750001 0.19091796875 0.607352940625 0.17431640625 0.6455882359375 0.15087890625 0.7397058828125 0.14501953125 0.7544117640625 0.14697265625 0.7794117640625 0.15625 0.7919117640625 0.1728515625 0.7911764703124999 0.197265625 0.7764705875 0.20166015625 0.7772058828125 0.20361328125 0.781617646875 0.205078125 0.8271008406249999 0.2021484375 0.857352940625 0.203125 0.8875 0.197265625 0.9375 0.20068359375 0.9647058828124999 0.19189453125 0.9889705875000001 0.19140625 1 0.33544921875 1
3 0.35 0.69296875 0.01953125 0.0453125
2 0.2921875 0.90859375 0.04765625 0.11484375
2 0.41953125 0.68046875 0.0265625 0.07734375
4 0.52685546875 0.9683823531250001 0.57080078125 0.9698529406249999 0.5791015625 0.9661764703125 0.58544921875 0.9713235296875 0.62646484375 0.955147059375 0.6298828125 0.96323529375 0.63232421875 0.9625 0.6416015625 0.9477941171875001 0.64208984375 0.9352941171875001 0.6279296875 0.8735294124999999 0.6171875 0.8110294124999999 0.60888671875 0.7794117640625 0.61181640625 0.7735294125000001 0.62158203125 0.77573529375 0.62890625 0.7713235296875001 0.64404296875 0.7514705875 0.65283203125 0.7338235296875 0.669921875 0.682352940625 0.66650390625 0.6602941171875 0.654296875 0.6352941171875 0.64794921875 0.6279411765625 0.63623046875 0.5875 0.61572265625 0.5647058828125 0.6064453125 0.5588235296875 0.6025390625 0.5529411765625001 0.60107421875 0.5330882359375 0.599609375 0.5323529406249999 0.5927734375 0.54926470625 0.59326171875 0.5647058828125 0.59033203125 0.5875 0.5849609375 0.605147059375 0.58154296875 0.6088235296875 0.5498046875 0.53823529375 0.546875 0.5389705874999999 0.5400390625 0.5551470593750001 0.53271484375 0.5610294125 0.53076171875 0.669852940625 0.5087890625 0.6985294125 0.48388671875 0.9161764703124999 0.47607421875 0.9522058828125 0.4765625 0.9610294125 0.52685546875 0.9683823531250001
2 0.5671875 0.7578125 0.03125 0.08046875
3 0.61640625 0.65625 0.01640625 0.04140625
4 0.65185546875 0.631617646875 0.65576171875 0.6323529406249999 0.66064453125 0.6132352937500001 0.66455078125 0.6193933828125 0.6650390625 0.6455882359375 0.6708984375 0.67426470625 0.6708984375 0.68676470625 0.6640625 0.6992647062499999 0.65087890625 0.7404411765625001 0.65283203125 0.7514705875 0.6572265625 0.756617646875 0.66259765625 0.7580882359375 0.669921875 0.7669117640625001 0.7001953125 0.780882353125 0.70556640625 0.7904411765625 0.7109375 0.7919117640625 0.7158203125 0.79926470625 0.71728515625 0.8154411765624999 0.70849609375 0.8397058828124999 0.7060546875 0.855882353125 0.70703125 0.8625 0.71337890625 0.8625 0.73828125 0.8529411765624999 0.78125 0.830882353125 0.783203125 0.8272058828125 0.7822265625 0.8147058828124999 0.7685546875 0.755882353125 0.767578125 0.7404411765625001 0.755859375 0.67426470625 0.7392578125 0.6330882359375 0.73193359375 0.5705882359375 0.73095703125 0.5507352937500001 0.74658203125 0.5397058828125 0.76611328125 0.5948529406249999 0.7783203125 0.6139705875 0.78173828125 0.6147058828125 0.78369140625 0.61176470625 0.78466796875 0.5955882359375 0.78076171875 0.5705882359375 0.77294921875 0.544852940625 0.7587890625 0.4779411765625 0.7451171875 0.4544117640625 0.73095703125 0.444117646875 0.69677734375 0.4264705875 0.69091796875 0.4205882359375 0.6884765625 0.45514705937500005 0.69189453125 0.4661764703125 0.669921875 0.5029411765625 0.6533203125 0.481617646875 0.6396484375 0.4470588234375 0.63671875 0.44926470625 0.62744140625 0.5014705875 0.626953125 0.5485294125 0.62939453125 0.5772058828125 0.6376953125 0.5911764703125 0.65185546875 0.631617646875
2 0.6640625 0.62578125 0.03125 0.06484375
3 0.70625 0.53671875 0.0171875 0.028125