4 0.46171875 0.37734375 0.3546875 0.1671875
2 0.475 0.40625 0.0578125 0.028125
4 0.53125 0.525 0.3625 0.184375
2 0.54375 0.5078125 0.0625 0.0265625
4 0.7258693453125 0.6495391984375 0.7189614671875 0.6301838078124999 0.69763958125 0.613766165625 0.7010479703125 0.60919645 0.7005612328125 0.6033674140625 0.70383175 0.6014284421875 0.7331189328125001 0.6019081296875 0.7597973828125 0.5916992328124999 0.76966408125 0.5848300171874999 0.77460703125 0.5660957015625 0.7692420906249999 0.5626489765625 0.756656359375 0.5609341984375 0.733983334375 0.570297825 0.64818863125 0.574770603125 0.615686078125 0.575177590625 0.5564595265625 0.5715460640625001 0.45897944375 0.572240878125 0.454781 0.5767691875 0.44795462343750003 0.601208325 0.4331821484375 0.6109860015625 0.43287883125000004 0.6167736328125 0.47630428281250003 0.61957705625 0.48172437031250004 0.6219714859375001 0.481558925 0.6251283765625 0.46245013593750006 0.6420651046875 0.4412193484375 0.65414228125 0.42873431406250007 0.6656226171874999 0.45561416093749996 0.681803946875 0.48482699843750005 0.7139353453124999 0.49874467187500005 0.72046826875 0.5359048328125 0.72188815625 0.605236653125 0.7292148375 0.6101148546874999 0.7268325265625 0.609141378125 0.715174453125 0.62525539375 0.694915215625 0.6948078109375 0.698032709375 0.7424041296875 0.6968339718750001 0.75069071875 0.689881946875 0.7518943890625 0.6820311265625 0.7496345203125 0.6798023171875001 0.74325893125 0.6805233734375 0.7365620500000001 0.672258503125 0.7379863140625 0.660198496875 0.7258693453125 0.6495391984375
2 0.67109375 0.625 0.075 0.0375
3 0.5171875 0.58828125 0.0296875 0.0234375
3 0.47265625 0.48125 0.034375 0.0171875
3 0.38671875 0.378125 0.0359375 0.021875
1 0.86484375 0.596875 0.2703125 0.228125
1 0.7890625 0.36796875 0.3921875 0.1375
0 0.96640625 0.4375 0.0671875 0.08125
0 0.97421875 0.359375 0.0515625 0.096875
4 0.1375 0.03359375 0.23125 0.0671875
1 0.36875 0.0515625 0.2625 0.103125