4 0.459375 0.74296875 0.334375 0.5140625
1 0.54921875 0.32265625 0.246875 0.45
0 0.628125 0.07265625 0.0765625 0.121875
0 0.571875 0.06328125 0.0875 0.121875
3 0.50703125 0.85390625 0.0359375 0.0453125
4 0.84765625 0.9265625 0.0984375 0.146875
3 0.8296875 0.9625 0.009375 0.0140625
1 0.8671875 0.796875 0.0953125 0.1578125
0 0.8578125 0.71875 0.0453125 0.0296875
0 0.88671875 0.728125 0.03125 0.0265625
0 0.80078125 0.684375 0.0453125 0.046875
0 0.7234375 0.66953125 0.04375 0.0265625
0 0.41640625 0.41171875 0.0328125 0.0390625
0 0.37578125 0.40078125 0.046875 0.0421875
4 0.71875 0.896875 0.0796875 0.15