4 0.1984375 0.403125 0.18359375 0.290625
4 0.62265625 0.35703125 0.17890625 0.3171875
4 0.80234375 0.346875 0.15625 0.23125
1 0.80625 0.58671875 0.1484375 0.28125
1 0.234375 0.653125 0.20546875 0.26796875
1 0.63359375 0.61484375 0.1609375 0.24453125
0 0.2890625 0.8015625 0.08671875 0.05625
0 0.63984375 0.7984375 0.07421875 0.0828125
0 0.59296875 0.7203125 0.05 0.0734375
0 0.69453125 0.634375 0.0296875 0.03203125
0 0.78203125 0.73984375 0.0609375 0.0453125
0 0.87109375 0.73203125 0.08046875 0.053125
3 0.2375 0.31875 0.021875 0.021875
2 0.82109375 0.37734375 0.01328125 0.03203125