1 0.049524584375 0.90768094375 0.0597126171875 0.8979611765625 0.057009975000000004 0.8779898562499999 0.0638205703125 0.8576863250000001 0.06578749843750001 0.8422339359375 0.06808102499999999 0.8361341343750001 0.07138674375000001 0.8159529953125 0.069721353125 0.81132915625 0.057203932812500004 0.8117662749999999 0.0542930671875 0.8145433515624999 0.0540489828125 0.8219092968749999 0.0516621421875 0.8253369296875 0.0473083734375 0.844216953125 0.0391210796875 0.8743948546875 0.039110596875 0.8391523734374999 0.037269375 0.8151378312500001 0.031691725 0.8133260359375001 0.0217711015625 0.8163478984375001 0.0224584265625 0.82167475 0.020665596875 0.8277570671875001 0.021889479687499998 0.848448884375 0.015733815625 0.9162183671875 0.017108465625 0.92687206875 0.01961195 0.9267846453124999 0.047056959375 0.9231508171874999 0.049524584375 0.90768094375
1 0.1765625 0.27265625 0.1203125 0.23125
1 0.29296875 0.25703125 0.128125 0.2640625
1 0.39921875 0.2453125 0.128125 0.2359375
1 0.5078125 0.22890625 0.10625 0.23125
1 0.6046875 0.2359375 0.1296875 0.2140625
1 0.728125 0.2296875 0.146875 0.2421875
0 0.72421875 0.08515625 0.0609375 0.0765625
0 0.68203125 0.10234375 0.040625 0.0828125
0 0.646875 0.096875 0.034375 0.0703125
0 0.571875 0.14921875 0.04375 0.0640625
0 0.509375 0.075 0.0328125 0.0546875
0 0.4625 0.096875 0.0609375 0.0671875
0 0.42578125 0.125 0.0703125 0.05
0 0.3375 0.0765625 0.05625 0.078125
0 0.2796875 0.08046875 0.0359375 0.0671875
0 0.32265625 0.12421875 0.0328125 0.0515625
0 0.1875 0.1390625 0.0671875 0.0671875
0 0.2078125 0.203125 0.0234375 0.0375
4 0.753125 0.43828125 0.1640625 0.2203125
3 0.7609375 0.4578125 0.0203125 0.025
4 0.62734375 0.43203125 0.1421875 0.2515625
3 0.6328125 0.475 0.0203125 0.025
4 0.5125 0.41640625 0.1265625 0.2421875
3 0.53359375 0.475 0.01875 0.025
4 0.175 0.45 0.1390625 0.2203125
3 0.2140625 0.5015625 0.0171875 0.021875
4 0.28671875 0.453125 0.121875 0.190625
3 0.33125 0.490625 0.0125 0.021875
4 0.40078125 0.44375 0.125 0.2265625
3 0.44921875 0.4921875 0.0125 0.021875
2 0.503125 0.3453125 0.0265625 0.0375
2 0.6171875 0.37421875 0.0265625 0.0390625
2 0.18125 0.36328125 0.0234375 0.0453125