4 0.43828125 0.1984375 0.1953125 0.396875
4 0.5578125 0.1796875 0.1421875 0.346875
4 0.715625 0.1546875 0.25 0.309375
1 0.71796875 0.4703125 0.2046875 0.4046875
1 0.553125 0.475 0.1390625 0.2859375
1 0.44375 0.525 0.1796875 0.340625
0 0.37421875 0.64375 0.0875 0.053125
0 0.46328125 0.725 0.1140625 0.078125
0 0.65546875 0.70703125 0.0921875 0.0734375
0 0.6546875 0.71015625 0.0890625 0.0671875
0 0.7640625 0.66328125 0.109375 0.0609375
0 0.565625 0.653125 0.071875 0.0515625
0 0.51875 0.60625 0.0484375 0.0890625
0 0.5546875 0.61171875 0.05 0.059375
2 0.6640625 0.1109375 0.025 0.0578125
3 0.6984375 0.0421875 0.0265625 0.0359375
3 0.53359375 0.1078125 0.0265625 0.0328125
3 0.440625 0.0796875 0.0171875 0.0296875
2 0.38828125 0.2515625 0.0359375 0.06875