4 0.5734375 0.29609375 0.265625 0.353125
2 0.50703125 0.35703125 0.0515625 0.071875
4 0.78203125 0.33515625 0.3046875 0.5109375
3 0.7296875 0.2453125 0.028125 0.040625
3 0.5328125 0.20703125 0.0234375 0.03125
4 0.35 0.26015625 0.1671875 0.303125
2 0.28984375 0.3296875 0.034375 0.05
0 0.48984375 0.971875 0.1484375 0.05625
0 0.42734375 0.8484375 0.0703125 0.065625
0 0.484375 0.85078125 0.0671875 0.1078125
0 0.22734375 0.68828125 0.0734375 0.046875
0 0.31171875 0.625 0.059375 0.096875
1 0.278125 0.53515625 0.15625 0.3140625
1 0.51171875 0.634375 0.2015625 0.4203125
1 0.63515625 0.7578125 0.2921875 0.484375
0 0.35703125 0.5671875 0.0625 0.0390625
0 0.44296875 0.55078125 0.0375 0.075