0 0.528125 0.43671875 0.09921875 0.3078125
0 0.428125 0.43671875 0.10234375 0.30625
0 0.34453125 0.428125 0.14765625 0.30234375
0 0.62734375 0.4359375 0.15546875 0.2921875
0 0.69609375 0.4015625 0.1828125 0.2734375
0 0.74453125 0.34375 0.2109375 0.2390625
0 0.77890625 0.27890625 0.22109375 0.16171875
0 0.796875 0.20703125 0.21796875 0.1359375
0 0.75 0.13359375 0.16953125 0.075
0 0.73046875 0.08515625 0.1484375 0.06484375
0 0.5765625 0.190625 0.228125 0.1546875
0 0.53046875 0.1171875 0.190625 0.07890625
0 0.43046875 0.1546875 0.20078125 0.12109375
0 0.25078125 0.3984375 0.19140625 0.278125
0 0.165625 0.3140625 0.2515625 0.1703125
0 0.16953125 0.2390625 0.215625 0.1234375
0 0.1765625 0.1671875 0.21875 0.11484375
0 0.20078125 0.12578125 0.18984375 0.09765625