4 0.57890625 0.70859375 0.2484375 0.1765625
3 0.625 0.7390625 0.025 0.01875
4 0.678125 0.65390625 0.221875 0.125
3 0.71953125 0.7015625 0.021875 0.015625
4 0.73828125 0.2984375 0.240625 0.1453125
3 0.7734375 0.3375 0.0203125 0.015625
2 0.72109375 0.3296875 0.0375 0.025
3 0.81015625 0.05234375 0.0203125 0.0140625
0 0.21015625 0.64609375 0.0359375 0.0328125
0 0.25625 0.478125 0.04375 0.0625
1 0.39140625 0.46328125 0.2515625 0.13125
0 0.303125 0.41796875 0.0609375 0.065625
0 0.396875 0.4078125 0.0421875 0.0609375
0 0.37578125 0.28984375 0.05 0.0796875
0 0.36796875 0.23359375 0.05 0.034375
0 0.3921875 0.03203125 0.05625 0.0640625
1 0.36015625 0.65234375 0.2671875 0.13125
4 0.8034660546874999 0.364930025 0.8004357109375 0.3628687359375 0.7838423171875 0.356888959375 0.7692428265625 0.3492248171875 0.762989034375 0.3481221046875 0.760100215625 0.352957078125 0.754727803125 0.35455470624999996 0.754466678125 0.3560356203125 0.75756504375 0.35963585937500003 0.7571298359374999 0.36210405 0.754632703125 0.364717653125 0.7593768046875 0.3686080796875 0.7583078046875 0.372745965625 0.7618658796875 0.3756637859375 0.7758451156249999 0.379146675 0.785520940625 0.3800893046875 0.7893101609375 0.37592208125000004 0.7951422828125 0.373642034375 0.803030846875 0.367398215625 0.8034660546874999 0.364930025
1 0.51796875 0.27421875 0.2609375 0.1140625