4 0.9129735468750001 0.5583365109375 0.9305838874999999 0.430403315625 0.870515765625 0.42398296718750006 0.8545940984374999 0.4459473 0.8333651984375001 0.44223026406250004 0.8210620921875 0.4293895671875 0.812136315625 0.43648573125 0.8254043734375 0.5504337125000001 0.8068290812500001 0.557867796875 0.808276503125 0.6281536640625001 0.8162373437499999 0.6439979171875 0.8374662453124999 0.6575144296875 0.8455219296875001 0.6727544937500001 0.844462115625 0.663427409375 0.855076565625 0.6363943828124999 0.861831221875 0.6570070671875 0.8685858578125 0.65869663125 0.8792003078124999 0.6813367859375 0.8878848515625 0.668834015625 0.89705188125 0.66275158125 0.9276890265625 0.646869675 0.9428869921875 0.5688118156249999 0.9129735468750001 0.5583365109375
3 0.83515625 0.60625 0.01484375 0.0234375
2 0.8546875 0.5640625 0.01796875 0.0390625
4 0.77899865625 0.429819740625 0.7496071890625 0.42895300000000003 0.729806628125 0.4326366265625 0.7341379953125 0.485657584375 0.7338286171874999 0.5203270984375 0.7251658703125 0.5196770468749999 0.7253205609375 0.5636639796875 0.740480375 0.5799153109375 0.7500920984375 0.5895697140625 0.7485243500000001 0.5771880125 0.7545573375 0.5628868437500001 0.7673967609375001 0.5815216999999999 0.7873520218750001 0.5960395578125001 0.8023571468749999 0.58173838125 0.80808074375 0.5342844999999999 0.7827112640625 0.5319009671875 0.7923021718750001 0.49547511406250005 0.8014289859374999 0.43653695312499996 0.77899865625 0.429819740625
2 0.7625 0.46328125 0.01875 0.03359375
3 0.7359375 0.5515625 0.01015625 0.0140625
4 0.85535519375 0.2025181953125 0.8189294031250001 0.22468697343750002 0.8058663671874999 0.2489670578125 0.81315153125 0.24967083125 0.817673340625 0.266913196875 0.8038566625 0.3056205703125 0.7970739359375 0.2802848328125 0.772203909375 0.2897857359375 0.7960690828125 0.352421290625 0.8201854640624999 0.3668485984375 0.830654578125 0.3475478453125 0.8420409515625 0.31054696718749997 0.8643988359374999 0.3640335140625 0.874196121875 0.3619222078125 0.9061000921875 0.338345890625 0.9071049453125 0.265153771875 0.9038391859375 0.260931146875 0.9123804015625 0.21588984375 0.9136364625000001 0.19477673125 0.88952008125 0.23137279843749997 0.85535519375 0.2025181953125
3 0.8234375 0.28359375 0.0125 0.01875
4 0.754249403125 0.3390497078125 0.7407592421875 0.33593737031250004 0.7369502515625 0.358835265625 0.742981153125 0.313706409375 0.7586932265625 0.261790909375 0.7578996874999999 0.24845234062500002 0.7477423859375001 0.24978621250000002 0.7417114859375 0.2533431625 0.714255046875 0.24845234062500002 0.7042564515625 0.24667387500000001 0.6863224781249999 0.2393376515625 0.67981545 0.24089382812500001 0.685370221875 0.26356940156249997 0.6880682625000001 0.296248915625 0.6809264125000001 0.3153675375 0.677276128125 0.3307069046875 0.666960121875 0.3322630734375 0.660770528125 0.33871004375 0.6636272484375 0.3985387171875 0.6714039453125 0.4058749375 0.6774348328124999 0.4094318921875 0.6896347406250001 0.41450217812499995 0.6963210625 0.3884024421875 0.7021932578125 0.3852901125 0.7047325796874999 0.3757308015625 0.7102873515625 0.38729089375000003 0.7125092625 0.4059649046875 0.7129853796875001 0.41774731562499995 0.7410766640625 0.41085571718749997 0.74758368125 0.40463105 0.7663111921875 0.3472751640625 0.754249403125 0.3390497078125
3 0.684375 0.36484375 0.015625 0.0171875
2 0.7078125 0.284375 0.021875 0.03828125
4 0.6218034609374999 0.48164891093750006 0.6077517453125 0.4650154609375 0.602408125 0.44477808906250005 0.6004290109375 0.460579878125 0.596668703125 0.4406197265625 0.57945040625 0.4483820109375 0.5774712921875 0.4680649234375 0.5774712921875 0.4774905484375 0.5838044546875001 0.49661902031249994 0.5887522421875 0.5265592078125 0.5733151375000001 0.5318264921875 0.581429521875 0.5771424781250001 0.58855431875 0.584904753125 0.6020123093749999 0.5940531484375 0.6048036 0.5933428546874999 0.60636635625 0.5778457 0.6128974421875 0.5667567328125 0.628334546875 0.5997464078125 0.6503027234375 0.5828357328125 0.650698540625 0.576182359375 0.638032215625 0.5620439203125 0.6360531 0.5246186578125 0.635459359375 0.49745067968749995 0.6303136625 0.4822033515625 0.6218034609374999 0.48164891093750006
3 0.5921875 0.559375 0.01015625 0.0109375
4 0.6436130999999999 0.2566618796875 0.636351959375 0.26494061874999997 0.606800825 0.27771353125 0.6095026406249999 0.2971094265625 0.6002151421875 0.31863415 0.5958246890625001 0.3444165015625 0.5882258265625 0.39172358125 0.59683788125 0.3983465609375 0.6110843015625 0.406585284375 0.6123733296875 0.374693028125 0.6176081 0.36144705 0.632468103125 0.40686184531249997 0.6449640015625 0.39811003437500003 0.6599928671875 0.38628326562500004 0.66134378125 0.3271494203125 0.6684360484375 0.3079900578125 0.682282871875 0.2621021828125 0.6610060453125 0.25618879843750003 0.6436130999999999 0.2566618796875
3 0.6015625 0.3515625 0.0109375 0.01640625
4 0.40922846718750006 0.353877509375 0.4073467703125 0.32693399843750004 0.4211458515625 0.281247184375 0.4205186296875 0.2730469765625 0.413200934375 0.281247184375 0.40609231250000005 0.281832903125 0.389784296875 0.2791971203125 0.37159460312500003 0.28007572187499996 0.36260428437500003 0.2868116078125 0.35528658750000003 0.2876901875 0.3575864484375 0.3122907875 0.3634405953125 0.318148071875 0.361767971875 0.3796495578125 0.35215043281249997 0.3849211125 0.3525685796875 0.42592209687500004 0.36594951249999996 0.43177938125 0.3733959734375 0.44088420624999997 0.37159460312500003 0.43295085 0.37807598750000004 0.398978603125 0.3841392234375 0.3878497546875 0.389784296875 0.40220010625 0.3962656828125 0.43382943906250004 0.4025379921875 0.4268007 0.4211458515625 0.4145004046875 0.4247001703125 0.4027858359375 0.42386385937500004 0.358270471875 0.40922846718750006 0.353877509375
3 0.3640625 0.37890625 0.0125 0.01875
2 0.38203125 0.303125 0.0171875 0.03125
4 0.3391825953125 0.2690439234375 0.3431550625 0.2318501765625 0.3322830484375 0.22482142968750002 0.322456434375 0.23536453750000003 0.3145115 0.253522134375 0.3040576484375 0.2549864546875 0.2869133390625 0.28485859687500004 0.2892131671875 0.3156093390625 0.2754141015625 0.320588034375 0.27415962656250004 0.35221736875 0.2816864125 0.3829681171875 0.2990398125 0.3961470015625 0.3161515703125 0.3900288890625 0.31890213125 0.36217475625 0.3260107375 0.34899586562499996 0.333746596875 0.3718392734375 0.3368827515625 0.40141856093749995 0.355699684375 0.38179665625000003 0.360926609375 0.3768179671875 0.36218106875 0.3161950703125 0.34440952187499996 0.31297356875000004 0.33980981718750003 0.29628030625 0.3391825953125 0.2690439234375
2 0.32265625 0.25 0.01875 0.0359375
3 0.30390625 0.34140625 0.01328125 0.02109375
4 0.3459620140625 0.46003744375 0.3383867453125 0.4742865390625 0.33037860937499997 0.47519607812500003 0.3195567953125 0.47337704687500004 0.3098171625 0.456096190625 0.303324075 0.4209281640625 0.2922858109375 0.43093287187499996 0.297047403125 0.4463946734375 0.3093842640625 0.51945929375 0.282762628125 0.5252195687500001 0.29531590625000004 0.5761525703125 0.31111576093750004 0.5843382390625 0.3262663 0.5885826625 0.32648275 0.5755462328125 0.3327593875 0.5706954750000001 0.33687169687499996 0.5728176796875 0.3426814109375 0.5579304781250001 0.347909928125 0.5858541078124999 0.3740987296875 0.5728176796875 0.3823232984375 0.5212783265625001 0.36890425625 0.5188529468749999 0.3643590984375 0.5227941890625 0.3613289859375 0.50763555625 0.3669563265625 0.4369963265625 0.3559180625 0.4257789234375 0.3513729203125 0.42608211406249996 0.3459620140625 0.46003744375
3 0.32265625 0.54609375 0.0125 0.01640625
2 0.3390625 0.4875 0.015625 0.0265625
4 0.26590454375 0.44186914218749995 0.257549734375 0.46694699375 0.245955284375 0.47244022656249995 0.2271995671875 0.4688576765625 0.22378943593749998 0.4590653765625 0.21816271562499998 0.5221182625 0.222936903125 0.52259591875 0.22805209999999998 0.5796779046875 0.2265175375 0.59711298125 0.21713967968749998 0.6107266671875 0.22594151718750002 0.617429015625 0.222936903125 0.6099898453125 0.2318032390625 0.5796575953125 0.237429959375 0.573686678125 0.2514114890625 0.5949431374999999 0.2544806109375 0.6044966046875 0.274259365625 0.5889722203125001 0.28227318125 0.5708206375 0.28807039218749997 0.51015611875 0.26147137656249997 0.5046628671875 0.26590454375 0.44186914218749995
4 0.285573240625 0.5369061187499999 0.28262320625 0.5729157359375 0.27419454375 0.5897399046875 0.253755028125 0.6050882671875 0.268083759375 0.632833384375 0.273351675 0.6464107765625 0.285762240625 0.6558968625 0.28199105 0.64788658125 0.2950554859375 0.6177801781250001 0.30390557500000004 0.6248640421875 0.3112806546875 0.63578499375 0.3123342359375 0.64345916875 0.31675928125 0.6360801484375 0.30474844375 0.6225027578125 0.3007448265625 0.5797044437500001 0.29442332968749996 0.5758673437499999 0.285573240625 0.5369061187499999
3 0.275 0.6015625 0.01484375 0.015625
4 0.174731878125 0.31107253749999997 0.16044084218750002 0.325485590625 0.146435625 0.28544931562500003 0.1472930953125 0.2790435171875 0.1395759453125 0.2610271921875 0.1261423609375 0.2550217515625 0.117853578125 0.2530199390625 0.12271252031249999 0.23500361406249998 0.0941304515625 0.26262865 0.0952737171875 0.277041703125 0.057545395312500004 0.27584061875 0.063547646875 0.26302900625 0.0695498546875 0.237405784375 0.0809826828125 0.22579525937499997 0.0392528875 0.19256516875000002 0.0292491640625 0.22419380156250002 0.0229610734375 0.188561540625 0.0238185453125 0.159335046875 0.0186737640625 0.20898003593749997 0.0266767515625 0.26182790625 0.04411183125 0.302664909375 0.045255096875 0.3178787078125 0.053258084375 0.3527102546875 0.054973026562500006 0.3679240515625 0.0678349578125 0.3927465296875 0.0861274640625 0.4055581484375 0.102705071875 0.41556721718749995 0.10870728125 0.4163679390625 0.11588031562500001 0.421214909375 0.1158527984375 0.4059585046875 0.12299831562500001 0.3831378328125 0.1292864046875 0.36392042343750003 0.1344311640625 0.3535109828125 0.140147578125 0.37913420468750003 0.1447207046875 0.388742903125 0.15272369375 0.3911450875 0.1638707046875 0.40635886875000005 0.199598290625 0.33949828593750003 0.174731878125 0.31107253749999997
3 0.1109375 0.30859375 0.01328125 0.028125
2 0.8421875 0.16796875 0.02890625 0.04375
4 0.275813028125 0.313468003125 0.2626565984375 0.314356159375 0.2523533734375 0.2808289953125 0.23951397187499998 0.25782013125000003 0.2160543171875 0.25471165 0.2160543171875 0.27869134687499997 0.2078117421875 0.29445577031250003 0.210189409375 0.314660884375 0.20369044218750001 0.3346439609375 0.19354573749999998 0.35040838281250003 0.196557440625 0.3739147046875 0.22451310625 0.40163596718749994 0.2303203328125 0.38052234218750003 0.24331824218749998 0.3434426328125 0.2471225125 0.33833585 0.24965868906250002 0.35920705625 0.24918315 0.3891816671875 0.25251189375 0.389403709375 0.2563161515625 0.38496302656250003 0.270423646875 0.38030030312499996 0.274544934375 0.3494375578125 0.275813028125 0.313468003125
4 0.40700372968750004 0.5394686859375 0.4020257046875 0.4973276796875 0.3909874578125 0.5055133453125 0.38362860468750004 0.5052101765625 0.38759944375 0.587093734375 0.39639836562499997 0.5603876 0.40635443125000004 0.5822160234375 0.40700372968750004 0.5394686859375
4 0.1647774109375 0.539808725 0.1629588046875 0.516032859375 0.15416885 0.49522896406249994 0.137498253125 0.49522896406249994 0.122343165625 0.48801130156249994 0.11446250312499999 0.46720740625 0.11628113124999999 0.450224640625 0.1084004671875 0.43791212812499997 0.1117346046875 0.4230522078125 0.10476325625 0.41753279687499995 0.0714220640625 0.3971534953125 0.029290940625 0.41201341718749995 0.0405056953125 0.5143345765625 0.053235959374999996 0.569104003125 0.022319590625 0.5941535734375 0.046264609375 0.6489230015625 0.05929799375 0.6642074765625 0.0953670828125 0.6684531687499999 0.10259309531250001 0.6816537968749999 0.10355086718749999 0.670151459375 0.1147656234375 0.6412807609375 0.1208276578125 0.6306665312499999 0.13961995625 0.6569898140625 0.1402261734375 0.6663303218750001 0.1484099125 0.652744121875 0.174173559375 0.6319402359375 0.181144909375 0.6013712531250001 0.1899348421875 0.5529703796875001 0.1647774109375 0.539808725
4 0.201999021875 0.5216261624999999 0.19477601875 0.45502098750000003 0.1997633359375 0.422740971875 0.1746547703125 0.4152732109375 0.1789541796875 0.5446341546875 0.191164515625 0.5540290875 0.17534267812499998 0.6293933859374999 0.149718203125 0.6513148875 0.17551465156249998 0.651073996875 0.1861576078125 0.6565639421875 0.1844574328125 0.6505053140625 0.1861771984375 0.6182252984375001 0.1915084640625 0.6030488578125001 0.199075428125 0.6126847015625 0.205954484375 0.61798440625 0.20836215781249998 0.6297882859375 0.21128575 0.62087515625 0.22831141718749998 0.59269036875 0.2216043359375 0.5225897500000001 0.201999021875 0.5216261624999999