4 0.42578125 0.2796875 0.26953125 0.36875
3 0.4734375 0.16875 0.03125 0.03125
4 0.7171875 0.3125 0.2359375 0.38203125
3 0.76328125 0.20859375 0.0359375 0.034375
3 0.7140625 0.4203125 0.0453125 0.0828125
3 0.396875 0.3625 0.03125 0.07265625
1 0.4375 0.659375 0.2078125 0.440625
1 0.73359375 0.7078125 0.17578125 0.459375
0 0.72578125 0.97421875 0.06015625 0.0515625
0 0.78515625 0.9484375 0.053125 0.1015625
0 0.42265625 0.934375 0.05703125 0.05859375
1 0.19140625 0.6125 0.09765625 0.35078125
0 0.171875 0.8 0.10078125 0.05
0 0.5166015625 1 0.517578125 0.9986979171874999 0.517578125 0.9908854171874999 0.5185546875 0.9869791671874999 0.521484375 0.9830729171874999 0.5234375 0.9752604171874999 0.521484375 0.9700520828125001 0.521484375 0.96484375 0.517578125 0.94921875 0.5126953125 0.9427083328125001 0.5087890625 0.9427083328125001 0.5048828125 0.9401041671874999 0.4833984375 0.9401041671874999 0.48046875 0.9440104171874999 0.4765625 0.9778645828125001 0.4814453125 0.984375 0.4833984375 0.984375 0.4853515625 0.9869791671874999 0.486328125 0.9908854171874999 0.484375 0.9934895828125001 0.484375 0.99609375 0.4873046875 1 0.5166015625 1