4 0.4521256875 0 0.4463123828125 0.0166236734375 0.4136685 0.0363159015625 0.39757016093750003 0.0595885234375 0.3980173296875 0.072119928125 0.3998060421875 0.112101109375 0.389968178125 0.188483053125 0.405619346875 0.2004177328125 0.4230592296875 0.1992242828125 0.43110838124999995 0.1890798 0.4360273140625 0.217723071875 0.4400519078125 0.2332381234375 0.44094628125 0.28813763125 0.4342386359375 0.3132004859375 0.4270837890625 0.3161841546875 0.41277416093749997 0.34244041406250003 0.41277416093749997 0.3674560234375 0.4252951109375 0.39311555781249996 0.45346719531249996 0.4193718609375 0.490582840625 0.448611834375 0.5102586046875001 0.4504020546875 0.551845978125 0.4456281640625 0.5916447078125 0.42056535625 0.586725740625 0.35731151875 0.5791237578125 0.318523809375 0.571074571875 0.27078511562499996 0.5728632484375 0.255866765625 0.5764406734375 0.18783908437500002 0.591197503125 0.1944031484375 0.6108732328124999 0.190226028125 0.619816759375 0.1717272625 0.6135563171875 0.13353630156250001 0.6108732328124999 0.0959420546875 0.6086373515625 0.0786367703125 0.608190215625 0.049993532812500005 0.603718453125 0.0356719203125 0.586725740625 0.017806646875000002 0.5531875203125 0.001694825 0.51500954375 0 0.508022721875 0.01960734375 0.4977376546875 0.057201578125 0.47314295937499995 0.0589917984375 0.47314295937499995 0.0834578828125 0.46062200937500003 0.054217909375 0.4530200265625 0.035719165625 0.46017484062499997 0 0.4521256875 0
1 0.4700127390625 0.801073378125 0.47850906093749995 0.8228358046875 0.5124944859375 0.8180619140625 0.5209908078125001 0.9122654109375 0.5384306890625 0.9253935390624999 0.575546334375 0.9188294750000001 0.57822941875 0.890186271875 0.571074571875 0.8161912265625 0.5804653 0.7386158109375 0.580018096875 0.71056933125 0.5831483171875 0.668797953125 0.5791237578125 0.640154715625 0.5862785374999999 0.42556496875 0.5464798765625 0.444063725 0.5044452984375 0.4506278015625 0.4789562640625 0.4434669890625 0.44810109374999996 0.4178074203125 0.40990555312500004 0.3721436265625 0.43736885625 0.6101185078125 0.44720672187500005 0.70499921875 0.46822402656250006 0.767059559375 0.4700127390625 0.801073378125
2 0.46796875 0.40859375 0.03515625 0.08203125
3 0.53359375 0.096875 0.0375 0.0296875
4 0.2484536140625 0.251174675 0.24618615 0.25839009062499996 0.24217447343749998 0.2637434578125 0.2358953375 0.2660710109375 0.22961620312500003 0.27468295625 0.2249068484375 0.28678622656249997 0.21810444687500002 0.3228632921875 0.24304657500000001 0.3293804375 0.24444194375 0.350328409375 0.24670940937500002 0.3659230140625 0.24566288281249998 0.3784918015625 0.24810477187500002 0.397112221875 0.2519420234375 0.3989742703125 0.2870005390625 0.39943977343750003 0.2974657671875 0.39385364375 0.30862868125 0.38873303593749997 0.296419246875 0.3326390140625 0.295372728125 0.31308756875 0.3033960671875 0.31238930468750004 0.3081054140625 0.30866522500000004 0.2943262078125 0.2690968265625 0.2856051828125 0.26071764375 0.2707794421875 0.2572263140625 0.2695683 0.2623358 0.26641892968750003 0.2835276625 0.2576979046875 0.27375193124999997 0.2491512921875 0.26071764375 0.2484536140625 0.251174675
3 0.284375 0.29296875 0.009375 0.0125
3 0.271875 0.36171875 0.01171875 0.021875
1 0.265594384375 0.448893234375 0.2666122609375 0.46057465937500003 0.27190521562500003 0.48257918125000004 0.2812696734375 0.48529578906250004 0.2892091125 0.477689278125 0.2879876640625 0.4681811484375 0.2847304625 0.44862157812500003 0.2826947109375 0.438570115625 0.28411973125 0.42362878125 0.2908377203125 0.4619329625 0.29389135 0.4999654765625 0.29450206562500003 0.5066829046875 0.3128238390625 0.50315130625 0.311602390625 0.47163865468750005 0.3097702109375 0.4447442296875 0.3071237421875 0.44012599375 0.3079380296875 0.3912270453125 0.298573571875 0.39557362500000004 0.28615548281250003 0.4012784984375 0.2763838640625 0.40019186093750003 0.250744834375 0.400193215625 0.25276913749999996 0.41303402499999997 0.25785851875 0.4209121734375 0.259894271875 0.43069197812500004 0.265594384375 0.448893234375
0 0.30517505625 0.5221803890625 0.3032937234375 0.5185111484375 0.30257013593750004 0.5152281390625 0.3014123921875 0.5216010359375 0.30358315468749997 0.5295188765625001 0.3048856140625 0.5331881375 0.3148711234375 0.5372436015625001 0.321528125 0.5339605984375 0.3250013484375 0.526429003125 0.31950207812500003 0.5231459796875 0.3146684125 0.514406228125 0.3083588359375 0.5163868453125 0.3064775046875 0.5192836171875 0.3063327890625 0.5227597421875 0.30517505625 0.5221803890625
0 0.277389290625 0.48973654531250005 0.2765209875 0.49263331718750003 0.27594211562500004 0.4986199765625 0.2769551453125 0.5104001859375 0.282888559375 0.5148419015625 0.287519515625 0.5146487859375 0.291716325 0.5127176046875 0.2920057546875 0.5071171765625 0.29041386406249997 0.49553008906249996 0.2884339828125 0.49269317968750004 0.2837568625 0.4912814890625 0.2811519421875 0.4920539640625 0.27753400625 0.4966887953125 0.277389290625 0.48973654531250005
0 0.4687098703125 0.8139693781249999 0.458915425 0.8261277078125 0.44980430312499997 0.8391979078125 0.44980430312499997 0.84618894375 0.453676521875 0.8519641546875001 0.47235433281250006 0.8550037375 0.4889821203125 0.8507483171875 0.5008265890625 0.8379820703125 0.51403770625 0.8282554171875001 0.5144932734375 0.8173129140625001 0.505154359375 0.8255197890625 0.4941331671875 0.8293952156250001 0.4898932359375 0.8294712421874999 0.484198784375 0.8246079156249999 0.4725821078125 0.81184166875 0.4687098703125 0.8139693781249999
0 0.583745971875 0.9733522234375 0.599690453125 0.9754799453125 0.602651575 0.9663611984375 0.6017404421875 0.947211821875 0.597868221875 0.92684661875 0.59012378125 0.9134724656250001 0.57691263125 0.8912835187500001 0.57691263125 0.8961468453125001 0.58693486875 0.915904128125 0.5835181984375 0.9195516296875 0.571445971875 0.927758503125 0.5623348484374999 0.9311020624999999 0.5559282921875 0.926225075 0.559373728125 0.949643496875 0.57053485625 0.9633216156250001 0.583745971875 0.9733522234375