4 0.2875 0.196875 0.5109375 0.3328125
4 0.3421875 0.56796875 0.46875 0.3234375
1 0.753125 0.56484375 0.4296875 0.25625
1 0.70859375 0.15078125 0.440625 0.240625
1 0.5984375 0.340625 0.34375 0.2140625
0 0.79140625 0.36328125 0.0828125 0.0875
0 0.83046875 0.09765625 0.18125 0.0984375
0 0.73671875 0.2265625 0.0859375 0.0703125
0 0.7234375 0.47734375 0.146875 0.065625
0 0.96328125 0.5375 0.0734375 0.1125
0 0.84765625 0.4875 0.1734375 0.0890625
3 0.215625 0.65 0.0375 0.0296875
3 0.16328125 0.2640625 0.034375 0.0328125
2 0.3953125 0.62109375 0.0765625 0.053125
2 0.28671875 0.23203125 0.084375 0.0578125