4 0.49140625 0.3140625 0.128125 0.209375
3 0.51875 0.2546875 0.0140625 0.0171875
4 0.303125 0.30625 0.1546875 0.2265625
3 0.34921875 0.2640625 0.01328125 0.01875
2 0.49765625 0.3390625 0.0140625 0.03359375
2 0.340625 0.3671875 0.0234375 0.03828125
1 0.39921875 0.4859375 0.0875 0.19453125
4 0.38984375 0.31015625 0.07421875 0.178125
2 0.396875 0.37421875 0.01640625 0.034375
4 0.07734375 0.3359375 0.09453125 0.14140625
4 0.12890625 0.30703125 0.07890625 0.1390625
3 0.10078125 0.2984375 0.009375 0.0109375
3 0.140625 0.27421875 0.009375 0.01015625
2 0.14453125 0.3328125 0.01328125 0.02109375
1 0.31484375 0.53515625 0.103125 0.23359375
1 0.51328125 0.48515625 0.09453125 0.18125
0 0.50703125 0.590625 0.03828125 0.040625
0 0.39609375 0.60625 0.03125 0.04609375
0 0.40390625 0.5828125 0.02421875 0.04609375
0 0.33203125 0.6609375 0.0453125 0.046875
0 0.35 0.6296875 0.03984375 0.04453125
1 0.09609375 0.4625 0.078125 0.1140625
1 0.1515625 0.43359375 0.0609375 0.11640625
0 0.08828125 0.53125 0.01953125 0.01953125
0 0.128125 0.5296875 0.03515625 0.03203125
0 0.15546875 0.4984375 0.0328125 0.0421875