4 0.28125 0.29140625 0.2328125 0.1328125
3 0.21953125 0.25390625 0.015625 0.0109375
4 0.27890625 0.4109375 0.2109375 0.1015625
3 0.2296875 0.38828125 0.015625 0.0140625
4 0.2921875 0.4984375 0.2234375 0.1203125
2 0.30625 0.48125 0.0390625 0.01875
4 0.321875 0.61328125 0.23125 0.1359375
2 0.35625 0.57265625 0.046875 0.01875
4 0.30703125 0.76484375 0.196875 0.1171875
3 0.25390625 0.7421875 0.0140625 0.0125
2 0.31953125 0.74765625 0.034375 0.0203125
4 0.32578125 0.87421875 0.215625 0.15
2 0.39140625 0.85625 0.0390625 0.01875
4 0.3328125 0.96796875 0.190625 0.0640625
3 0.29921875 0.97578125 0.01875 0.0171875
2 0.38515625 0.99296875 0.0359375 0.0140625
1 0.50625 0.96171875 0.190625 0.0765625
0 0.58046875 0.98515625 0.0578125 0.025
0 0.6078125 0.92734375 0.0296875 0.0390625
0 0.5625 0.7296875 0.0296875 0.0296875
1 0.56640625 0.83515625 0.2828125 0.1203125
0 0.66875 0.8046875 0.034375 0.03125
0 0.70625 0.83125 0.0328125 0.03125
1 0.5328125 0.59296875 0.240625 0.10625
0 0.63203125 0.6046875 0.040625 0.0390625
0 0.67421875 0.55703125 0.0421875 0.046875
0 0.62734375 0.45 0.046875 0.0484375
1 0.50234375 0.47890625 0.228125 0.0734375
0 0.6046875 0.49140625 0.0421875 0.0359375
1 0.4703125 0.4234375 0.2109375 0.1078125
0 0.56328125 0.44765625 0.034375 0.0421875
0 0.58125 0.36796875 0.0375 0.053125
0 0.64140625 0.25703125 0.0359375 0.0390625
1 0.47109375 0.73984375 0.1640625 0.0875
1 0.50859375 0.271875 0.2390625 0.1078125