4 0.190625 0.34375 0.26171875 0.46484375
4 0.55625 0.34609375 0.2578125 0.42421875
1 0.609375 0.74296875 0.19609375 0.3953125
1 0.20390625 0.75625 0.17890625 0.40859375
1 0.37109375 0.62421875 0.165625 0.31484375
0 0.41953125 0.8078125 0.07578125 0.06953125
0 0.16953125 0.88125 0.0734375 0.1671875
0 0.28046875 0.77265625 0.05859375 0.07578125
0 0.5203125 0.72578125 0.0453125 0.13828125
0 0.61328125 0.96015625 0.10078125 0.0796875
0 0.546875 0.84453125 0.065625 0.1609375
3 0.61796875 0.21328125 0.0234375 0.03359375
3 0.2390625 0.21484375 0.028125 0.03125
2 0.61484375 0.390625 0.04375 0.06953125
2 0.22421875 0.33828125 0.04609375 0.07578125