4 0.25390625 0.7546875 0.375 0.2890625
4 0.175 0.21796875 0.278125 0.184375
1 0.396875 0.178125 0.234375 0.1515625
1 0.40703125 0.30546875 0.3 0.1640625
1 0.446875 0.38671875 0.303125 0.1765625
1 0.5578125 0.69296875 0.34375 0.2140625
1 0.49765625 0.48515625 0.35 0.1828125
2 0.24765625 0.7625 0.0640625 0.046875
3 0.18203125 0.82265625 0.034375 0.0265625
2 0.22890625 0.22890625 0.0484375 0.0359375
0 0.69140625 0.63046875 0.1140625 0.071875
0 0.75546875 0.65859375 0.0640625 0.0625
0 0.675 0.446875 0.0890625 0.134375
0 0.61953125 0.5703125 0.0515625 0.0578125
0 0.59921875 0.48984375 0.05 0.04375
0 0.5953125 0.328125 0.0703125 0.103125
0 0.5421875 0.15546875 0.0484375 0.0578125
0 0.48046875 0.1984375 0.0640625 0.0703125