4 0.93017578125 0.7641025640625 0.9169921875 0.678388278125 0.91259765625 0.6205128203125 0.9130859375 0.5929181921875 0.91748046875 0.5860805859375 0.91943359375 0.5890109890625 0.92724609375 0.5897435890625 0.9453125 0.58095238125 0.9521484375 0.5736263734375 0.95361328125 0.5677655671874999 0.93603515625 0.4893772890625 0.92822265625 0.4644688640625 0.91357421875 0.4512820515625 0.908203125 0.45054945 0.90771484375 0.45641025625 0.88818359375 0.47179487187499997 0.8740234375 0.440293040625 0.87060546875 0.4351648359375 0.8681640625 0.4351648359375 0.86962890625 0.46520146562500003 0.8662109375 0.49230769218750003 0.85205078125 0.5296703296875 0.849609375 0.53113553125 0.828125 0.484249084375 0.82275390625 0.453479853125 0.8193359375 0.4454212453125 0.81591796875 0.446153846875 0.80908203125 0.45787545781250005 0.78369140625 0.4673992671875 0.77001953125 0.4820512828125 0.765625 0.49084249062499996 0.76123046875 0.50622710625 0.76123046875 0.5384615390625 0.78564453125 0.5611721609375 0.9072265625 0.8014652015625 0.91259765625 0.8 0.92333984375 0.7882783875 0.9296875 0.778754578125 0.93017578125 0.7641025640625
3 0.8921875 0.53984375 0.02421875 0.0375
4 0.6787109375 0.6981684984375 0.6826171875 0.703296703125 0.6884765625 0.70549450625 0.703125 0.6989010984374999 0.70849609375 0.7159340656250001 0.703125 0.8161172156250001 0.70751953125 0.8278388281250001 0.71630859375 0.841025640625 0.73876953125 0.8637362640624999 0.75830078125 0.8739926734375001 0.763671875 0.8717948718749999 0.76611328125 0.8490842484375 0.77294921875 0.8388278390625 0.7861328125 0.8600732593749999 0.8046875 0.841025640625 0.8056640625 0.8241758234375001 0.822265625 0.7875457875 0.8232421875 0.772161171875 0.7978515625 0.7267399265625001 0.74658203125 0.597069596875 0.734375 0.5582417578125 0.734375 0.5377289375000001 0.70751953125 0.5355311359375 0.69873046875 0.540659340625 0.69677734375 0.5509157515625 0.6982421875 0.6205128203125 0.69677734375 0.646886446875 0.6943359375 0.65054945 0.681640625 0.6520146515625 0.67919921875 0.64981685 0.6650390625 0.615384615625 0.6552734375 0.5765567765624999 0.6494140625 0.5699633703125 0.64599609375 0.5684981687499999 0.6435546875 0.5706959703125001 0.623046875 0.609523809375 0.6220703125 0.6849816843750001 0.62548828125 0.6952380953125 0.6279296875 0.715018315625 0.6337890625 0.725274725 0.64697265625 0.7318681312499999 0.65966796875 0.7296703296875 0.66796875 0.71941391875 0.6787109375 0.6981684984375
3 0.73984375 0.6296875 0.02890625 0.04375
3 0.80546875 0.45 0.01640625 0.01875
4 0.53857421875 0.484249084375 0.54052734375 0.4871794875 0.5419921875 0.5179487171875 0.537109375 0.6168498171875 0.55029296875 0.6395604390625 0.556640625 0.6564102562499999 0.56005859375 0.672527471875 0.56103515625 0.703296703125 0.5517578125 0.7391941390625 0.5517578125 0.7494505499999999 0.5625 0.7868131875000001 0.56689453125 0.7919413921875 0.5927734375 0.802930403125 0.59814453125 0.797069596875 0.6025390625 0.8007326000000001 0.62646484375 0.7919413921875 0.6396484375 0.7824175828125 0.646484375 0.7736263734375 0.64599609375 0.7641025640625 0.62841796875 0.7172161171875 0.619140625 0.65567765625 0.62158203125 0.6117216125 0.63525390625 0.5831501828125 0.63818359375 0.56923076875 0.6376953125 0.5597069593749999 0.62744140625 0.5208791203125 0.62451171875 0.521611721875 0.615234375 0.5384615390625 0.6064453125 0.524542125 0.6142578125 0.509157509375 0.61376953125 0.44981685000000005 0.6201171875 0.41904761874999996 0.61962890625 0.3956043953125 0.611328125 0.3619047625 0.59375 0.346520146875 0.58935546875 0.34432234375 0.58154296875 0.346520146875 0.55859375 0.3882783875 0.5546875 0.42271062343750004 0.5439453125 0.45494505468749996 0.53955078125 0.4615384609375 0.52099609375 0.472527471875 0.51611328125 0.4798534796875 0.5029296875 0.5208791203125 0.49267578125 0.5714285718750001 0.49609375 0.578021978125 0.50732421875 0.5853479859374999 0.51953125 0.5882783875 0.52197265625 0.58095238125 0.53076171875 0.490109890625 0.53369140625 0.484249084375 0.53857421875 0.484249084375
2 0.61171875 0.7546875 0.02734375 0.0734375
2 0.696875 0.8734375 0.0203125 0.0859375
4 0.52392578125 1 0.56201171875 0.9428571421875 0.5693359375 0.939926740625 0.57275390625 0.9355311359374999 0.56787109375 0.8666666671875 0.56884765625 0.824908425 0.56591796875 0.815384615625 0.5576171875 0.802930403125 0.54443359375 0.7897435890625 0.53515625 0.7860805859375 0.52099609375 0.775091575 0.517578125 0.7831501828125 0.51904296875 0.808791209375 0.515625 0.83076923125 0.51513671875 0.8600732593749999 0.51220703125 0.8637362640624999 0.5087890625 0.8637362640624999 0.48046875 0.76849816875 0.4765625 0.739926740625 0.47314453125 0.741391940625 0.462890625 0.7575091578125 0.4501953125 0.7677655671875 0.43408203125 0.7758241765625 0.412109375 0.7919413921875 0.3994140625 0.8124542124999999 0.3984375 0.83150183125 0.37890625 0.9135531140625 0.3994140625 0.939926740625 0.4169921875 0.953846153125 0.4443359375 1 0.52392578125 1
3 0.54765625 0.8765625 0.0140625 0.0375
4 0.3935546875 0.5992674 0.396484375 0.6820512828124999 0.39453125 0.7238095234374999 0.3974609375 0.7516483515625 0.40283203125 0.7575091578125 0.42138671875 0.7670329671875 0.4248046875 0.765567765625 0.42626953125 0.7545787546875 0.43212890625 0.7582417578125 0.43359375 0.7670329671875 0.43603515625 0.76923076875 0.44384765625 0.7641025640625 0.4521484375 0.7494505499999999 0.45654296875 0.7245421249999999 0.4580078125 0.6996336999999999 0.4794921875 0.6351648359375 0.47900390625 0.6219780218750001 0.470703125 0.6205128203125 0.46533203125 0.615384615625 0.4560546875 0.5926739921874999 0.4462890625 0.5926739921874999 0.44287109375 0.5736263734375 0.4443359375 0.539926740625 0.447265625 0.5289377296875 0.453125 0.47545787500000003 0.47412109375 0.44908424843750006 0.47412109375 0.43882783906249995 0.4697265625 0.434432234375 0.46044921875 0.43296703281250004 0.44921875 0.44322344375 0.4453125 0.44322344375 0.44189453125 0.43956043906250003 0.4326171875 0.4175824171875 0.42919921875 0.415384615625 0.42822265625 0.44908424843750006 0.42041015625 0.48131868125 0.4169921875 0.48278388281250006 0.40283203125 0.46373626406249996 0.39013671875 0.434432234375 0.38623046875 0.44175824218750004 0.361328125 0.4644688640625 0.35546875 0.4820512828125 0.3515625 0.51941391875 0.35107421875 0.5465201468750001 0.3525390625 0.5516483515624999 0.36181640625 0.5626373625000001 0.37109375 0.5538461531250001 0.376953125 0.5538461531250001 0.38720703125 0.578021978125 0.38916015625 0.591208790625 0.3935546875 0.5992674
2 0.41953125 0.6625 0.0296875 0.065625
4 0.265625 0.6124542125 0.255859375 0.6417582421875 0.25146484375 0.66813186875 0.25244140625 0.674725275 0.26123046875 0.6937728937500001 0.26708984375 0.7179487171875001 0.30078125 0.7260073265625 0.38134765625 0.7267399265625001 0.3818359375 0.697435896875 0.37744140625 0.6068376062499999 0.37841796875 0.5538461531250001 0.37646484375 0.55018315 0.373046875 0.55018315 0.36767578125 0.5545787546875001 0.3583984375 0.5670329671875 0.34423828125 0.59413919375 0.33251953125 0.59413919375 0.3291015625 0.5890109890625 0.328125 0.5787545781250001 0.32763671875 0.5296703296875 0.32958984375 0.5260073265625 0.32373046875 0.5304029296875 0.3193359375 0.5238095234375 0.333984375 0.503296703125 0.33935546875 0.49157509218750006 0.34375 0.4322344328125 0.328125 0.45567765624999995 0.32568359375 0.45567765624999995 0.3037109375 0.4293040296875 0.2978515625 0.4168498171875 0.298828125 0.4014652015625 0.29736328125 0.4007326 0.28076171875 0.42417582343750004 0.26611328125 0.43296703281250004 0.248046875 0.45641025625 0.23095703125 0.50622710625 0.21728515625 0.5487179484375 0.2177734375 0.553113553125 0.24658203125 0.574358975 0.2607421875 0.5897435890625 0.27001953125 0.5897435890625 0.27294921875 0.5934065937499999 0.2724609375 0.5992674 0.265625 0.6124542125
2 0.3296875 0.6171875 0.02734375 0.053125
3 0.440625 0.51875 0.01640625 0.03125
4 0.0654296875 0.64395604375 0.12451171875 0.6695970703125 0.1298828125 0.658608059375 0.13623046875 0.6351648359375 0.14208984375 0.6395604390625 0.1416015625 0.6791208796875 0.1474609375 0.68058608125 0.15380859375 0.677655678125 0.17138671875 0.6644688640624999 0.171875 0.6549450546875 0.15478515625 0.6051282046875001 0.15234375 0.56923076875 0.158203125 0.5597069593749999 0.16748046875 0.56923076875 0.17822265625 0.5677655671874999 0.185546875 0.54945055 0.18505859375 0.5252747249999999 0.20703125 0.4981684984375 0.20703125 0.46300366249999997 0.19384765625 0.4571428578125 0.181640625 0.4673992671875 0.1796875 0.47179487187499997 0.1748046875 0.4664835171875 0.17724609375 0.428571428125 0.18212890625 0.4073260078125 0.1865234375 0.39780219843750003 0.1865234375 0.3926739921875 0.1650390625 0.39413919375 0.15771484375 0.3890109890625 0.13720703125 0.3875457875 0.11669921875 0.3956043953125 0.10400390625 0.4073260078125 0.06201171875 0.472527471875 0.04296875 0.5113553109375 0.0322265625 0.552380953125 0.02685546875 0.5934065937499999 0.0263671875 0.6139194140625001 0.029296875 0.625641025 0.0322265625 0.6234432234375 0.03271484375 0.6175824171875 0.044921875 0.6175824171875 0.04248046875 0.6358974359375 0.0439453125 0.64322344375 0.0654296875 0.64395604375