1 0.02197265625 0.20703125 0.021484375 0.21223958281250002 0.03125 0.21484375 0.03662109375 0.212890625 0.03759765625 0.189453125 0.0364091515625 0.1551489703125 0.04541015625 0.1842447921875 0.05029296875 0.20247395781250002 0.052734375 0.20572916718749998 0.05322265625 0.212890625 0.05615234375 0.21549479218749998 0.068359375 0.21549479218749998 0.06982421875 0.2109375 0.06591796875 0.19140625 0.0634765625 0.185546875 0.06103515625 0.1705729171875 0.0537109375 0.1510416671875 0.0556640625 0.1315104171875 0.04541015625 0.1223958328125 0.04248046875 0.107421875 0.015625 0.1048177078125 0.01318359375 0.1048177078125 0.01220703125 0.115234375 0.0205078125 0.1809895828125 0.02001953125 0.201171875 0.02197265625 0.20703125
1 0.190625 0.7359375 0.10859375 0.221875
1 0.3046875 0.74765625 0.11484375 0.2515625
1 0.4078125 0.7546875 0.1171875 0.225
1 0.51484375 0.7671875 0.0953125 0.221875
1 0.609375 0.75703125 0.11875 0.203125
1 0.7296875 0.759375 0.1359375 0.23046875
0 0.7296875 0.90078125 0.05625 0.071875
0 0.6890625 0.884375 0.0375 0.078125
0 0.6546875 0.89140625 0.03125 0.06640625
0 0.58046875 0.84296875 0.040625 0.0609375
0 0.521875 0.9171875 0.03125 0.053125
0 0.475 0.89765625 0.0578125 0.0640625
0 0.43828125 0.87109375 0.06640625 0.04609375
0 0.35390625 0.921875 0.05078125 0.07421875
0 0.29765625 0.9203125 0.0328125 0.06328125
0 0.3375 0.87578125 0.03125 0.04921875
0 0.20546875 0.865625 0.0640625 0.0640625
0 0.2234375 0.803125 0.02109375 0.03671875
4 0.74765625 0.55546875 0.153125 0.2109375
3 0.75390625 0.5359375 0.01796875 0.02421875
4 0.62421875 0.565625 0.1296875 0.240625
3 0.628125 0.5234375 0.01875 0.02421875
4 0.51328125 0.584375 0.115625 0.23203125
3 0.53203125 0.5265625 0.01640625 0.02421875
4 0.1828125 0.56328125 0.12890625 0.209375
3 0.21875 0.5125 0.01640625 0.02109375
4 0.29140625 0.55703125 0.1140625 0.18125
3 0.334375 0.51875 0.01328125 0.0203125
4 0.403125 0.56171875 0.1140625 0.21640625
3 0.4484375 0.51328125 0.0125 0.021875
2 0.50625 0.6546875 0.0234375 0.034375
2 0.61640625 0.62265625 0.0234375 0.0375
2 0.1921875 0.64765625 0.021875 0.04453125