4 0.8421875 0.3296875 0.1265625 0.26953125
4 0.69140625 0.3515625 0.1640625 0.2859375
4 0.5421875 0.3875 0.12265625 0.246875
4 0.48359375 0.30625 0.10859375 0.23203125
3 0.5171875 0.259375 0.01640625 0.015625
3 0.54765625 0.33125 0.021875 0.025
3 0.7125 0.2796875 0.0203125 0.02890625
2 0.80625 0.33515625 0.02421875 0.04375
2 0.53359375 0.428125 0.02578125 0.040625
1 0.53125 0.5953125 0.10859375 0.22890625
1 0.69609375 0.62734375 0.1140625 0.29453125
1 0.828125 0.578125 0.1171875 0.27734375
0 0.81484375 0.70859375 0.05078125 0.08828125
0 0.83984375 0.74609375 0.05546875 0.04921875
0 0.68984375 0.79609375 0.0421875 0.06796875
0 0.49609375 0.734375 0.0546875 0.040625
0 0.5625 0.7015625 0.0421875 0.05078125
0 0.59453125 0.6796875 0.04375 0.0421875
0 0.659375 0.69296875 0.03828125 0.05390625
0 0.73828125 0.6875 0.025 0.07421875