1 0.7291666671875 0.41832010625000005 0.7209821421875 0.415343915625 0.690476190625 0.41798941875000006 0.6676587296875 0.41765872968749995 0.650545634375 0.41468253906249997 0.637896825 0.415343915625 0.6336805562500001 0.41765872968749995 0.6529695125 0.5213988046875 0.6582341265625 0.5826719578125 0.65674603125 0.5916005296875 0.6577380953125 0.61276455 0.6651785718750001 0.6458333328125 0.681795634375 0.65608465625 0.69345238125 0.6570767203125001 0.6966765875 0.6541005296875 0.699652778125 0.6319444437499999 0.6994047625 0.6164021156249999 0.703869046875 0.5644841265625 0.703869046875 0.549319728125 0.7056894828125 0.5295883156250001 0.7056894828125 0.51730405 0.70466579375 0.5111619171874999 0.7132936515625 0.484788359375 0.7237103171875 0.45899470937500003 0.7301587296875 0.4391534390625 0.7326388890625 0.42592592656250006 0.7291666671875 0.41832010625000005
0 0.6755952375 0.653769840625 0.671875 0.6491402109375 0.6671626984375 0.646164021875 0.66220238125 0.646164021875 0.6545138890625 0.6550925921874999 0.64657738125 0.6699735453125 0.6450892859375 0.6736111109375 0.6450892859375 0.677579365625 0.6584821421875 0.6858465609375 0.674603175 0.6871693125 0.6798115078125 0.683862434375 0.68427579375 0.677579365625 0.688244046875 0.666005290625 0.6875 0.6580687828125 0.6755952375 0.653769840625
0 0.6613533734375 0.624278240625 0.6558970234375 0.6232861765625 0.647992171875 0.6311705515625 0.6365517859375001 0.6332068125 0.6343196421874999 0.6368443781249999 0.6338236109375 0.6411433203125 0.6363037703125001 0.6461036375 0.6439922625000001 0.6507332671875 0.657137103125 0.6507332671875 0.6633375 0.6447808859374999 0.6643295640625 0.6414740078125 0.6643295640625 0.62791580625 0.6613533734375 0.624278240625
4 0.5679563484375 0.272156084375 0.5672123015625 0.259589946875 0.562251984375 0.24404761874999997 0.55282738125 0.23379629687499998 0.53720238125 0.2202380953125 0.5332341265625 0.2265211640625 0.5200892859375 0.234457671875 0.5077300953125 0.2421144390625 0.5042839406249999 0.23398504843749998 0.500744046875 0.21626984062500001 0.5045490296875 0.2053554578125 0.49474074375 0.21595901093749997 0.4861111109375 0.21858465625 0.47432890624999996 0.22373494843750003 0.4466765875 0.2830687828125 0.45114087343750003 0.28802910000000004 0.45921884375 0.298313265625 0.4735336390625 0.302201234375 0.47098214218749995 0.31812169375 0.471230159375 0.32771164062499997 0.468998015625 0.3382936515625 0.4670138890625 0.359457671875 0.46453372968749995 0.36375661406250004 0.45238095312500004 0.3766534390625 0.44866071406249997 0.3928571421875 0.45535714218749995 0.3991402109375 0.47445436562500004 0.4077380953125 0.4985119046875 0.4117063484375 0.528769840625 0.41997354531250003 0.5376984125 0.41964285781250005 0.5391865078125 0.4126984125 0.5401785718750001 0.3799603171875 0.5458829359374999 0.353835978125 0.544146825 0.32903439218749997 0.5453727046875 0.32199453125 0.54637896875 0.322420634375 0.56339874375 0.31492549687500004 0.56845238125 0.313161375 0.5701884921875 0.302579365625 0.5711805562500001 0.2830687828125 0.5679563484375 0.272156084375
3 0.48125 0.2546875 0.0140625 0.0171875
4 0.68318549375 0.2359040625 0.6796992265624999 0.228931528125 0.6796992265624999 0.2184727265625 0.6731624765625 0.21614855 0.650501740625 0.2254452609375 0.6391713734375 0.2463628625 0.6204326890625 0.2847117984375 0.6173822046875 0.3056294 0.619561121875 0.3004 0.6321988390625 0.297494778125 0.6391713734375 0.288779109375 0.650937525 0.2806444875 0.69102959375 0.2847117984375 0.69625899375 0.32770909062500003 0.6417860734375 0.337005803125 0.6374282390625 0.377097871875 0.63045570625 0.413703675 0.6539880078125 0.41486576406250003 0.6757771765625 0.41835203125 0.7171765953125 0.4142847203125 0.727635396875 0.41835203125 0.7289427468749999 0.39569129531249997 0.7328647968750001 0.42183829843750004 0.739401546875 0.42474352031249996 0.7398373312500001 0.40382591874999996 0.7437593812500001 0.33642475781250003 0.73722263125 0.3004 0.7494245640625 0.2963326890625 0.7607549328125 0.30156208906250004 0.7659843328125 0.30156208906250004 0.77339265 0.303305221875 0.765112765625 0.2463628625 0.758576015625 0.22951257187500002 0.74768143125 0.219053771875 0.7306858796875 0.214405415625 0.7232775625000001 0.2080139265625 0.7176123796875 0.20278452656249998 0.7167408125 0.1952309484375 0.714997678125 0.194068859375 0.7141261125 0.2010413921875 0.70018104375 0.2231210828125 0.6945158609375001 0.23067466093750003 0.6810065765625 0.2428765953125 0.68318549375 0.2359040625
3 0.65078125 0.2640625 0.01328125 0.01875
2 0.50234375 0.3390625 0.0140625 0.03359375
2 0.659375 0.3671875 0.0234375 0.03828125
2 0.603125 0.37421875 0.01640625 0.034375
4 0.9551091265625 0.278108465625 0.9357638890625 0.2635582015625 0.9288194437499999 0.2754629625 0.9218728531249999 0.28268906875 0.91620714375 0.28229147499999996 0.91220238125 0.26818783125 0.8943452375 0.278769840625 0.8918650796875 0.2827380953125 0.881200396875 0.31812169375 0.8798273265625 0.3276171484375 0.8886408734375 0.334656084375 0.8938425015625 0.3363642078125 0.889880953125 0.3458994703125 0.884424603125 0.36838624375 0.8821924609374999 0.372354496875 0.87822420625 0.39351851875 0.893353175 0.4007936515625 0.9169146828124999 0.40608465625 0.9360119046875001 0.40674603125 0.94345238125 0.40608465625 0.9461805562500001 0.40410052968750004 0.947420634375 0.3885582015625 0.9439484125 0.3753306875 0.9433429078125 0.330400303125 0.9591472546875 0.3240388046875 0.9686895015625 0.32244843125 0.9608134921874999 0.2890211640625 0.9551091265625 0.278108465625
3 0.89921875 0.2984375 0.009375 0.0109375
3 0.859375 0.27421875 0.009375 0.01015625
2 0.92578125 0.359375 0.01484375 0.02109375
2 0.85546875 0.3328125 0.01328125 0.02109375
0 0.49925595312500004 0.5744047625 0.4987599203125 0.572089946875 0.49603174531249994 0.5694444437499999 0.487351190625 0.5694444437499999 0.478174603125 0.5955687828125 0.47718253906249997 0.603835978125 0.478174603125 0.60648148125 0.48239087343750003 0.6084656078124999 0.49131944375 0.6084656078124999 0.5017361109375 0.603835978125 0.506200396875 0.5925925921874999 0.506200396875 0.578373015625 0.49925595312500004 0.5744047625
1 0.5136408734375 0.415674603125 0.47194562187500005 0.4080265640625 0.4491641390625 0.395332403125 0.44742063437499996 0.4080687828125 0.4484126984375 0.4110449734375 0.44618055625 0.41931216875 0.4466765875 0.43353174531249994 0.444196428125 0.44742063437499996 0.4439484125 0.45899470937500003 0.44915674531249994 0.4761904765625 0.4541170640625 0.484126984375 0.474950396875 0.5132275125 0.48859127031250005 0.525132275 0.4908234125 0.5330687828125 0.481646825 0.55654761875 0.48239087343750003 0.5628306875 0.48660714218749995 0.5671296296875 0.4985119046875 0.5697751328125 0.50967261875 0.5664682546875001 0.5104166671875 0.5648148140625 0.5086805562500001 0.563161375 0.5076884921875 0.5575396828125 0.513144840625 0.54431216875 0.5210813484375 0.5142195765625 0.5243055562500001 0.49140211562499997 0.5238095234375 0.46668320156250004 0.525049603125 0.45502645468749997 0.5334821421875 0.4269179890625 0.533730159375 0.41964285781250005 0.5136408734375 0.415674603125
1 0.9419642859374999 0.40608465625 0.9074900796875 0.403769840625 0.8851686515624999 0.39649470937500003 0.87952913125 0.39322009687500004 0.875248015625 0.4080687828125 0.8732638890625 0.4229497359375 0.8622338078125 0.510907809375 0.8601464421875 0.5144861515625 0.88340566875 0.522438025 0.89086055 0.511702996875 0.9054721156250001 0.4250275859375 0.900545634375 0.5013227515625001 0.900049603125 0.5175264546875 0.9045138890625 0.5238095234375 0.9084821421875 0.5267857140625 0.916170634375 0.5267857140625 0.9198908734375 0.5175264546875 0.9238591265625 0.5016534390625 0.9265873015625001 0.47982804218749997 0.9352678578125 0.43551587343750003 0.940476190625 0.4229497359375 0.9441964281249999 0.4074074078125 0.9419642859374999 0.40608465625
0 0.916170634375 0.525132275 0.9131944437499999 0.5264550265625 0.9040178578125 0.5248015875 0.900545634375 0.534722221875 0.9007936515624999 0.540674603125 0.906994046875 0.54365079375 0.91220238125 0.54398148125 0.9164186515624999 0.5423280421875 0.9179067453125 0.5380290999999999 0.9171626984374999 0.528439153125 0.916170634375 0.525132275
0 0.8831845234375001 0.5261243390625 0.8735119046875001 0.521494709375 0.8613591265625 0.5208333328125 0.853670634375 0.5224867718749999 0.853174603125 0.525132275 0.853670634375 0.5291005296875 0.8578869046875001 0.5363756609375 0.8616071421875 0.5393518515625 0.8695436515624999 0.5419973546875 0.8710317453125 0.5446428578125 0.8769841265625 0.547619046875 0.881200396875 0.547288359375 0.8834325390625001 0.5449735453125 0.884920634375 0.537367725 0.88467261875 0.5297619046875 0.8831845234375001 0.5261243390625