4 0.35859375 0.42734375 0.403125 0.2015625
3 0.275 0.46953125 0.0328125 0.021875
2 0.4109375 0.40859375 0.0609375 0.021875
2 0.559375 0.846875 0.0671875 0.034375
0 0.90234375 0.44375 0.084375 0.04375
0 0.9015625 0.3421875 0.090625 0.046875
0 0.96796875 0.8359375 0.0640625 0.059375
1 0.7828125 0.87265625 0.353125 0.1078125
0 0.93203125 0.8875 0.053125 0.0484375
1 0.59375 0.7203125 0.2046875 0.0734375
0 0.6828125 0.6921875 0.0484375 0.0234375
0 0.71171875 0.71015625 0.028125 0.0203125
1 0.71015625 0.4078125 0.31875 0.1515625
4 0.453125 0.9046875 0.31875 0.1109375
1 0.58671875 0.58984375 0.20625 0.0640625