1 0.5609375 0.55625 0.2484375 0.14375
1 0.553125 0.35546875 0.21875 0.128125
1 0.55390625 0.46328125 0.184375 0.0953125
4 0.3703125 0.34375 0.21875 0.128125
3 0.3265625 0.34375 0.0171875 0.015625
4 0.37890625 0.44453125 0.209375 0.1171875
3 0.34296875 0.45 0.0171875 0.0171875
4 0.33515625 0.53515625 0.246875 0.128125
3 0.28359375 0.53359375 0.0203125 0.015625
2 0.36640625 0.515625 0.0328125 0.01875
2 0.4203125 0.4296875 0.0296875 0.01875
2 0.40859375 0.33203125 0.0328125 0.015625
0 0.6734375 0.32890625 0.0375 0.0578125
0 0.66015625 0.40390625 0.040625 0.0375
0 0.68515625 0.50859375 0.0375 0.059375
0 0.65859375 0.4875 0.0421875 0.0359375
0 0.65703125 0.60546875 0.0296875 0.028125
0 0.63125 0.48203125 0.046875 0.0203125