4 0.5296875 0.39140625 0.08203125 0.14140625
4 0.38671875 0.36875 0.14296875 0.2171875
1 0.3796875 0.55390625 0.1078125 0.21171875
1 0.53203125 0.5234375 0.0640625 0.15234375
4 0.29296875 0.39375 0.06484375 0.075
3 0.29765625 0.40390625 0.0109375 0.01328125
3 0.3921875 0.30234375 0.0140625 0.021875
3 0.5453125 0.3546875 0.0109375 0.01640625
2 0.5203125 0.44296875 0.01328125 0.0296875
0 0.3484375 0.678125 0.0375 0.03125
0 0.409375 0.6609375 0.0328125 0.0375
0 0.525 0.60078125 0.01796875 0.0234375
0 0.55 0.60078125 0.01953125 0.03125
0 0.27734375 0.5703125 0.01953125 0.03125
0 0.30625 0.5734375 0.03359375 0.0375