1 0.63359375 0.41875 0.521875 0.20625
4 0.209375 0.3765625 0.41875 0.3125
0 0.89765625 0.44765625 0.0453125 0.0546875
0 0.70390625 0.37421875 0.05625 0.0390625
1 0.36953125 0.8078125 0.40625 0.175
0 0.5390625 0.790625 0.04375 0.034375
0 0.5765625 0.85 0.03125 0.0359375
0 0.728125 0.47265625 0.0484375 0.0234375
0 0.396875 0.97890625 0.03125 0.03125
1 0.265625 0.9578125 0.24375 0.0671875
4 0.10625 0.78984375 0.2125 0.1953125
2 0.10234375 0.7671875 0.0453125 0.0234375
4 0.0796875 0.9296875 0.159375 0.08125
3 0.02734375 0.93125 0.01875 0.01875
3 0.11796875 0.3140625 0.0546875 0.0359375