4 0.41328125 0.65546875 0.16875 0.234375
4 0.678125 0.62734375 0.1375 0.28125
4 0.74375 0.62578125 0.096875 0.259375
3 0.7484375 0.70859375 0.01875 0.021875
3 0.70625 0.68203125 0.01875 0.025
3 0.4 0.72265625 0.0125 0.0234375
2 0.42578125 0.64921875 0.025 0.040625
1 0.72109375 0.3765625 0.13125 0.296875
2 0.71171875 0.50390625 0.0265625 0.0640625
1 0.61953125 0.3453125 0.1578125 0.34375
1 0.384375 0.46015625 0.15625 0.253125
0 0.4109375 0.32265625 0.05625 0.0515625
0 0.3375 0.34765625 0.0703125 0.05625
0 0.54375 0.26015625 0.0640625 0.10625
0 0.6296875 0.16640625 0.090625 0.0625
0 0.73515625 0.2125 0.0796875 0.075
0 0.61875 0.2515625 0.1015625 0.05625