1 0.4109375 0.60546875 0.19765625 0.403125
1 0.6578125 0.65390625 0.12734375 0.42890625
4 0.40625 0.27265625 0.25078125 0.41484375
4 0.64921875 0.2546875 0.14296875 0.39921875
3 0.6625 0.1734375 0.0265625 0.034375
3 0.40546875 0.1609375 0.0265625 0.03203125
0 0.6484375 0.88359375 0.08828125 0.06171875
0 0.7078125 0.809375 0.03671875 0.0578125
0 0.49375 0.8 0.0453125 0.07109375
0 0.46484375 0.765625 0.0296875 0.0421875
0 0.33203125 0.83046875 0.08359375 0.06875
0 0.2734375 0.7609375 0.09765625 0.04375