4 0.696875 0.49375 0.31875 0.2078125
2 0.690625 0.51484375 0.0515625 0.034375
3 0.765625 0.51796875 0.028125 0.0234375
4 0.62578125 0.3546875 0.1171875 0.08125
3 0.6578125 0.36875 0.0140625 0.0125
1 0.5078125 0.384375 0.14375 0.0734375
2 0.58671875 0.3859375 0.0203125 0.015625
4 0.59921875 0.1953125 0.20625 0.1421875
2 0.58984375 0.21171875 0.03125 0.0234375
3 0.64296875 0.2203125 0.021875 0.0171875
4 0.575 0.09609375 0.1953125 0.1484375
3 0.625 0.1203125 0.0140625 0.0140625
1 0.42578125 0.5609375 0.284375 0.171875
1 0.4 0.14296875 0.20625 0.134375
1 0.4203125 0.2390625 0.2015625 0.1125
0 0.33359375 0.24609375 0.0375 0.034375
0 0.315625 0.278125 0.0390625 0.034375
0 0.43828125 0.38515625 0.0328125 0.021875
0 0.4328125 0.41171875 0.0234375 0.028125
0 0.2859375 0.1484375 0.040625 0.040625
0 0.3015625 0.21171875 0.05625 0.0546875
0 0.27890625 0.58046875 0.065625 0.0640625
0 0.31640625 0.59921875 0.0875 0.05625