4 0.16875 0.29765625 0.33203125 0.5625
1 0.16484375 0.76796875 0.25546875 0.4640625
2 0.14375 0.3921875 0.0546875 0.09609375
3 0.23828125 0.1796875 0.02890625 0.04375
4 0.73828125 0.328125 0.1578125 0.25390625
4 0.57890625 0.3390625 0.146875 0.21328125
1 0.58671875 0.553125 0.1265625 0.24765625
1 0.73203125 0.5765625 0.13046875 0.29453125
3 0.621875 0.27421875 0.01640625 0.0203125
3 0.75390625 0.25859375 0.0171875 0.02421875
0 0.57265625 0.703125 0.04296875 0.05859375
0 0.6125 0.67578125 0.04296875 0.06640625
0 0.69453125 0.6984375 0.03984375 0.07578125
0 0.746875 0.746875 0.0546875 0.05