4 0.33576379218749997 0.708383090625 0.3517483890625 0.6842372015625 0.36290743281250004 0.6311162984375 0.3303350546875 0.6093850062499999 0.33154144375 0.556666521875 0.3336526296875 0.5192404203125001 0.3399861171875 0.5099844890624999 0.302286640625 0.47416810312499996 0.27996853125 0.5132039515625 0.26217436250000004 0.469741365625 0.21542698124999998 0.498313978125 0.22568125 0.554654365625 0.22869720937500002 0.604153403125 0.2112046328125 0.61783605625 0.1925056890625 0.62588468125 0.20095036406250003 0.669749690625 0.21150622343749997 0.7047612109375 0.2317131703125 0.71562685 0.262475953125 0.7140171265624999 0.26549191250000004 0.696310153125 0.2730318140625 0.6814201953125 0.27996853125 0.6753837265625 0.291429165625 0.687859096875 0.29870535781249996 0.7138380984375 0.33576379218749997 0.708383090625
2 0.29375 0.57890625 0.0265625 0.046875
1 0.21732259843750001 0.48931756093749995 0.265066659375 0.4675529328125 0.28163282343749996 0.5086782734375 0.302051553125 0.47269359843750003 0.33633964375000003 0.5086782734375 0.343659578125 0.4824608796875 0.3374954328125 0.3935273765625 0.30243680624999997 0.20229461406250002 0.3012810453125 0.1632255671875 0.27932124375 0.16219745000000002 0.27943696406249996 0.17890467968749998 0.27392763593749997 0.1755631703125 0.2531236234375 0.160655234375 0.23771324843750002 0.19869616406249999 0.2346311625 0.257299753125 0.23617220468750003 0.31384706875 0.23540169843749997 0.36525372031250003 0.22076182968750002 0.426427621875 0.21732259843750001 0.48931756093749995
0 0.2741946734375 0.143301640625 0.28491559375 0.13074084375 0.27628655 0.11050401875 0.2619048234375 0.10910837031250001 0.24935350937499998 0.11992458749999999 0.253014296875 0.1352766953125 0.261268109375 0.139480290625 0.2741946734375 0.143301640625
0 0.3055729859375 0.158653709375 0.30766486249999997 0.1464418296875 0.2958979953125 0.13911468124999998 0.28230073437500003 0.1398125328125 0.277940625 0.1564797171875 0.3055729859375 0.158653709375
4 0.921567371875 0.662028225 0.9347566265625 0.607200746875 0.9312056875 0.5571114640625 0.9164945796874999 0.48739255468750003 0.9119290578125 0.412258565625 0.9296838328125 0.365553746875 0.9291765625 0.3262945453125 0.8728685671875 0.303280534375 0.8358371640625 0.30801874218749997 0.763296246875 0.3323864984375 0.7719199796875 0.33847845 0.8064149875 0.33441711406249996 0.817575115625 0.347277890625 0.8378662875 0.49686891875 0.8388808703124999 0.65999755625 0.827720703125 0.728362709375 0.844460934375 0.7432541078125 0.8850432781249999 0.636306671875 0.903869109375 0.7216262375 0.921567371875 0.662028225
3 0.92265625 0.609375 0.025 0.0390625
4 0.11631340937500001 0.6847784375 0.129431528125 0.6810541765625 0.1389212421875 0.68179903125 0.14869006093749998 0.6661571328125 0.1520393828125 0.63785275625 0.1372465921875 0.636363046875 0.1325017453125 0.6110380765625 0.1302688640625 0.5946513234374999 0.13333905937499999 0.5797542796874999 0.1389212421875 0.548470496875 0.1313853046875 0.54027710625 0.114080528125 0.5332010328125001 0.10598638125 0.5521947578125 0.102357953125 0.5294767734375 0.0856114078125 0.5291043234374999 0.057421392187499996 0.54288410625 0.0683066515625 0.5976307421875 0.0671902109375 0.6207211484374999 0.0462570296875 0.62593511875 0.057700498437500004 0.671743525 0.065794665625 0.6780747703125 0.0872860578125 0.686640575 0.0987295265625 0.65684648125 0.102659521875 0.6625937468750001 0.11631340937500001 0.6847784375
1 0.10238116875 0.5272628015625 0.105911778125 0.5519957703125 0.11473832343749998 0.528440565625 0.1397468703125 0.5453217921875 0.13445095625 0.4405011390625 0.12327065625 0.3698355109375 0.111501928125 0.32625838906250004 0.095319928125 0.3282213234375 0.0879644734375 0.35256168906249996 0.08090323125 0.37768724531250003 0.0658981078125 0.41812369218749995 0.0603079578125 0.473478415625 0.058559201562499996 0.5374116859375 0.10238116875 0.5272628015625
0 0.1200149 0.3080272515625 0.11506793125 0.30197640937500003 0.0956923109375 0.30610198906249997 0.08868410625 0.30885237656250003 0.08868410625 0.31847873125000004 0.09198208125 0.3261798 0.0981657875 0.31710353750000003 0.1093152921875 0.31926617031250004 0.1200149 0.3080272515625
0 0.2251508234375 0.334094346875 0.2248234796875 0.3212089078125 0.219094871875 0.312254625 0.20632825625 0.312254625 0.2042004828125 0.320116921875 0.2094380734375 0.3330023609375 0.210911146875 0.32841602187499996 0.21844017187500003 0.32666883750000003 0.22247081875000002 0.3320418578125 0.2251508234375 0.334094346875