4 0.634375 0.78828125 0.6609375 0.3546875
2 0.47109375 0.67109375 0.103125 0.0734375
4 0.81953125 0.73671875 0.28125 0.190625
3 0.81953125 0.684375 0.040625 0.025
4 0.74140625 0.43984375 0.359375 0.23125
2 0.6734375 0.45625 0.0703125 0.046875
3 0.81015625 0.42421875 0.0359375 0.03125
3 0.54296875 0.55546875 0.0171875 0.0125
1 0.43046875 0.396875 0.35625 0.2046875
0 0.21953125 0.409375 0.0984375 0.0796875
0 0.25234375 0.340625 0.1 0.0578125
0 0.13359375 0.51484375 0.103125 0.115625
1 0.19765625 0.86484375 0.3953125 0.2359375