4 0.44140625 0.796875 0.2953125 0.1890625
4 0.38125 0.67578125 0.290625 0.1703125
4 0.41953125 0.94921875 0.1390625 0.090625
1 0.71484375 0.7484375 0.359375 0.1953125
1 0.675 0.6328125 0.30625 0.159375
1 0.5328125 0.93125 0.140625 0.0671875
0 0.825 0.828125 0.0984375 0.0703125
0 0.91015625 0.67890625 0.0796875 0.08125
0 0.8265625 0.5546875 0.0625 0.090625
3 0.3046875 0.65234375 0.025 0.0171875
2 0.4578125 0.7390625 0.0515625 0.040625
2 0.4203125 0.94375 0.0265625 0.01875
3 0.3890625 0.9328125 0.0140625 0.0109375