4 0.5734126984375 0.20899470937500003 0.5664682546875001 0.18683862499999998 0.5572916671875 0.17294973593750002 0.549851190625 0.16468253906250002 0.540674603125 0.1617063484375 0.5384424609375 0.159391534375 0.53720238125 0.1550925921875 0.5364583328125 0.1451719578125 0.533978175 0.1415343921875 0.5233134921875 0.1418650796875 0.5074404765625 0.1514550265625 0.500248015625 0.1580687828125 0.49553571406249997 0.16699735468750002 0.4945436515625 0.17361111093749998 0.4890873015625 0.1742724875 0.48660714218749995 0.166005290625 0.4833829359375 0.16468253906250002 0.47098214218749995 0.17989417968750002 0.4677579359375 0.18650793593749998 0.4672619046875 0.19345238125 0.4632936515625 0.197420634375 0.4583333328125 0.20701058125 0.455605159375 0.25661375625 0.450644840625 0.30423280468749997 0.45089285781250005 0.309523809375 0.45386904687499996 0.31679894218750004 0.45362103125 0.33443562656250003 0.4518849203125 0.378637565625 0.44990079375 0.39318783125 0.44890872968749995 0.415343915625 0.446428571875 0.427910053125 0.437251984375 0.4609788359375 0.4362599203125 0.465608465625 0.43700396875 0.4699074078125 0.4424603171875 0.471891534375 0.453125 0.47288359843750005 0.46279761875 0.4761904765625 0.46502976250000005 0.4738756609375 0.46651785781250005 0.462632275 0.471478175 0.46461640156249995 0.47321428593750003 0.47255290937499994 0.47445436562500004 0.47255290937499994 0.47842261875 0.4613095234375 0.4893353171875 0.4371693125 0.50967261875 0.450396825 0.509424603125 0.46164021093749996 0.5079365078125 0.471230159375 0.5079365078125 0.474867725 0.5089285718750001 0.4761904765625 0.546626984375 0.47288359843750005 0.5491071421875 0.46858465625 0.5491071421875 0.45866402187500005 0.553075396875 0.45601851875 0.5550595234375 0.4702380953125 0.55654761875 0.4738756609375 0.5582837296875 0.47453703750000004 0.5669642859375 0.471560846875 0.56845238125 0.4699074078125 0.5689484125 0.4672619046875 0.5669642859375 0.459325396875 0.562251984375 0.4272486765625 0.56299603125 0.3796296296875 0.55654761875 0.328373015625 0.556299603125 0.31911375625 0.5577876984375 0.3078703703125 0.560019840625 0.2999338625 0.5605158734375 0.291335978125 0.559523809375 0.290343915625 0.5605158734375 0.283730159375 0.5634920640625001 0.27678571406249997 0.56845238125 0.2741402109375 0.5701884921875 0.2635582015625 0.5758928578125 0.252976190625 0.5771329359374999 0.246693121875 0.5766369046875 0.23247354531250003 0.5734126984375 0.20899470937500003
3 0.4671875 0.23515625 0.01328125 0.02734375
3 0.45390625 0.2453125 0.01015625 0.02265625
4 0.36494337187500003 0.1880893234375 0.35800643593750003 0.1945686875 0.345519953125 0.22326298437499997 0.339970409375 0.230205153125 0.3333803140625 0.2588994328125 0.3396235671875 0.2700069078125 0.3396235671875 0.284354046875 0.3396235671875 0.30379212187500004 0.3323397625 0.4074618359375 0.336501940625 0.40885028281249997 0.346907346875 0.4093130875 0.3562722015625 0.40838744374999997 0.37014607499999996 0.40838744374999997 0.38055148125 0.4074618359375 0.398240665625 0.4093130875 0.40899293906249995 0.4023709203125 0.4225199453125 0.3593294640625 0.42390733750000004 0.32230456875 0.42564157187499996 0.26445317031250004 0.43049743281249997 0.24825477812500002 0.43257850937500003 0.217709246875 0.42737580625 0.196419921875 0.41558300781249996 0.18947775312499998 0.40309652656250006 0.1853124546875 0.3978938234375 0.17327937031250001 0.378817246875 0.1908662015625 0.366330765625 0.2084530234375 0.3650774421875 0.194960515625 0.36494337187500003 0.1880893234375
3 0.3453125 0.240625 0.01171875 0.0234375
2 0.353125 0.3390625 0.0265625 0.04296875
2 0.44296875 0.359375 0.0234375 0.040625
4 0.71279761875 0.3128306875 0.702380953125 0.302579365625 0.6912202375 0.296957671875 0.6875 0.29001322812499997 0.674851190625 0.3022486765625 0.669394840625 0.3108465609375 0.6671626984375 0.308862434375 0.6649305562500001 0.30026454999999996 0.6607142859375 0.296296296875 0.6478174609375 0.302579365625 0.6393849203124999 0.31150793593750004 0.6351686515625 0.32076719531250003 0.627480159375 0.3333333328125 0.624255953125 0.3416005296875 0.6232638890625 0.34821428593750003 0.6235119046875 0.3581349203125 0.6259920640625001 0.3617724875 0.6341765875 0.3634259265625 0.64112103125 0.36044973593749996 0.6426091265625 0.36413817656249997 0.6428571421875 0.390873015625 0.6418650796875001 0.4117063484375 0.637648809375 0.4325396828125 0.63740079375 0.44179894218750004 0.6383928578125 0.44378306875 0.643601190625 0.4451058203125 0.6769029578125 0.44477513281250003 0.6941964281249999 0.4477513234375 0.6981646828125 0.447089946875 0.700644840625 0.41898148125 0.70362103125 0.400132275 0.70262896875 0.372354496875 0.7041170640625001 0.36904761875 0.7147817453124999 0.3697089953125 0.718501984375 0.3670634921875 0.721478175 0.347552909375 0.721230159375 0.34424603125000003 0.71924603125 0.3396164015625 0.71875 0.333664021875 0.71279761875 0.3128306875
2 0.66171875 0.39140625 0.0109375 0.02578125
3 0.65078125 0.32734375 0.0078125 0.0125
4 0.8058035718750001 0.27447089999999996 0.8045634921874999 0.2638888890625 0.799603175 0.259920634375 0.794146825 0.25 0.7879464281249999 0.24966931250000002 0.7867063484375 0.2609126984375 0.7723214281249999 0.275132275 0.7703373015625 0.27232142812500004 0.7693452375 0.266203703125 0.764880953125 0.25694444375000003 0.755704365625 0.2539682546875 0.7514880953125 0.2572751328125 0.750744046875 0.26752645468749997 0.7485119046875 0.27149470937500003 0.7457837296875 0.2830687828125 0.7410714281249999 0.29365079375 0.7294146828125 0.375661375 0.7224702375 0.41038359843750005 0.7227182546875001 0.415343915625 0.7673611109375 0.42526454999999996 0.7775297625 0.42592592656250006 0.7795138890625 0.41335978906250004 0.7834821421875 0.40046296249999996 0.7879464281249999 0.3382936515625 0.7929067453124999 0.3230820109375 0.7926587296875 0.31679894218750004 0.796130953125 0.3164682546875 0.8055555562500001 0.322089946875 0.8137400796875 0.322420634375 0.8147321421875 0.31679894218750004 0.811755953125 0.28802910000000004 0.8058035718750001 0.27447089999999996
3 0.7453125 0.29453125 0.01015625 0.015625
4 0.928075396875 0.24272486718750003 0.9238591265625 0.23247354531250003 0.9208829359375 0.22916666718749998 0.8998015875 0.2172619046875 0.890376984375 0.2132936515625 0.8859126984374999 0.208664021875 0.8826884921874999 0.20138888906250002 0.8804563484375001 0.20138888906250002 0.8482142859374999 0.24735449687500002 0.846478175 0.24470899531249998 0.84424603125 0.228835978125 0.8452380953124999 0.21296296250000002 0.8425099203125 0.21130952343749998 0.8330853171875001 0.22486772500000002 0.8209325390625001 0.23478835937500003 0.80927579375 0.24933862499999998 0.80654761875 0.25595238125 0.8035714281249999 0.26917989375 0.8005952375 0.275132275 0.7891865078125 0.30687830625 0.7896825390625 0.3111772484375 0.7931547625 0.315145503125 0.800347221875 0.3197751328125 0.8115079359375 0.32374338593749996 0.812748015625 0.3257275125 0.8105158734375 0.3363095234375 0.811755953125 0.34722222187499996 0.812251984375 0.375 0.8110119046875001 0.377645503125 0.806299603125 0.3802910046875 0.799603175 0.3875661375 0.796130953125 0.396825396875 0.7951388890625 0.408730159375 0.8055555562500001 0.41732804218749997 0.8137400796875 0.4209656078125 0.8164682546875 0.4209656078125 0.81845238125 0.415343915625 0.8234126984374999 0.41898148125 0.831101190625 0.41997354531250003 0.8893849203125 0.42261904687499996 0.8993055562500001 0.39748677187500003 0.8973214281249999 0.3673941796875 0.9047619046875001 0.32705026406250004 0.9040178578125 0.31349206406249996 0.9077380953124999 0.30820105781249996 0.916170634375 0.3019179890625 0.9298115078125001 0.2946428578125 0.9397321421875 0.291335978125 0.940476190625 0.2867063484375 0.928075396875 0.24272486718750003
2 0.8390625 0.296875 0.01875 0.034375
3 0.82265625 0.2578125 0.0140625 0.01796875
0 0.403521825 0.6650132281250001 0.40178571406249997 0.6636904765625 0.39955357187499996 0.66865079375 0.393353175 0.6739417984375 0.38616071406249997 0.678240740625 0.3829365078125 0.6785714281249999 0.3834325390625 0.671957671875 0.3824404765625 0.66898148125 0.377976190625 0.6653439156250001 0.37400793593750004 0.6646825390625 0.372519840625 0.666005290625 0.3697916671875 0.6755952375 0.3670634921875 0.68121693125 0.36284722187499996 0.6865079359374999 0.343998015625 0.6994047625 0.34275793593750004 0.7070105812499999 0.3452380953125 0.7106481484375 0.343998015625 0.7129629625 0.3484623015625 0.7149470906250001 0.365575396875 0.7132936515625 0.37450396874999997 0.7096560843749999 0.3856646828125 0.7013888890625 0.403273809375 0.6960978843750001 0.406001984375 0.6924603171875 0.40575396875 0.67526455 0.403521825 0.6650132281250001
0 0.5367063484375 0.771825396875 0.5300099203124999 0.7705026453125 0.5233134921875 0.7665343921875001 0.515625 0.765873015625 0.5009920640625001 0.7552910046875 0.49032738125 0.75595238125 0.48834325468750006 0.7542989421875 0.487351190625 0.75 0.48784722187499996 0.74404761875 0.487103175 0.740740740625 0.477678571875 0.7374338625 0.4739583328125 0.7410714281249999 0.4675099203125 0.7523148140625 0.4605654765625 0.7572751328125 0.45262896875 0.7675264546875 0.44097222187499996 0.7794312171875 0.43973214218749995 0.7827380953125 0.43948412656249997 0.791005290625 0.4427083328125 0.8015873015625001 0.4449404765625 0.8035714281249999 0.46279761875 0.8058862437500001 0.46428571406249997 0.8082010578125001 0.4635416671875 0.8101851859375 0.4637896828125 0.8177910046875001 0.46800595312500004 0.8244047625 0.49603174531249994 0.8267195765625001 0.5064484125 0.8240740734375 0.5359623015625 0.8015873015625001 0.5381944437499999 0.7946428578125 0.5381944437499999 0.7857142859375 0.5367063484375 0.771825396875
1 0.4109623015625 0.43948412656249997 0.408730159375 0.4391534390625 0.40277777812500004 0.43187830624999995 0.40228174531249994 0.41600529062499997 0.40426587343750003 0.41071428593750003 0.403769840625 0.4077380953125 0.391369046875 0.40839947031249996 0.3735119046875 0.40674603125 0.360119046875 0.4110449734375 0.34722222187499996 0.4117063484375 0.3457341265625 0.415013228125 0.343998015625 0.4375 0.3501984125 0.47718253906249997 0.35044642812500004 0.49305555625 0.3492063484375 0.5175264546875 0.34970238125 0.5320767203125001 0.35069444375000003 0.537367725 0.361855159375 0.5535714281249999 0.3643353171875 0.5621693125 0.36607142812500004 0.583664021875 0.3678075390625 0.5919312171875 0.3702876984375 0.5978835984375 0.37152777812500004 0.61871693125 0.37549603125000003 0.63723545 0.37549603125000003 0.652777778125 0.3764880953125 0.6577380953125 0.3998015875 0.6517857140625 0.4010416671875 0.641203703125 0.4010416671875 0.6164021156249999 0.40426587343750003 0.6137566140625 0.40848214218749995 0.622354496875 0.4112103171875 0.6246693125 0.4169146828125 0.6203703703125 0.4208829359375 0.6144179890625 0.4171626984375 0.5793650796875001 0.415674603125 0.5737433859375 0.4047619046875 0.547619046875 0.3960813484375 0.534722221875 0.3945932546875 0.5264550265625 0.3948412703125 0.500661375 0.4007936515625 0.4857804234375 0.4077380953125 0.4636243390625 0.41071428593750003 0.45238095312500004 0.41220238125 0.44146825468750006 0.4109623015625 0.43948412656249997
1 0.5478670640625001 0.4735449734375 0.546130953125 0.471891534375 0.509920634375 0.4755291 0.5079365078125 0.47718253906249997 0.506200396875 0.48181216875 0.5022321421875 0.50595238125 0.49950396875 0.5135582015625 0.49627976250000005 0.5175264546875 0.4908234125 0.5205026453125 0.48115079375 0.521164021875 0.47222222187499996 0.5145502640624999 0.4699900796875 0.5079365078125 0.4697420640625 0.5003306875 0.47271825468750006 0.48379629687500003 0.47321428593750003 0.4735449734375 0.468998015625 0.4540343921875 0.46651785781250005 0.4672619046875 0.4637896828125 0.47321428593750003 0.4451884921875 0.47089947031249996 0.437748015625 0.471891534375 0.430803571875 0.4950396828125 0.41989087343750003 0.55654761875 0.41865079375 0.5899470906250001 0.422123015625 0.6071428578125 0.4325396828125 0.64417989375 0.44122023749999995 0.6633597890625 0.453125 0.6944444437499999 0.4583333328125 0.703703703125 0.46155753906249997 0.7046957671875 0.46924603125 0.7013888890625 0.48784722187499996 0.684854496875 0.49131944375 0.684523809375 0.5042162703125 0.6960978843750001 0.5074404765625 0.697420634375 0.5111607140625 0.702711640625 0.5101686515625 0.7275132281250001 0.5119047625 0.7450396828125 0.513144840625 0.7480158734375 0.5166170640625001 0.75 0.5205853171875 0.75 0.5265376984375 0.7476851859375 0.5362103171875 0.7410714281249999 0.5416666671875 0.7258597890625 0.544146825 0.7109788359375 0.547619046875 0.6643518515625 0.5456349203124999 0.5601851859375 0.5478670640625001 0.528439153125 0.5488591265625 0.47850529062499997 0.5478670640625001 0.4735449734375
0 0.6728670640625001 0.5621693125 0.6698908734375 0.5611772484374999 0.668898809375 0.55687830625 0.6679067453124999 0.55687830625 0.6646825390625 0.5585317453124999 0.6612103171875 0.5585317453124999 0.658730159375 0.5615079359374999 0.6572420640625001 0.5615079359374999 0.6520337296875 0.565806878125 0.650545634375 0.56812169375 0.6495535718750001 0.5730820109375 0.6512896828125 0.5757275125 0.6608630953125 0.5767195765625 0.661954365625 0.58068783125 0.6614583328125 0.5853174609375 0.6629464281249999 0.5863095234375 0.6783234125 0.5859788359375 0.6800595234375 0.584325396875 0.6805555562500001 0.577711640625 0.677579365625 0.5667989421875 0.6728670640625001 0.5621693125
1 0.6758432546875001 0.44378306875 0.6522817453124999 0.44345238125 0.6416170640625001 0.4451058203125 0.6423611109375 0.4543650796875 0.6475694437499999 0.46957672031250003 0.6510416671875 0.4986772484375 0.6572420640625001 0.515542328125 0.6602182546875001 0.5274470906250001 0.6604662703125 0.5423280421875 0.6631944437499999 0.546957671875 0.6651785718750001 0.5535714281249999 0.6703869046875 0.5545634921875 0.6765873015625 0.558862434375 0.6803075390625 0.559854496875 0.6832837296875 0.566137565625 0.6862599203124999 0.5634920640625001 0.687748015625 0.5601851859375 0.687748015625 0.5575396828125 0.6855158734375 0.5539021156249999 0.684214575 0.5481779359375001 0.689978325 0.4996923890625 0.6887253328125 0.473944890625 0.6934867062500001 0.44986930625 0.6954365078125 0.446759259375 0.6758432546875001 0.44378306875
0 0.752728175 0.6011904765625 0.7509920640625001 0.6011904765625 0.7450396828125 0.59358465625 0.7418154765625 0.5922619046875 0.737351190625 0.5929232796874999 0.7271825390625 0.609457671875 0.7254464281249999 0.6164021156249999 0.7274305562500001 0.61937830625 0.7331349203124999 0.6230158734375 0.7423115078125 0.6246693125 0.747519840625 0.6240079359374999 0.7514880953125 0.6203703703125 0.7547123015625 0.612103175 0.7544642859375 0.5992063484375 0.752728175 0.6011904765625
0 0.794394840625 0.5691137562499999 0.786954365625 0.5744047625 0.781001984375 0.5727513234375 0.7772817453124999 0.5694444437499999 0.7757936515625 0.5707671953125 0.7743055562500001 0.5763888890625 0.771329365625 0.58167989375 0.76612103125 0.5866402109375 0.7601686515625 0.5869709000000001 0.759424603125 0.5919312171875 0.7633928578125 0.596891534375 0.7671130953125 0.5982142859375 0.783978175 0.5978835984375 0.7894345234375 0.5886243390625 0.7978670640625001 0.5826719578125 0.7983630953125 0.577380953125 0.794394840625 0.5691137562499999
1 0.777777778125 0.428571428125 0.7678571421875 0.4272486765625 0.75322420625 0.421626984375 0.7413194437499999 0.4203042328125 0.7395833328125 0.4206349203125 0.7380952375 0.4232804234375 0.7393353171875 0.4424603171875 0.7413194437499999 0.45634920625 0.7485119046875 0.484126984375 0.749255953125 0.4917328046875 0.749751984375 0.50628306875 0.747271825 0.521825396875 0.744295634375 0.5664682546875001 0.744295634375 0.5744047625 0.7482638890625 0.577380953125 0.7571924609375 0.5803571421875 0.7591765875 0.5796957671875 0.762152778125 0.5744047625 0.7668650796875001 0.55621693125 0.7698412703125 0.5489417984375 0.7710813484375 0.5489417984375 0.7730654765625 0.5515873015625 0.7745535718750001 0.55026455 0.7757936515625 0.53141534375 0.775545634375 0.49140211562499997 0.77802579375 0.4699074078125 0.78174603125 0.44874338593749996 0.781498015625 0.4388227515625 0.777777778125 0.428571428125
1 0.893601190625 0.44940476250000005 0.89012896875 0.44179894218750004 0.8886408734375 0.428571428125 0.8859126984374999 0.4242724875 0.8819444437499999 0.4229497359375 0.849454365625 0.42261904687499996 0.841269840625 0.4203042328125 0.8234126984374999 0.41898148125 0.8196924609374999 0.41732804218749997 0.8162202375 0.41964285781250005 0.8125 0.41997354531250003 0.8038194437499999 0.41633597812499995 0.796130953125 0.41071428593750003 0.793402778125 0.415343915625 0.78447420625 0.43981481406249995 0.781498015625 0.4613095234375 0.781994046875 0.5085978843750001 0.7834821421875 0.5195105812499999 0.793402778125 0.565806878125 0.8010912703124999 0.5863095234375 0.8060515875 0.5952380953125 0.8162202375 0.603835978125 0.8229166671874999 0.6044973546875 0.8301091265625 0.6028439156250001 0.83407738125 0.5992063484375 0.8363095234375001 0.5922619046875 0.8415178578125 0.5955687828125 0.843998015625 0.6025132281250001 0.84325396875 0.625661375 0.843998015625 0.6322751328125 0.8447420640625 0.6365740734374999 0.8477182546875 0.6415343921875001 0.8509424609374999 0.6421957671875 0.853670634375 0.641203703125 0.8735119046875001 0.6296296296875 0.8764880953124999 0.6240079359374999 0.8792162703124999 0.6147486765625 0.8824404765624999 0.6008597890625 0.8854166671874999 0.5793650796875001 0.8883928578125 0.5386904765625 0.8883928578125 0.5168650796875001 0.8943452375 0.48842592656250006 0.8950892859374999 0.45866402187500005 0.893601190625 0.44940476250000005