4 0.6203125 0.40703125 0.2765625 0.13125
2 0.5734375 0.371875 0.046875 0.025
4 0.596875 0.721875 0.30625 0.146875
2 0.50234375 0.70234375 0.065625 0.034375
3 0.6828125 0.365625 0.0265625 0.015625
4 0.58984375 0.51953125 0.275 0.1390625
3 0.65546875 0.471875 0.0234375 0.0125
3 0.634375 0.678125 0.0234375 0.015625
1 0.3703125 0.4 0.29375 0.08125
0 0.21796875 0.42109375 0.078125 0.059375
0 0.215625 0.378125 0.046875 0.053125
1 0.29765625 0.71953125 0.309375 0.115625
4 0.60390625 0.91796875 0.228125 0.109375
1 0.38046875 0.9046875 0.21875 0.103125
0 0.25 0.91328125 0.05 0.0390625
1 0.31640625 0.51171875 0.3 0.09375
0 0.09140625 0.67890625 0.065625 0.078125
0 0.1578125 0.6578125 0.0609375 0.0421875
0 0.22109375 0.7328125 0.059375 0.0375
0 0.23046875 0.59375 0.0625 0.0515625
0 0.23125 0.5421875 0.04375 0.0390625
0 0.1546875 0.5140625 0.0921875 0.046875
0 0.14140625 0.47109375 0.0609375 0.0625