4 0.4875 0.18203125 0.1546875 0.3640625
4 0.59609375 0.17890625 0.1078125 0.309375
4 0.74296875 0.15 0.2078125 0.3
1 0.7234375 0.45390625 0.1625 0.359375
1 0.57265625 0.446875 0.11015625 0.25390625
1 0.47109375 0.4859375 0.1421875 0.3015625
0 0.40078125 0.5890625 0.0765625 0.04375
0 0.47578125 0.66875 0.09921875 0.0640625
0 0.6515625 0.6640625 0.08046875 0.0609375
0 0.65078125 0.6671875 0.0765625 0.05546875
0 0.753125 0.63125 0.09609375 0.04765625
0 0.5734375 0.609375 0.06328125 0.0421875
0 0.53359375 0.5640625 0.03828125 0.078125
0 0.56640625 0.571875 0.0421875 0.05078125
2 0.696875 0.1234375 0.0203125 0.05234375
3 0.7328125 0.06328125 0.02265625 0.03046875
3 0.57890625 0.1125 0.021875 0.02734375
3 0.49609375 0.08125 0.015625 0.02578125
2 0.43828125 0.23359375 0.0296875 0.0609375