4 0.2578125 0.35625 0.20234375 0.38359375
4 0.38359375 0.28515625 0.09296875 0.22421875
4 0.4625 0.284375 0.09453125 0.178125
4 0.675 0.2734375 0.109375 0.234375
4 0.02578125 0.3265625 0.0515625 0.10625
1 0.2828125 0.74765625 0.17578125 0.4734375
1 0.02890625 0.415625 0.04296875 0.08515625
1 0.3890625 0.48125 0.07265625 0.1984375
1 0.4671875 0.44296875 0.0765625 0.159375
1 0.678125 0.47109375 0.16640625 0.1953125
0 0.03125 0.47265625 0.01171875 0.02421875
0 0.0375 0.45390625 0.0125 0.03125
3 0.03671875 0.29921875 0.0078125 0.01015625
2 0.03515625 0.3546875 0.01015625 0.01953125
0 0.60625 0.58515625 0.05703125 0.0484375
0 0.746875 0.5921875 0.0734375 0.0484375
0 0.49765625 0.5484375 0.04453125 0.040625
0 0.4328125 0.521875 0.040625 0.04609375
0 0.41796875 0.60078125 0.04453125 0.04375
0 0.37265625 0.58125 0.0484375 0.04921875
3 0.4109375 0.2421875 0.00859375 0.015625
3 0.4734375 0.24375 0.009375 0.01484375
2 0.47578125 0.31484375 0.0140625 0.02578125
2 0.6984375 0.2671875 0.01640625 0.03046875