4 0.63515625 0.29921875 0.16640625 0.33125
1 0.53828125 0.7171875 0.13671875 0.3296875
1 0.35390625 0.7 0.0734375 0.36328125
1 0.4284727015625 0.5663594468750001 0.42881824531249996 0.5774193546874999 0.42812715937499995 0.602304146875 0.4257083625 0.6175115203125 0.4250172765625 0.6331797234375001 0.4232895640625 0.638709678125 0.4111955765625 0.6391705062499999 0.4063579828125 0.641935484375 0.40704906718749995 0.6576036859375 0.409122321875 0.6617511515625 0.41223220468750005 0.7152073734375 0.4153420875 0.8207373265625 0.4170698 0.845161290625 0.4167242578125 0.8806451609374999 0.4191430546875 0.9004608296875001 0.42259847968750003 0.90967741875 0.4270905328125 0.915668203125 0.4295093296875 0.923041475 0.4295093296875 0.9276497703125001 0.43123704218750003 0.93133640625 0.4326192125 0.9304147468749999 0.434346925 0.923963134375 0.4395300625 0.9170506906250001 0.44713199687499994 0.915668203125 0.4512785078125 0.9170506906250001 0.4606081546875 0.9290322578125 0.4664823765625 0.9331797234374999 0.47062888750000004 0.9221198156250001 0.4709744296875 0.8543778796874999 0.4685556328125 0.831797234375 0.46682792031250003 0.7866359453125 0.460953696875 0.7437788015625 0.4616447828125 0.728571428125 0.45784381406249997 0.715668203125 0.45507947499999996 0.697695853125 0.45507947499999996 0.67373271875 0.454042846875 0.6658986171875 0.454042846875 0.6603686640624999 0.45611610156250004 0.65391705 0.4564616453125 0.648387096875 0.45957152656250005 0.5677419359375 0.45507947499999996 0.5428571421874999 0.4533517625 0.525345621875 0.44989633749999997 0.5175115203125 0.44713199687499994 0.5147465437500001 0.4467864546875 0.5147465437500001 0.4243261921875 0.523963134375 0.42294402187499996 0.5258064515624999 0.4257083625 0.5552995390625 0.4284727015625 0.5663594468750001
4 0.51953125 0.40234375 0.165625 0.34140625
2 0.540625 0.4359375 0.028125 0.05546875
4 0.3828125 0.321875 0.14375 0.25390625
2 0.4125 0.39609375 0.03203125 0.06171875
2 0.6609375 0.3234375 0.028125 0.0515625
3 0.69140625 0.22734375 0.01953125 0.04140625
3 0.571875 0.31640625 0.01328125 0.028125
3 0.4375 0.2765625 0.021875 0.03203125
1 0.66484375 0.63515625 0.11796875 0.37109375
0 0.3546875 0.89453125 0.04609375 0.034375
0 0.45078125 0.94296875 0.0375 0.0484375
0 0.4921875 0.85703125 0.0359375 0.0578125
0 0.60234375 0.90625 0.06015625 0.0453125
0 0.6765625 0.86484375 0.04453125 0.07421875
0 0.6328125 0.80625 0.0421875 0.0671875
0 0.71328125 0.775 0.05546875 0.04375
1 0.04140625 0.46875 0.0828125 0.159375