0 0.61484375 0.840625 0.06796875 0.0796875
0 0.575 0.80546875 0.06796875 0.08046875
1 0.4296875 0.63203125 0.1390625 0.4875
0 0.465625 0.809375 0.06015625 0.06953125
0 0.43515625 0.9015625 0.096875 0.07890625
1 0.6078125 0.62109375 0.14375 0.36953125
4 0.63125 0.23203125 0.221875 0.43515625
4 0.40390625 0.20703125 0.21015625 0.4140625
2 0.596875 0.41171875 0.04296875 0.084375
2 0.46015625 0.321875 0.028125 0.07578125
3 0.6484375 0.13828125 0.03359375 0.0390625
3 0.484375 0.08828125 0.0234375 0.04375