4 0.74140625 0.29765625 0.3609375 0.1859375
4 0.64140625 0.42734375 0.221875 0.0890625
4 0.6546875 0.1734375 0.0453125 0.0359375
3 0.8125 0.3515625 0.0296875 0.0203125
3 0.76953125 0.3875 0.0078125 0.00625
3 0.70703125 0.44453125 0.015625 0.009375
1 0.41953125 0.3109375 0.3046875 0.228125
0 0.25859375 0.23359375 0.059375 0.071875
0 0.25078125 0.415625 0.0828125 0.1109375
0 0.40390625 0.3109375 0.0890625 0.0453125
0 0.32890625 0.3359375 0.0515625 0.040625
0 0.359375 0.425 0.040625 0.053125
1 0.4859375 0.4015625 0.209375 0.0859375