1 0.73359375 0.8109375 0.18515625 0.37734375
4 0.73359375 0.359375 0.203125 0.55546875
3 0.6984375 0.24765625 0.03203125 0.04921875
4 0.496875 0.31875 0.09765625 0.271875
3 0.48203125 0.26484375 0.01796875 0.01875
2 0.63203125 0.4625 0.03046875 0.07265625
1 0.32578125 0.603125 0.13203125 0.2203125
0 0.2546875 0.72890625 0.071875 0.0421875
0 0.3640625 0.7234375 0.0671875 0.04765625
4 0.32265625 0.36796875 0.08671875 0.28203125
0 0.81796875 0.94140625 0.07109375 0.1171875
0 0.48125 0.7390625 0.059375 0.04921875
0 0.4453125 0.67109375 0.0671875 0.03984375
0 0.4671875 0.68125 0.03828125 0.0328125
0 0.425 0.6265625 0.02734375 0.0828125
1 0.57890625 0.78125 0.16796875 0.4375