4 0.46725492968750004 0.5927269265625 0.45651431562499994 0.579206521875 0.45570370000000004 0.5468003671874999 0.46948412812500007 0.53598404375 0.46745759531250003 0.48163202031249996 0.46725492968750004 0.47676466562500003 0.45084001875 0.49163711093750007 0.428345509375 0.4664891703125 0.40868814843749995 0.4459381390625 0.3989607703125 0.45215753281250004 0.4028112015625 0.5546422062499999 0.4024058859375 0.5824942375 0.383964440625 0.58898403125 0.39511037031249996 0.665679225 0.41132263125 0.678929225 0.41874397031250005 0.6854295640625 0.423481828125 0.6638442484375 0.428548159375 0.6487014046875 0.4396940890625 0.6727677234375 0.446786953125 0.6862881296875 0.45063736875 0.6973748640624999 0.4587434984375 0.684395275 0.46948412812500007 0.6787167046875 0.464823096875 0.6532983437500001 0.46826819531249997 0.602191209375 0.46725492968750004 0.5927269265625
3 0.4109375 0.61484375 0.01640625 0.02421875
4 0.5561087515625001 0.6939150390625 0.561784425 0.6872505578125 0.565643875 0.6736186703125 0.5683681921875 0.6463548953125 0.573135771875 0.6245438625 0.5758600875 0.6175764671875 0.57290873125 0.6093973203124999 0.5561087515625001 0.6000064703125 0.5499790140624999 0.5972800875 0.54793576875 0.6033387046875001 0.542714159375 0.5875863109374999 0.550433078125 0.549765259375 0.5592871140625 0.4988728703125 0.5515682125 0.4914133109375 0.5331790171875 0.4908074578125 0.5093411890625 0.4838400390625 0.4855033609375 0.4789931515625 0.46824931718749996 0.4856576203125 0.46847635781249997 0.511709678125 0.4743790375 0.5547258578125 0.475060125 0.584413078125 0.47278985625000003 0.6010742734375001 0.46893040468749997 0.6470913375 0.47301689687500004 0.6761726984374999 0.474833084375 0.69041045 0.4811898453125 0.6955602765625 0.490270940625 0.6991954421875 0.49671069531249995 0.705875290625 0.49367634374999997 0.6951267546875 0.4961736375 0.675133325 0.49821688281250004 0.660592646875 0.505935784375 0.6711952265625001 0.5118385 0.6839183125 0.5195574015625 0.7027000265625001 0.5290925421875 0.7214817390625 0.536584421875 0.7139084687499999 0.5420330718749999 0.7051234703125 0.5561087515625001 0.6939150390625
3 0.47734375 0.64921875 0.01640625 0.02265625
4 0.6901020234375 0.6615480687499999 0.693256478125 0.6434165468749999 0.693499125 0.629817909375 0.6918005828125 0.5942024359375 0.686704921875 0.567652715625 0.6840357781249999 0.536596709375 0.6845210890625 0.5061616625 0.688888775 0.50075905 0.6845210890625 0.45737293437500004 0.6845210890625 0.4366511984375 0.66535175 0.432118315625 0.6495795125 0.43988896874999994 0.6486089109375001 0.4606107046875 0.6420573734375 0.490721953125 0.6418147078125 0.50075905 0.65346190625 0.5059394890625 0.6537045515625 0.5169479015625 0.6454544546875 0.5234234421874999 0.6364764203125 0.5237472265625 0.6325940265625001 0.5671333421875 0.6277410296875 0.59562573125 0.630167528125 0.6131096890625 0.63113813125 0.6406307375 0.633807275 0.6558482578125 0.641329415625 0.6649140124999999 0.6465214875 0.66986020625 0.64691036875 0.6609005125 0.6549178015625 0.6388836765625 0.66001344375 0.6291703656250001 0.6675356031249999 0.6385598921875 0.67384449375 0.6473018734375 0.6777268875 0.6589578421875 0.67845484375 0.668671153125 0.676756284375 0.67579425 0.6823372375 0.6647858390625 0.6901020234375 0.6615480687499999
3 0.63515625 0.590625 0.0125 0.0203125
2 0.6703125 0.4734375 0.01875 0.04921875
2 0.484375 0.55 0.0171875 0.05078125
1 0.639316853125 0.272310828125 0.627354203125 0.3513238359375 0.62914861875 0.3928256328125 0.6147934296875001 0.43672175781250006 0.645298178125 0.440712315625 0.6656346921875 0.4319331015625 0.6835350296875 0.43646499843750003 0.6901581171875 0.41277841718749997 0.6859712078125 0.3792577328125 0.6752048046875 0.3369578375 0.6793917140625 0.3329672796875 0.678793590625 0.3050333828125 0.6680272328125 0.2739070265625 0.6662328171875 0.25315608125 0.6435037625 0.250761815625 0.639316853125 0.272310828125
1 0.483204278125 0.365689834375 0.47722295312499996 0.4175670734375 0.46966691562499996 0.48432359687500004 0.4879893109375 0.47822355625 0.5513913921875 0.49179143906249995 0.5238772609375 0.37606530625 0.540026865625 0.2467712578125 0.525073553125 0.2427807015625 0.5119146109375 0.2483674875 0.5065314546875 0.21085624687500001 0.4814098609375 0.214846803125 0.486194940625 0.285878696875 0.483204278125 0.365689834375
1 0.4256587921875 0.4650784578125 0.45037425937500003 0.48880005937500004 0.467284803125 0.4685499328125 0.47134796874999996 0.44113513906249996 0.45731192187499997 0.43094255312499996 0.45644469374999996 0.38986370937500003 0.4512414546875 0.3354776671875 0.46468318281250004 0.2394341921875 0.4443037921875 0.23596270625 0.447339009375 0.2527414375 0.4456045859375 0.29208453749999996 0.410482640625 0.29208453749999996 0.40874825000000004 0.42862825468750004 0.4256587921875 0.4650784578125
0 0.502060821875 0.16526394687499998 0.4947094953125 0.16483746875 0.4902347765625 0.1571607328125 0.4748929140625 0.15332236562499998 0.46082952343750005 0.151616453125 0.4576332984375 0.158013721875 0.45955102812500004 0.165690425 0.4684589828125 0.17779370625 0.47521253281250003 0.17635253906249998 0.4812853625 0.1712347375 0.48671893437499997 0.170808259375 0.492791765625 0.17592606093750002 0.49918421406249996 0.190853021875 0.5030196734375 0.20194161406250002 0.5052570453125 0.1929854453125 0.5084532703125 0.1861616984375 0.5062158984375 0.1712347375 0.502060821875 0.16526394687499998
0 0.5088845625 0.1906102203125 0.5021366671874999 0.204116178125 0.5090830265624999 0.2128553390625 0.5114646453125 0.21179604375 0.516227853125 0.209942271875 0.5233726921875 0.21020711093750002 0.5293267171875 0.2181517859375 0.53766234375 0.2266261171875 0.54538395 0.23835310468749998 0.5487765171875 0.2282150609375 0.54897498125 0.220005546875 0.5473872515625 0.2091478171875 0.5456010421874999 0.2012031328125 0.5406393546875 0.19855490468749998 0.5360745984374999 0.20040865624999998 0.5342884031249999 0.20888299843749997 0.5231742140625 0.19723079062499999 0.5158309234375 0.1906102203125 0.5088845625 0.1906102203125