4 0.53515625 0.26640625 0.25 0.34375
2 0.490625 0.34375 0.0484375 0.0703125
4 0.7453125 0.246875 0.28125 0.49375
3 0.6703125 0.171875 0.0265625 0.040625
3 0.4703125 0.19296875 0.021875 0.0296875
4 0.3125 0.296875 0.153125 0.3
2 0.2734375 0.38125 0.0328125 0.05
0 0.6578125 0.95234375 0.1484375 0.08125
0 0.5578125 0.83671875 0.0671875 0.0625
0 0.6125 0.82265625 0.0625 0.1046875
0 0.31953125 0.7421875 0.071875 0.04375
0 0.38125 0.65703125 0.0546875 0.0953125
1 0.32265625 0.58125 0.1421875 0.3109375
1 0.575 0.60703125 0.1828125 0.4171875
1 0.73046875 0.69296875 0.2703125 0.484375
0 0.4078125 0.58828125 0.0609375 0.0359375
0 0.48515625 0.5484375 0.0328125 0.075