4 0.59296875 0.39453125 0.125 0.2609375
2 0.6265625 0.4390625 0.02421875 0.0453125
4 0.29609375 0.41640625 0.13828125 0.2890625
2 0.31484375 0.50625 0.03203125 0.06171875
3 0.6328125 0.3359375 0.01484375 0.025
4 0.4875 0.42421875 0.13125 0.259375
3 0.53203125 0.36171875 0.01171875 0.021875
3 0.3375 0.38125 0.015625 0.021875
1 0.6 0.63046875 0.07578125 0.27734375
0 0.58046875 0.77421875 0.05546875 0.07421875
0 0.62109375 0.7765625 0.05078125 0.04453125
1 0.2984375 0.69921875 0.109375 0.2921875
4 0.11171875 0.41015625 0.10234375 0.21640625
1 0.12421875 0.62109375 0.096875 0.20625
0 0.11640625 0.74375 0.0375 0.04609375
1 0.49453125 0.68125 0.0890625 0.28203125
0 0.33671875 0.89375 0.0734375 0.06171875
0 0.35703125 0.83125 0.03984375 0.05703125
0 0.2859375 0.77109375 0.034375 0.05625
0 0.4171875 0.7625 0.0484375 0.05859375
0 0.465625 0.76171875 0.0375 0.0421875
0 0.4921875 0.83359375 0.04375 0.08671875
0 0.5328125 0.846875 0.05859375 0.05703125