4 0.5532130468750001 0.31371187031250003 0.54936263125 0.30262513593749996 0.5412565015624999 0.315604725 0.5305158718749999 0.3212832953125 0.535176903125 0.34670165625 0.5317318046875 0.39780879062499996 0.5327450703125 0.40727307343749997 0.543485684375 0.42079347812499995 0.5442963 0.45319963281250003 0.5305158718749999 0.46401595625000003 0.5325424046875 0.5183679796875 0.5327450703125 0.523235334375 0.54915998125 0.5083628890624999 0.5716544906250001 0.5335108296875 0.5913118515625 0.5540618609375 0.6010392296875 0.5478424671875 0.5971887984375 0.44535779375000006 0.5975941140625001 0.4175057625 0.616035559375 0.41101596875 0.6048896296875 0.334320775 0.58867736875 0.32107077500000003 0.5812560296875 0.3145704359375 0.576518171875 0.3361557515625 0.571451840625 0.35129859531249996 0.5603059109374999 0.3272322765625 0.5532130468750001 0.31371187031250003
3 0.5890625 0.38515625 0.01640625 0.02421875
4 0.494064215625 0.32880477343750003 0.4881615 0.3160816875 0.48044259843750003 0.29729997343750003 0.4709074578125 0.2785182609375 0.46341557812499995 0.28609153125 0.457966928125 0.2948765296875 0.4438912484375 0.3060849609375 0.43821557499999997 0.3127494421875 0.434356125 0.3263813296875 0.4316318078125 0.3536451046875 0.426864228125 0.3754561375 0.4241399125 0.38242353281249997 0.42709126875000003 0.3906026796875 0.4438912484375 0.3999935296875 0.45002098593750006 0.4027199125 0.45206423124999995 0.3966612953125 0.457285840625 0.41241368906250003 0.44956692187499997 0.450234740625 0.44071288593749997 0.5011271296875 0.4484317875 0.5085866890624999 0.46682098281249995 0.5091925421875 0.49065881093749997 0.5161599609375 0.5144966390625 0.5210068484375 0.5317506828125 0.5143423796875 0.5315236421875 0.488290321875 0.5256209625 0.44527414218750005 0.5249398750000001 0.415586921875 0.52721014375 0.3989257265625 0.5310695953125 0.3529086625 0.526983103125 0.3238273015625 0.5251669156250001 0.30958955 0.5188101546875 0.3044397234375 0.509729059375 0.3008045578125 0.5032893046875 0.294124709375 0.50632365625 0.3048732453125 0.5038263625 0.324866675 0.5017831171875 0.33940735312500003 0.494064215625 0.32880477343750003
3 0.52265625 0.35078125 0.01640625 0.02265625
4 0.33246439687499996 0.3614401078125 0.32615550625 0.3526981265625 0.3222731125 0.34104215781249997 0.32154515625 0.331328846875 0.323243715625 0.32420575 0.31766276250000003 0.3352141609375 0.3098979765625 0.33845193125 0.306743521875 0.356583453125 0.306500875 0.370182090625 0.3081994171875 0.4057975640625 0.313295078125 0.43234728437500003 0.315964221875 0.46340329062499996 0.31547891093749997 0.4938383375 0.311111225 0.49924095 0.31547891093749997 0.542627065625 0.31547891093749997 0.5633488015625 0.33464825 0.567881684375 0.3504204875 0.5601110312500001 0.3513910890625 0.5393892953125 0.3579426265625 0.509278046875 0.3581852921875 0.49924095 0.34653809375 0.49406051093750003 0.3462954484375 0.4830520984375 0.35454554531250004 0.4765765578125 0.3635235796875 0.47625277343750005 0.36740597343750003 0.43286665781250006 0.3722589703125 0.40437426875 0.369832471875 0.38689031093750004 0.36886186875 0.3593692625 0.366192725 0.3441517421875 0.358670584375 0.33508598749999996 0.3534785125 0.33013979375 0.35308963125 0.3390994875 0.3450821984375 0.3611163234375 0.33998655625 0.370829634375 0.33246439687499996 0.3614401078125
3 0.36484375 0.409375 0.0125 0.0203125
2 0.3296875 0.5265625 0.01875 0.04921875
2 0.515625 0.45 0.0171875 0.05078125
1 0.3247951953125 0.6630421625 0.3206082859375 0.6670327203124999 0.321206409375 0.6949666171875 0.3319727671875 0.7260929734375 0.3337671828125 0.74684391875 0.3564962375 0.749238184375 0.36068314687499997 0.727689171875 0.372645796875 0.6486761640625 0.37085138125 0.6071743671875 0.3852065703125 0.5632782421875 0.354701821875 0.559287684375 0.3343653078125 0.5680668984375 0.3164649703125 0.5635350015625 0.30984188281249997 0.5872215828125 0.3140287921875 0.6207422671875 0.3247951953125 0.6630421625
1 0.45997313437500004 0.7532287421875 0.47492644687499996 0.7572192984375 0.4880853890625 0.7516325125 0.49346854531249995 0.7891437531250001 0.5185901390625001 0.785153196875 0.513805059375 0.714121303125 0.516795721875 0.634310165625 0.522777046875 0.5824329265625 0.530333084375 0.515676403125 0.5120106890625 0.52177644375 0.4486086078125 0.5082085609375 0.47612273906249997 0.62393469375 0.45997313437500004 0.7532287421875
1 0.5353168171875 0.7605658078124999 0.5556962078125001 0.76403729375 0.552660990625 0.7472585625 0.5543954140625 0.7079154625 0.589517359375 0.7079154625 0.59125175 0.5713717453125 0.5743412078125 0.5349215421875 0.549625740625 0.511199940625 0.532715196875 0.5314500671875 0.52865203125 0.5588648609375 0.5426880781250001 0.569057446875 0.54355530625 0.6101362906250001 0.5487585453125 0.6645223328125 0.5353168171875 0.7605658078124999
0 0.507208234375 0.8240739390625 0.5008157859375 0.809146978125 0.4969803265625 0.7980583859375 0.4947429546875 0.8070145546875 0.49154672968749996 0.8138383015624999 0.49378410156249997 0.8287652624999999 0.49793917812500005 0.8347360531250001 0.5052905046875 0.83516253125 0.5097652234375001 0.8428392671875 0.5251070859375 0.846677634375 0.5391704765625 0.848383546875 0.5423667015625 0.841986278125 0.540448971875 0.834309575 0.5315410171875 0.8222062937500001 0.5247874671874999 0.8236474609375 0.5187146375 0.8287652624999999 0.513281065625 0.829191740625 0.507208234375 0.8240739390625
0 0.4543989578125 0.7987968671875 0.4593606453125 0.8014450953125 0.4639254015625 0.79959134375 0.465711596875 0.7911170015625 0.47682578593749997 0.802769209375 0.48416907656249997 0.8093897796875 0.4911154375 0.8093897796875 0.49786333281250006 0.7958838218750001 0.4909169734375 0.7871446609375 0.4885353546875 0.7882039562500001 0.483772146875 0.7900577281250001 0.47662730781249996 0.7897928890625 0.47067328281250004 0.7818482140625 0.46233765625 0.7733738828125001 0.45461605 0.7616468953125 0.4512234828125 0.7717849390625 0.45102501874999995 0.779994453125 0.45261274843750005 0.7908521828125 0.4543989578125 0.7987968671875