1 0.84609375 0.6484375 0.1546875 0.27109375
4 0.17265625 0.45546875 0.24765625 0.34375
3 0.23671875 0.41875 0.0296875 0.0375
4 0.390625 0.4296875 0.2046875 0.32734375
3 0.40234375 0.4140625 0.0265625 0.03515625
4 0.66328125 0.37734375 0.18359375 0.3203125
3 0.7 0.35 0.025 0.0359375
4 0.8578125 0.36171875 0.21328125 0.23125
3 0.87421875 0.3796875 0.021875 0.0390625
2 0.10078125 0.65234375 0.0328125 0.0875
2 0.65859375 0.46953125 0.03984375 0.05390625
1 0.18515625 0.771875 0.16875 0.4375
1 0.40390625 0.65390625 0.18046875 0.21796875
1 0.659375 0.68984375 0.14765625 0.32578125
4 0.5390625 0.23515625 0.1390625 0.17109375
3 0.57265625 0.25703125 0.01015625 0.02421875
0 0.9078125 0.83359375 0.053125 0.1015625
0 0.83984375 0.7765625 0.07109375 0.1171875
0 0.63671875 0.87734375 0.0765625 0.1046875
0 0.73515625 0.8859375 0.06015625 0.10703125
0 0.39140625 0.7703125 0.0546875 0.1046875