4 0.61171875 0.53828125 0.159375 0.0953125
4 0.6421875 0.38046875 0.2453125 0.165625
1 0.4390625 0.36640625 0.2390625 0.1265625
1 0.465625 0.5359375 0.171875 0.0765625
4 0.61875 0.2765625 0.0859375 0.075
3 0.6078125 0.28125 0.015625 0.0125
3 0.71640625 0.390625 0.025 0.0171875
3 0.653125 0.55703125 0.01875 0.0125
2 0.55625 0.52578125 0.0328125 0.0171875
0 0.303125 0.32734375 0.0359375 0.0421875
0 0.3203125 0.3953125 0.0421875 0.0390625
0 0.38203125 0.525 0.025 0.021875
0 0.38046875 0.55234375 0.034375 0.0234375
0 0.425 0.25234375 0.034375 0.0234375
0 0.4203125 0.284375 0.0421875 0.0390625