4 0.34140625 0.375 0.428125 0.1953125
3 0.24921875 0.415625 0.034375 0.0203125
2 0.39921875 0.3578125 0.065625 0.0203125
2 0.5328125 0.8359375 0.0734375 0.0328125
0 0.92421875 0.42265625 0.0890625 0.04375
0 0.9296875 0.31484375 0.0953125 0.0453125
0 0.96875 0.8484375 0.0625 0.059375
1 0.771875 0.8765625 0.375 0.0953125
0 0.93125 0.9 0.0546875 0.0484375
1 0.578125 0.70234375 0.2171875 0.06875
0 0.67421875 0.6765625 0.05 0.0234375
0 0.7046875 0.6984375 0.028125 0.021875
1 0.71953125 0.3734375 0.3375 0.1453125
4 0.415625 0.8921875 0.340625 0.103125
1 0.57734375 0.5625 0.21875 0.059375