4 0.28515625 0.7375 0.446875 0.2625
4 0.21875 0.590625 0.2578125 0.1265625
4 0.225 0.503125 0.2078125 0.1234375
4 0.23359375 0.26484375 0.271875 0.14375
4 0.23203125 0.97109375 0.11875 0.025
1 0.71875 0.7484375 0.5359375 0.2421875
1 0.33046875 0.98046875 0.0953125 0.0203125
1 0.4375 0.60390625 0.228125 0.1
1 0.40234375 0.5125 0.184375 0.1
1 0.45390625 0.28125 0.234375 0.20625
0 0.3734375 0.98828125 0.034375 0.0078125
0 0.57421875 0.371875 0.0578125 0.0671875
0 0.59609375 0.215625 0.059375 0.0859375
0 0.52265625 0.48984375 0.0515625 0.053125
0 0.48671875 0.559375 0.0546875 0.0515625
0 0.5734375 0.58359375 0.0546875 0.0546875
0 0.54765625 0.63125 0.0609375 0.0578125
3 0.17265625 0.55625 0.0171875 0.0109375
3 0.18046875 0.48671875 0.0171875 0.0125
2 0.2609375 0.490625 0.0296875 0.01875
2 0.22890625 0.2375 0.0359375 0.021875