4 0.6921875 0.38515625 0.1375 0.22578125
3 0.71484375 0.33515625 0.01640625 0.02109375
4 0.62265625 0.29765625 0.090625 0.20625
3 0.66171875 0.25 0.01171875 0.0203125
4 0.265625 0.3 0.10625 0.221875
3 0.29765625 0.25859375 0.0125 0.01953125
2 0.29921875 0.31171875 0.01953125 0.034375
3 0.01015625 0.27265625 0.01796875 0.01953125
0 0.69609375 0.75546875 0.028125 0.0296875
0 0.52421875 0.7390625 0.05703125 0.034375
1 0.4859375 0.61015625 0.090625 0.23671875
0 0.45703125 0.70390625 0.05703125 0.0515625
0 0.43125 0.6140625 0.05703125 0.03203125
0 0.3203125 0.65546875 0.0734375 0.0359375
0 0.26640625 0.67265625 0.0265625 0.0453125
0 0.0640625 0.68203125 0.0578125 0.0453125
0 0.0109375 0.6984375 0.021875 0.05234375
1 0.67578125 0.6078125 0.0875 0.25390625
4 0.31919642812500004 0.2748015875 0.32217261875 0.271164021875 0.32465277812500004 0.271164021875 0.32762896874999997 0.2731481484375 0.330605159375 0.2678571421875 0.33482142812500004 0.26818783125 0.33705357187499996 0.2642195765625 0.338045634375 0.25 0.3373015875 0.24041005312500002 0.33258928593750003 0.2374338625 0.3293650796875 0.2321428578125 0.321924603125 0.2255291 0.31944444375000003 0.2255291 0.3179563484375 0.228835978125 0.314980159375 0.2460317453125 0.310019840625 0.2615740734375 0.310019840625 0.2678571421875 0.315228175 0.2698412703125 0.3177083328125 0.2748015875 0.31919642812500004 0.2748015875
1 0.2796875 0.51953125 0.071875 0.2484375