4 0.5765625 0.2984375 0.1578125 0.3625
2 0.60703125 0.38046875 0.02578125 0.065625
3 0.63359375 0.2359375 0.01171875 0.0265625
4 0.33515625 0.2640625 0.1671875 0.35078125
3 0.3984375 0.196875 0.015625 0.03203125
2 0.4 0.36328125 0.021875 0.0765625
0 0.253125 0.81796875 0.0390625 0.06875
0 0.528125 0.77109375 0.05703125 0.0484375
0 0.3875 0.87265625 0.09453125 0.03828125
0 0.71953125 0.78515625 0.0953125 0.0546875
0 0.19921875 0.76640625 0.0765625 0.06015625
1 0.60546875 0.60859375 0.2234375 0.28359375