1 0.33828125 0.66875 0.12890625 0.2140625
1 0.11875 0.6234375 0.134375 0.275
1 0.6359375 0.53984375 0.06796875 0.21328125
0 0.88515625 0.63046875 0.05 0.0421875
0 0.61953125 0.65390625 0.0375 0.02890625
0 0.3859375 0.73515625 0.05703125 0.075
0 0.27421875 0.7890625 0.06015625 0.04921875
0 0.08671875 0.7640625 0.07578125 0.03828125
0 0.17265625 0.69375 0.03046875 0.09609375
4 0.0953125 0.3671875 0.128125 0.30859375
3 0.0796875 0.30703125 0.0171875 0.0203125
2 0.0375 0.3625 0.028125 0.040625
4 0.33203125 0.40859375 0.12578125 0.3140625
3 0.32109375 0.35859375 0.01875 0.025
2 0.3046875 0.41484375 0.0140625 0.0375
4 0.9421875 0.35078125 0.1046875 0.21484375
3 0.95390625 0.3125 0.01328125 0.0171875
4 0.64609375 0.36328125 0.09296875 0.16640625
3 0.6546875 0.325 0.01328125 0.01875
2 0.6265625 0.3734375 0.01015625 0.025
1 0.92734375 0.52578125 0.09609375 0.17890625
0 0.684375 0.62421875 0.0390625 0.0546875
0 0.9515625 0.63359375 0.04140625 0.03828125