4 0.284375 0.33125 0.225 0.6015625
2 0.3625 0.509375 0.053125 0.0875
4 0.3640625 0.17421875 0.13515625 0.24296875
3 0.4125 0.1828125 0.0171875 0.0359375
4 0.62578125 0.3 0.16015625 0.3140625
2 0.59765625 0.36015625 0.03125 0.0609375
3 0.65234375 0.2390625 0.02421875 0.0296875
3 0.4828125 0.4625 0.009375 0.015625
1 0.609375 0.59609375 0.13671875 0.315625
0 0.559375 0.78828125 0.0609375 0.08203125
0 0.6296875 0.7703125 0.0390625 0.08828125
0 0.446875 0.84921875 0.0953125 0.08125
1 0.12890625 0.73671875 0.1625 0.37109375