4 0.73515625 0.70546875 0.2125 0.1203125
3 0.79140625 0.740625 0.015625 0.009375
4 0.7390625 0.5953125 0.19375 0.090625
3 0.78359375 0.61640625 0.015625 0.009375
4 0.72890625 0.5140625 0.203125 0.10625
2 0.7140625 0.52890625 0.0359375 0.0171875
4 0.70234375 0.4078125 0.2125 0.1234375
2 0.6703125 0.44453125 0.04375 0.015625
4 0.71875 0.2671875 0.18125 0.10625
3 0.76796875 0.28984375 0.0125 0.0109375
2 0.70625 0.28359375 0.03125 0.01875
4 0.703125 0.16640625 0.1984375 0.134375
2 0.6421875 0.18203125 0.034375 0.0171875
4 0.696875 0.05390625 0.175 0.1078125
3 0.7296875 0.07265625 0.015625 0.015625
2 0.65 0.053125 0.0328125 0.0171875
1 0.53671875 0.07421875 0.175 0.084375
0 0.46953125 0.05546875 0.053125 0.0296875
0 0.44375 0.11328125 0.0296875 0.0359375
0 0.4828125 0.29609375 0.0265625 0.028125
1 0.48125 0.1984375 0.259375 0.1078125
0 0.38515625 0.22421875 0.03125 0.0296875
0 0.35078125 0.19921875 0.03125 0.0296875
1 0.5078125 0.4234375 0.221875 0.0953125
0 0.415625 0.41015625 0.0375 0.0359375
0 0.37578125 0.45390625 0.0390625 0.0421875
0 0.4171875 0.553125 0.0421875 0.0453125
1 0.53359375 0.52890625 0.2109375 0.0671875
0 0.43984375 0.515625 0.0390625 0.0328125
1 0.5625 0.58046875 0.19375 0.096875
0 0.4765625 0.55625 0.0328125 0.0390625
0 0.45859375 0.62890625 0.0328125 0.0484375
0 0.40078125 0.73125 0.0328125 0.0359375
1 0.5671875 0.28828125 0.15 0.078125
1 0.525 0.7203125 0.21875 0.0953125
0 0.53359375 0.009375 0.0265625 0.01875
1 0.590625 0.00625 0.08125 0.0125