4 0.6178075390625 0.337632275 0.6163194437499999 0.3419312171875 0.6113591265625 0.349867725 0.6039186515625 0.35681216875 0.6016865078125 0.3571428578125 0.5989583328125 0.35482804218749997 0.5987103171875 0.3429232796875 0.5974702375 0.340939153125 0.5927579359374999 0.34722222187499996 0.590773809375 0.34821428593750003 0.5897817453124999 0.35846560781250003 0.5830853171875 0.3673941796875 0.580853175 0.365740740625 0.580853175 0.36276454999999996 0.5796130953125 0.360119046875 0.5768849203124999 0.36044973593749996 0.5736607140625 0.36375661406250004 0.57217261875 0.3766534390625 0.571924603125 0.39451058125 0.57490079375 0.40046296249999996 0.5766369046875 0.40046296249999996 0.57862103125 0.397156084375 0.580605159375 0.4011243390625 0.578373015625 0.4143518515625 0.577876984375 0.42757936562500004 0.575148809375 0.44742063437499996 0.5689484125 0.477513228125 0.5696924609375 0.48048941875000006 0.571924603125 0.48247354531250003 0.5803571421875 0.4857804234375 0.593998015625 0.48842592656250006 0.606894840625 0.48875661406250004 0.6078869046875 0.48776454999999996 0.6103670640625001 0.47850529062499997 0.6019345234375 0.4672619046875 0.6019345234375 0.459986771875 0.6165674609375 0.42526454999999996 0.622023809375 0.403769840625 0.6230158734375 0.3928571421875 0.6197916671875 0.387896825 0.618799603125 0.3826058203125 0.618799603125 0.3733465609375 0.625 0.36937830625 0.625 0.3518518515625 0.6178075390625 0.337632275
3 0.58828125 0.3796875 0.00859375 0.0140625
2 0.59140625 0.41328125 0.01484375 0.02421875
4 0.6505481718749999 0.3204730015625 0.6488735671875 0.3206219671875 0.643961396875 0.32672957812500003 0.6415053046875 0.327623375 0.6330206375 0.3334937734375 0.6300063421875 0.3364730953125 0.6272153328125001 0.343623465625 0.6255407281250001 0.35285936875 0.6255407281250001 0.3695728328125 0.625205803125 0.3947481015625 0.6231962890625 0.410794496875 0.6286666609375 0.410794496875 0.6380444546875 0.4118372609375 0.6388259328125 0.40498482343750003 0.6425100687499999 0.4040910234375 0.6461942046875 0.4061765515625 0.645636003125 0.41556141249999995 0.6509947359375 0.4206262609375 0.660707453125 0.43150078281250004 0.673546096875 0.391498803125 0.6767836609375 0.39209466875 0.68370536875 0.38926431250000004 0.688282621875 0.38673189375 0.69408791875 0.3883705171875 0.695539246875 0.392392596875 0.6966556500000001 0.387178784375 0.701121265625 0.3623014484375 0.701232903125 0.3544062484375 0.6997815843749999 0.343680690625 0.6974371296874999 0.335636525 0.681633440625 0.3240171765625 0.677726028125 0.32088888125000004 0.67683290625 0.3131426484375 0.6746000984375 0.311355053125 0.6696879250000001 0.31954819375 0.6629894984375 0.327741325 0.6598635734375 0.33280616875 0.653834990625 0.3383179140625 0.6491460906250001 0.343829659375 0.6508980359375001 0.3257094 0.6505481718749999 0.3204730015625
3 0.62890625 0.3609375 0.00546875 0.0125
2 0.140625 0.3578125 0.01328125 0.0296875
4 0.1324404765625 0.32374338593749996 0.127728175 0.29596560781250003 0.112847221875 0.2734788359375 0.10714285781249999 0.2668650796875 0.100446428125 0.26223545000000004 0.0952380953125 0.2625661375 0.09275793593750001 0.2705026453125 0.0873015875 0.27678571406249997 0.07862103125 0.29365079375 0.075148809375 0.303902115625 0.0736607140625 0.3125 0.0734126984375 0.3416005296875 0.0761408734375 0.387896825 0.078125 0.3955026453125 0.0803571421875 0.3948412703125 0.08358134843750001 0.390873015625 0.08606150781250001 0.39417989375 0.080853175 0.4074074078125 0.0766369046875 0.42559523749999995 0.0744047625 0.4384920640625 0.0744047625 0.44444444375 0.075396825 0.446759259375 0.0803571421875 0.44940476250000005 0.0887896828125 0.44940476250000005 0.1354166671875 0.44742063437499996 0.13616071406250002 0.446428571875 0.1354166671875 0.4361772484375 0.13343253906250002 0.428571428125 0.1289682546875 0.4203042328125 0.1235119046875 0.415013228125 0.1297123015625 0.403769840625 0.13467261875 0.4080687828125 0.13715277812499999 0.4080687828125 0.1354166671875 0.37830687812499997 0.134920634375 0.3478835984375 0.1324404765625 0.32374338593749996
3 0.12890625 0.31796875 0.00625 0.01484375
4 0.8258928578125 0.302579365625 0.821924603125 0.290343915625 0.8174603171875001 0.28141534375 0.8055555562500001 0.26653439218749997 0.8018353171875001 0.25661375625 0.7991071421875 0.252976190625 0.79092261875 0.25595238125 0.7822420640625001 0.26455026406250004 0.768105159375 0.2820767203125 0.7619047625 0.2916666671875 0.75967261875 0.3022486765625 0.759424603125 0.31812169375 0.7569444437499999 0.339947090625 0.750744046875 0.353174603125 0.7517361109375 0.35582010625 0.75595238125 0.3581349203125 0.75 0.38062169375 0.74677579375 0.3802910046875 0.7450396828125 0.3852513234375 0.743799603125 0.4391534390625 0.7398313484375 0.46660052968750004 0.73759920625 0.49338624375 0.73759920625 0.4990079359375 0.7398313484375 0.502976190625 0.746527778125 0.502645503125 0.752480159375 0.5003306875 0.7951388890625 0.500661375 0.8082837296875001 0.49933862500000004 0.8142361109375 0.49371693125 0.8204365078125001 0.47883597812499995 0.825148809375 0.47288359843750005 0.827380953125 0.466269840625 0.8268849203125 0.459325396875 0.825644840625 0.45601851875 0.8201884921874999 0.4500661375 0.818700396875 0.4451058203125 0.8144841265625 0.42625661406250004 0.812251984375 0.40211640156249995 0.8075396828124999 0.39021164062499997 0.8105158734375 0.387896825 0.8125 0.391203703125 0.815972221875 0.39351851875 0.818204365625 0.3888888890625 0.825644840625 0.33697089999999996 0.8263888890625 0.3121693125 0.8258928578125 0.302579365625
2 0.74765625 0.40859375 0.01171875 0.03671875
0 0.0193452375 0.5608465609375 0.0076884921875 0.5608465609375 0.005704365625 0.5625 0.0039682546875000006 0.5697751328125 0.0052083328125 0.584325396875 0.0079365078125 0.5879629625 0.007192460937500001 0.609788359375 0.0084325390625 0.6167328046875 0.0171130953125 0.6329365078125 0.021825396875 0.6385582015625 0.02529761875 0.640873015625 0.0275297625 0.640211640625 0.03125 0.634920634375 0.0292658734375 0.6233465609375 0.0290178578125 0.60615079375 0.034226190625 0.5955687828125 0.0332341265625 0.590939153125 0.02802579375 0.590277778125 0.02256944375 0.5830026453125 0.02256944375 0.5730820109375 0.0265376984375 0.5625 0.0193452375 0.5608465609375
0 0.150049603125 0.621362434375 0.14161706406250002 0.6137566140625 0.1329365078125 0.6197089953125 0.12748015937499999 0.6200396828125 0.11780753906250001 0.6177248671875 0.1111111109375 0.6134259265625001 0.1076388890625 0.6160714281249999 0.1051587296875 0.6335978843750001 0.10689484062500001 0.6352513234375 0.1108630953125 0.6352513234375 0.116071428125 0.6335978843750001 0.1235119046875 0.6332671953125 0.12599206406250002 0.6316137562499999 0.14037698437499999 0.6329365078125 0.15575396875 0.6319444437499999 0.1676587296875 0.6273148140625 0.1681547625 0.6233465609375 0.16741071406250002 0.622354496875 0.150049603125 0.621362434375
1 0.1386408734375 0.4507275125 0.1326884921875 0.446759259375 0.096230159375 0.446759259375 0.0803571421875 0.4480820109375 0.0796130953125 0.450396825 0.084325396875 0.46031746093750003 0.088045634375 0.47255290937499994 0.08829365156249999 0.48115079375 0.0900297625 0.491071428125 0.0895337296875 0.5066137562499999 0.0796130953125 0.5195105812499999 0.0758928578125 0.5264550265625 0.07018849218749999 0.53141534375 0.059771825 0.5367063484375 0.0478670640625 0.5499338625 0.0389384921875 0.5558862437500001 0.0267857140625 0.5664682546875001 0.0260416671875 0.572089946875 0.0270337296875 0.5790343921875001 0.0332341265625 0.590608465625 0.0352182546875 0.5925925921874999 0.041170634375 0.590939153125 0.055555556250000006 0.5750661375 0.0662202375 0.5714285718750001 0.09275793593750001 0.5512566140625 0.096230159375 0.55026455 0.10887896875 0.5396825390625 0.1108630953125 0.5393518515625 0.11259920625 0.5803571421875 0.109375 0.596560846875 0.11160714218750001 0.6015211640625 0.1113591265625 0.6107804234375 0.11235119062500001 0.61276455 0.115575396875 0.6147486765625 0.12549603125 0.6170634921875 0.13194444375 0.6170634921875 0.1366567453125 0.615079365625 0.1383928578125 0.6107804234375 0.13740079375 0.5995370375 0.13988095312499998 0.5826719578125 0.14136904687500002 0.5482804234375 0.14161706406250002 0.51851851875 0.13988095312499998 0.49302074687499997 0.13988095312499998 0.46461640156249995 0.1386408734375 0.4507275125
0 0.5992063484375 0.6164021156249999 0.5949900796875001 0.6164021156249999 0.5920138890625 0.61276455 0.5850694437499999 0.6104497359375001 0.5818452375 0.61276455 0.574652778125 0.621693121875 0.5706845234375 0.624338625 0.5691964281249999 0.6266534390625 0.5691964281249999 0.6292989421875 0.5706845234375 0.6322751328125 0.5758928578125 0.634920634375 0.5845734125 0.6355820109375 0.6001984125 0.628637565625 0.6006944437499999 0.6203703703125 0.5992063484375 0.6164021156249999
1 0.609126984375 0.5023148140625 0.606894840625 0.49933862500000004 0.6076388890625 0.4923941796875 0.606398809375 0.48842592656250006 0.593005953125 0.48776454999999996 0.5761408734375 0.484126984375 0.5701884921875 0.48115079375 0.56845238125 0.48214285781250005 0.5672123015625 0.49140211562499997 0.5669642859375 0.53174603125 0.57217261875 0.54332010625 0.5758928578125 0.5482804234375 0.580605159375 0.5519179890625 0.588045634375 0.5545634921875 0.590277778125 0.559722221875 0.5890376984375 0.58101851875 0.5873015875 0.5866402109375 0.58779761875 0.5955687828125 0.58407738125 0.609457671875 0.594494046875 0.610119046875 0.6014384921875 0.5975529093749999 0.603670634375 0.590939153125 0.6071428578125 0.575396825 0.6078869046875 0.5505952375 0.606398809375 0.54431216875 0.606398809375 0.5383597890625 0.610119046875 0.5274470906250001 0.610119046875 0.5089285718750001 0.609126984375 0.5023148140625
1 0.6649305562500001 0.4897486765625 0.665674603125 0.4735449734375 0.6639384921875 0.471560846875 0.6572420640625001 0.471560846875 0.6458333328125 0.47453703750000004 0.641369046875 0.4794973546875 0.64112103125 0.48181216875 0.6388888890625 0.48511904687499996 0.6354166671875 0.48776454999999996 0.62549603125 0.48875661406250004 0.6200396828125 0.484788359375 0.61904761875 0.484788359375 0.6183035718750001 0.4867724875 0.615575396875 0.5013227515625001 0.6143353171875 0.5168650796875001 0.6160714281249999 0.5459656078124999 0.6178075390625 0.5555555562500001 0.6264880953125 0.571759259375 0.6264880953125 0.5760582015625 0.6240079359374999 0.5892857140625 0.6230158734375 0.6164021156249999 0.6180555562500001 0.6362433859375 0.6195436515625 0.6451719578125 0.6304563484375 0.6547619046875 0.6396329359374999 0.653439153125 0.64112103125 0.6458333328125 0.6448412703125 0.6375661375 0.64384920625 0.6266534390625 0.6490575390625 0.615740740625 0.6507936515625 0.609788359375 0.6517857140625 0.610119046875 0.6609623015625 0.627645503125 0.6641865078125 0.625 0.6696428578125 0.6236772484374999 0.674851190625 0.6203703703125 0.6795634921875 0.6111111109375 0.6795634921875 0.60681216875 0.677579365625 0.6018518515625 0.66865079375 0.5886243390625 0.662450396875 0.5823412703125 0.6579861109375 0.5674603171875 0.6547619046875 0.5615079359374999 0.6520337296875 0.559854496875 0.656001984375 0.5376984125 0.6629464281249999 0.521825396875 0.6698908734375 0.4953703703125 0.6649305562500001 0.4897486765625
0 0.640625 0.6517857140625 0.6383928578125 0.6544312171875 0.6294642859375 0.6547619046875 0.6259920640625001 0.6514550265625 0.6180555562500001 0.6474867718749999 0.612351190625 0.6550925921874999 0.6001984125 0.6630290999999999 0.5987103171875 0.665674603125 0.5979662703125 0.6703042328125 0.6009424609375 0.6739417984375 0.6081349203124999 0.6772486765625 0.62177579375 0.677579365625 0.6304563484375 0.6732804234375 0.6421130953125 0.671296296875 0.643105159375 0.66931216875 0.643105159375 0.6610449734375 0.640625 0.6517857140625
0 0.6860119046875 0.6114417984375 0.681299603125 0.6074735453125 0.6800595234375 0.6078042328125 0.6760912703125 0.61904761875 0.6733630953125 0.6236772484374999 0.671130953125 0.6240079359374999 0.6698908734375 0.628637565625 0.6666666671875 0.6302910046875 0.6641865078125 0.628637565625 0.66220238125 0.6292989421875 0.6612103171875 0.6375661375 0.652777778125 0.6471560843749999 0.6520337296875 0.6541005296875 0.65575396875 0.65641534375 0.6644345234375 0.65641534375 0.67237103125 0.6517857140625 0.674851190625 0.6484788359375 0.6798115078125 0.6329365078125 0.6857638890625 0.628306878125 0.6894841265625 0.6207010578125 0.6897321421875 0.6177248671875 0.6860119046875 0.6114417984375
0 0.7480158734375 0.74404761875 0.7447916671875 0.7457010578125 0.7331349203124999 0.7450396828125 0.7207341265625 0.734788359375 0.716269840625 0.7291666671875 0.7150297625 0.7291666671875 0.7041170640625001 0.7367724875 0.6979166671875 0.7390873015625 0.6889880953125 0.7394179890625 0.6875 0.7414021156249999 0.6865079359374999 0.747354496875 0.68799603125 0.7503306875 0.693204365625 0.7542989421875 0.7046130953125 0.759920634375 0.7103174609375 0.7612433859375 0.7202380953125 0.7612433859375 0.7291666671875 0.7582671953125 0.747271825 0.7566137562499999 0.75049603125 0.7516534390625 0.750744046875 0.7447089953125 0.7480158734375 0.74404761875
1 0.799603175 0.5023148140625 0.793402778125 0.5023148140625 0.790674603125 0.5 0.7876984125 0.46957672031250003 0.7862103171875 0.46494709062500006 0.7832341265625 0.471560846875 0.778769840625 0.48842592656250006 0.7740575390625 0.49636243437500005 0.7542162703125 0.497354496875 0.743799603125 0.4990079359375 0.7415674609375 0.5013227515625001 0.7366071421875 0.5453042328125 0.7279265875 0.5916005296875 0.72197420625 0.6392195765625 0.721726190625 0.6739417984375 0.7227182546875001 0.702380953125 0.71924603125 0.7103174609375 0.71924603125 0.7205687828125 0.7172619046875 0.7251984125 0.7170138890625 0.7301587296875 0.7266865078125 0.7397486765625 0.73387896875 0.7423941796875 0.7390873015625 0.7414021156249999 0.7552083328125 0.7242063484375 0.7581845234375 0.715277778125 0.762648809375 0.691137565625 0.7611607140625 0.6609623015625 0.7700892859375 0.6511243390625 0.7733134921875 0.6541005296875 0.781001984375 0.66832010625 0.784226190625 0.678240740625 0.7876984125 0.6825396828125 0.790674603125 0.6888227515625001 0.7931547625 0.6980820109375 0.79637896875 0.7050264546875 0.8013392859374999 0.703373015625 0.806795634375 0.697089946875 0.8167162703124999 0.6924603171875 0.8201884921874999 0.6891534390625 0.8206845234375001 0.6789021156249999 0.8226686515624999 0.674603175 0.8189484125 0.6709656078124999 0.799603175 0.627976190625 0.7956349203124999 0.608796296875 0.7926587296875 0.6021825390625 0.7899305562500001 0.5853174609375 0.7904265875 0.577711640625 0.796626984375 0.5605158734375 0.7988591265625 0.5492724875 0.8013392859374999 0.5257936515625 0.8020833328125001 0.5049603171875 0.799603175 0.5023148140625