4 0.58447265625 0.383882784375 0.58544921875 0.41391941406250005 0.59033203125 0.4483516484375 0.59033203125 0.48278388281250006 0.591796875 0.4893772890625 0.59814453125 0.497435896875 0.60107421875 0.5120879125 0.60400390625 0.5978021984375 0.61572265625 0.6146520140625 0.61865234375 0.6146520140625 0.64599609375 0.5868131875 0.67041015625 0.5787545781250001 0.66845703125 0.5492063500000001 0.6796875 0.55018315 0.68115234375 0.558974359375 0.6865234375 0.5597069593749999 0.6875 0.547252746875 0.6865234375 0.5128205125 0.6796875 0.4703296703125 0.677734375 0.44395604375 0.66796875 0.4124542125 0.67529296875 0.40512820468750005 0.68359375 0.40512820468750005 0.69140625 0.4124542125 0.693359375 0.41098901093749995 0.6884765625 0.37216117187500003 0.6748046875 0.33186813125 0.666015625 0.3164835171875 0.6572265625 0.30695970625 0.65185546875 0.3040293046875 0.63720703125 0.3040293046875 0.63134765625 0.29377289375000004 0.6259765625 0.2952380953125 0.61669921875 0.309890109375 0.57080078125 0.3201465203125 0.55859375 0.3201465203125 0.5556640625 0.321611721875 0.5537109375 0.3267399265625 0.55419921875 0.3421245421875 0.56591796875 0.3772893765625 0.58154296875 0.378754578125 0.58447265625 0.383882784375
2 0.59765625 0.46796875 0.0234375 0.053125
4 0.42626953125 0.4293040296875 0.46044921875 0.43809523749999996 0.45751953125 0.45641025625 0.451171875 0.45641025625 0.44921875 0.4622710625 0.47607421875 0.552380953125 0.47509765625 0.5553113546875 0.4658203125 0.5582417578125 0.46337890625 0.5706959703125001 0.47216796875 0.6139194140625001 0.47900390625 0.684249084375 0.515625 0.6893772890625 0.52001953125 0.6300366296875 0.5234375 0.6241758234375 0.54052734375 0.6512820515625 0.55322265625 0.665201465625 0.5556640625 0.665201465625 0.56640625 0.64395604375 0.56689453125 0.6358974359375 0.55029296875 0.5934065937499999 0.53466796875 0.565567765625 0.5341796875 0.54358974375 0.5361328125 0.540659340625 0.544921875 0.541391940625 0.55419921875 0.5326007328125 0.55517578125 0.528205128125 0.55029296875 0.4769230765625 0.54931640625 0.440293040625 0.54541015625 0.4175824171875 0.53759765625 0.4043956046875 0.51806640625 0.3882783875 0.51513671875 0.397069596875 0.51513671875 0.4175824171875 0.51171875 0.42490842500000003 0.50634765625 0.4175824171875 0.50439453125 0.403663003125 0.49755859375 0.39340659375000003 0.484375 0.3611721609375 0.4755859375 0.36923076875 0.45556640625 0.36849816875 0.431640625 0.378754578125 0.431640625 0.39780219843750003 0.42333984375 0.41098901093749995 0.41259765625 0.4205128203125 0.42626953125 0.4293040296875
2 0.50625 0.5359375 0.021875 0.05625
4 0.31787109375 0.60659340625 0.33740234375 0.6205128203125 0.337890625 0.6849816843750001 0.34130859375 0.7289377296875 0.34814453125 0.7362637359375 0.35546875 0.7369963375 0.357421875 0.734798534375 0.3564453125 0.7289377296875 0.36376953125 0.722344321875 0.375 0.7230769234375 0.38427734375 0.7113553109375 0.40185546875 0.7040293046875 0.416015625 0.6835164828125 0.42041015625 0.6864468859375 0.42578125 0.6857142859375001 0.427734375 0.6886446890625 0.4287109375 0.7157509156249999 0.439453125 0.739926740625 0.4462890625 0.7487179484375 0.4638671875 0.7523809531250001 0.466796875 0.747252746875 0.4677734375 0.7355311359375001 0.4580078125 0.715018315625 0.44970703125 0.6358974359375 0.44775390625 0.60586080625 0.4482421875 0.5509157515625 0.44287109375 0.4608058609375 0.4384765625 0.4571428578125 0.41552734375 0.4520146515625 0.40576171875 0.43882783906249995 0.400390625 0.43882783906249995 0.39990234375 0.4791208796875 0.39794921875 0.484249084375 0.39501953125 0.484249084375 0.37841796875 0.4673992671875 0.3662109375 0.4483516484375 0.35498046875 0.4373626375 0.34130859375 0.46300366249999997 0.31298828125 0.49157509218750006 0.3076171875 0.5047619046875 0.30810546875 0.5391941390625 0.3046875 0.603663003125 0.30712890625 0.6080586078125 0.31787109375 0.60659340625
2 0.4046875 0.659375 0.03203125 0.06796875
3 0.43046875 0.515625 0.02109375 0.0265625
3 0.528125 0.46953125 0.0140625 0.0328125
3 0.61875 0.384375 0.01875 0.03046875
1 0.42041015625 1 0.41259765625 0.9611721609374999 0.4140625 0.9230769234375 0.412109375 0.8021978015625001 0.4150390625 0.797069596875 0.4375 0.809523809375 0.46435546875 0.8293040296875 0.46875 0.8358974359375001 0.47607421875 0.9164835171875 0.484375 0.9619047625 0.49072265625 0.983882784375 0.4951171875 0.9846153843750001 0.50732421875 0.9794871796875 0.53173828125 0.9831501828125001 0.5390625 0.9772893765624999 0.5400390625 0.9641025640625 0.529296875 0.8659340656250001 0.52685546875 0.808791209375 0.5244140625 0.79413919375 0.5185546875 0.7824175828125 0.498046875 0.7706959703125 0.48486328125 0.7699633703125001 0.47021484375 0.7443223437500001 0.4619140625 0.7523809531250001 0.44873046875 0.7479853484375 0.4287109375 0.7172161171875 0.41943359375 0.7201465203125 0.3955078125 0.7369963375 0.38623046875 0.7391941390625 0.3505859375 0.7391941390625 0.34521484375 0.734065934375 0.34228515625 0.7267399265625001 0.34033203125 0.728205128125 0.34130859375 0.79413919375 0.35693359375 0.8673992671875 0.3603515625 0.9172161171875001 0.37255859375 1 0.42041015625 1
1 0.62548828125 0.7406593406249999 0.646484375 0.7831501828125 0.66943359375 0.8695970703125001 0.6669921875 0.8842490843749999 0.66845703125 0.9208791203125 0.67529296875 0.9274725281249999 0.68896484375 0.9296703296875 0.6962890625 0.934798534375 0.70068359375 0.9333333328125001 0.70263671875 0.7824175828125 0.7001953125 0.7553113546875 0.6943359375 0.7245421249999999 0.69384765625 0.677655678125 0.68701171875 0.6329670328125 0.68505859375 0.6014652015624999 0.681640625 0.5868131875 0.671875 0.5772893765625 0.65869140625 0.5794871796875001 0.6337890625 0.5948717953125 0.6181640625 0.6131868125 0.6083984375 0.6073260078125 0.59423828125 0.6637362640625 0.59375 0.6761904765625 0.6064453125 0.6981684984375 0.6123046875 0.71941391875 0.62548828125 0.7406593406249999
0 0.6162109375 0.9553113546875001 0.6259765625 0.952380953125 0.62890625 0.9479853484375 0.6240234375 0.9304029296874999 0.61474609375 0.9208791203125 0.61328125 0.9128205125 0.59716796875 0.90695970625 0.59423828125 0.9032967031249999 0.5908203125 0.9040293046875 0.58837890625 0.9128205125 0.58349609375 0.9128205125 0.5693359375 0.90622710625 0.56396484375 0.9010989015625 0.5654296875 0.89450549375 0.560546875 0.89450549375 0.556640625 0.9172161171875001 0.5556640625 0.9260073265625 0.55859375 0.9296703296875 0.595703125 0.9509157515625001 0.6162109375 0.9553113546875001
0 0.7021484375 0.9582417578125 0.70849609375 0.9545787546875 0.70068359375 0.9230769234375 0.68701171875 0.9267399265625 0.6708984375 0.924542125 0.666015625 0.916117215625 0.66650390625 0.90695970625 0.646484375 0.9252747250000001 0.62158203125 0.9252747250000001 0.62158203125 0.9289377296874999 0.630859375 0.946520146875 0.6435546875 0.9531135531249999 0.7021484375 0.9582417578125