4 0.409375 0.71640625 0.14375 0.2296875
4 0.553125 0.6828125 0.103125 0.175
4 0.18515625 0.74921875 0.1265625 0.2015625
1 0.25234375 0.5265625 0.0875 0.2328125
1 0.38515625 0.52734375 0.1140625 0.215625
1 0.534375 0.51484375 0.0953125 0.2046875
1 0.06640625 0.515625 0.1 0.2703125
1 0.6328125 0.48359375 0.090625 0.2203125
1 0.73515625 0.4671875 0.121875 0.278125
0 0.06796875 0.3640625 0.084375 0.0484375
0 0.02890625 0.39140625 0.028125 0.0453125
0 0.15859375 0.43828125 0.059375 0.04375
0 0.203125 0.4375 0.04375 0.046875
0 0.2484375 0.403125 0.0625 0.040625
0 0.2703125 0.4234375 0.046875 0.0390625
0 0.378125 0.42109375 0.03125 0.05
0 0.4125 0.41640625 0.040625 0.05
0 0.490625 0.403125 0.0390625 0.0359375
0 0.55859375 0.39921875 0.034375 0.0390625
0 0.61015625 0.3671875 0.0671875 0.040625
0 0.6546875 0.3875 0.0578125 0.0359375
0 0.6984375 0.33046875 0.08125 0.046875
3 0.2046875 0.7890625 0.015625 0.0203125
3 0.43046875 0.7515625 0.0140625 0.01875
3 0.5609375 0.72109375 0.0140625 0.0203125
2 0.5359375 0.6328125 0.0234375 0.0296875