4 0.3640625 0.77109375 0.2984375 0.225
4 0.34609375 0.646875 0.290625 0.20625
4 0.30078125 0.8984375 0.140625 0.1078125
1 0.61953125 0.80625 0.35625 0.2421875
1 0.6171875 0.69375 0.3015625 0.2
1 0.40625 0.91484375 0.1390625 0.0875
0 0.69296875 0.9078125 0.1 0.08125
0 0.8109375 0.80078125 0.084375 0.0875
0 0.77265625 0.66796875 0.071875 0.0921875
3 0.28515625 0.60390625 0.025 0.01875
2 0.3953125 0.72421875 0.0546875 0.0453125
2 0.30390625 0.89375 0.0265625 0.021875
3 0.27890625 0.875 0.0140625 0.0125