4 0.453125 0.81015625 0.1578125 0.325
3 0.425 0.8609375 0.015625 0.03125
2 0.40859375 0.74765625 0.0359375 0.046875
4 0.58984375 0.790625 0.2015625 0.34375
2 0.55390625 0.7765625 0.0328125 0.05
3 0.540625 0.8453125 0.01875 0.0296875
1 0.55 0.515625 0.1609375 0.246875
0 0.59375 0.4171875 0.0484375 0.075
0 0.4890625 0.37734375 0.078125 0.0703125
1 0.8875 0.57578125 0.225 0.4328125
1 0.43203125 0.5703125 0.0828125 0.203125
0 0.4265625 0.4296875 0.0546875 0.0890625
0 0.84296875 0.42890625 0.05 0.1015625