4 0.5671875 0.34375 0.10859375 0.1671875
4 0.43828125 0.34921875 0.1015625 0.16328125
4 0.28671875 0.35703125 0.09921875 0.184375
1 0.290625 0.53125 0.0890625 0.20390625
1 0.4484375 0.521875 0.1078125 0.21875
1 0.57109375 0.52265625 0.10546875 0.21875
0 0.27734375 0.61953125 0.03359375 0.03828125
0 0.3078125 0.64453125 0.034375 0.0265625
0 0.43828125 0.62734375 0.02421875 0.0375
0 0.4671875 0.64296875 0.0390625 0.03515625
0 0.571875 0.6359375 0.04453125 0.04453125
3 0.59296875 0.2921875 0.01171875 0.0125
2 0.5765625 0.3875 0.0203125 0.03125
3 0.3109375 0.3140625 0.0109375 0.01484375
2 0.30546875 0.40625 0.01640625 0.02890625