4 0.625 0.440625 0.090625 0.1671875
3 0.6234375 0.40390625 0.0125 0.015625
2 0.6203125 0.4390625 0.0203125 0.028125
4 0.70078125 0.41171875 0.1046875 0.1390625
3 0.66953125 0.39375 0.009375 0.0140625
2 0.17109375 0.284375 0.0203125 0.0328125
4 0.16154079062499999 0.19256740625 0.1571553703125 0.18458463125 0.151327734375 0.1784104921875 0.145942771875 0.1776184140625 0.1416919953125 0.1851756328125 0.1347635328125 0.1904010359375 0.12225170625 0.2057206578125 0.116487021875 0.21542380625000002 0.1131049078125 0.223870728125 0.106542853125 0.25349866875 0.09928887656249999 0.3013111625 0.0996640234375 0.30949912031250004 0.10208452812499999 0.309308553125 0.10623401875 0.3059601796875 0.1080472109375 0.309870896875 0.09986619218750001 0.32223321875 0.091621821875 0.33987004062500004 0.086548653125 0.3525404234375 0.0852581671875 0.358611684375 0.0857683625 0.36118785 0.09025507031249999 0.36496177812499997 0.0988575046875 0.3667902828125 0.1468540796875 0.37487708125 0.14782820000000002 0.37402654375 0.14929166562500001 0.3634091453125 0.1489165171875 0.35522118593749996 0.146154628125 0.34582084687500003 0.14173544531249999 0.3392410203125 0.1504983515625 0.3291175703125 0.1546265890625 0.3345779625 0.15715671874999998 0.3351157578125 0.1618380609375 0.3043829953125 0.167927853125 0.273244546875 0.17063136406249999 0.248084415625 0.171846390625 0.218730053125 0.16154079062499999 0.19256740625
3 0.16796875 0.2421875 0.009375 0.0171875
4 0.821875 0.44453125 0.1453125 0.275
2 0.7796875 0.46796875 0.0203125 0.0390625
0 0 0.5419801828125 0.000423546875 0.53129893125 0.00389860625 0.5137059515625 0.0115060734375 0.50404196875 0.011497734375 0.49910475937500004 0.0063278515625 0.4973008046875 0.0023388312500000003 0.48869722656250003 0.004489640625 0.47857845625 0.010832043750000001 0.46864557656250005 0.003853140625 0.46539950937499996 0 0.46458049843750004 0 0.5419801828125
0 0.106971540625 0.5500685609375 0.1013335640625 0.5492227046875 0.09196792031249999 0.5447642562499999 0.0860685921875 0.538927409375 0.0819528625 0.540872834375 0.07562296874999999 0.5582115296875 0.07703558906249999 0.560274446875 0.0810837953125 0.5611349203125 0.08675553281250001 0.5605778296875 0.0944176125 0.5618539218749999 0.097306209375 0.56070525625 0.111694178125 0.5651736390625001 0.1275960546875 0.56749609375 0.14074438125 0.5653554187500001 0.14211073125 0.561415471875 0.14156677499999998 0.56024225625 0.1240709578125 0.5554658124999999 0.117117475 0.5458795859375 0.106971540625 0.5500685609375
1 0.107021440625 0.36570533125 0.09054184531250001 0.36361260781250004 0.08928095 0.365812315625 0.0919373828125 0.376952896875 0.093079909375 0.390239403125 0.0914688859375 0.39906278125 0.091089165625 0.40955800625 0.08721353750000001 0.425303184375 0.07429696875 0.43630640156249995 0.0689962078125 0.442582846875 0.0621015078125 0.4464053 0.0503278703125 0.4495432375 0.0353155078125 0.4604535109375 0.024916559375 0.4645887078125 0.0102247328125 0.4727468640625 0.0082469015625 0.47831949375000005 0.0077533859375 0.48561775 0.011569428125 0.49876746875 0.013163368750000001 0.5012214578124999 0.0195941453125 0.5008257046875 0.037710184375 0.48775488906250003 0.0493783671875 0.4863571953125 0.08082405625 0.47153677656250004 0.084581315625 0.4712778125 0.09977916875000001 0.463227215625 0.1018749640625 0.463320159375 0.0947560375 0.5055208578125 0.0879538796875 0.5213490453125 0.0891555890625 0.5268924453125 0.0868951546875 0.5362828515625 0.08747704375000001 0.5385217234375 0.09033604843750001 0.541244609375 0.09995470468749999 0.5457568375 0.1065330390625 0.54715510625 0.11177044375 0.5461531625 0.114473553125 0.5421448203125 0.1158990875 0.5304617640625 0.12208559375000001 0.5137976546874999 0.1310598125 0.479041934375 0.13776525781249999 0.448739409375 0.1415221296875 0.42235594374999996 0.1476802390625 0.39338431093750004 0.149426309375 0.3789491390625 0.1442143265625 0.373610921875 0.107021440625 0.36570533125
0 0.56796875 0.6515625 0.0375 0.0328125
1 0.5875 0.57265625 0.071875 0.140625
1 0.64296875 0.60390625 0.10625 0.2
0 0.5953125 0.69921875 0.053125 0.040625
0 0.653125 0.6796875 0.0484375 0.05625
0 0.67734375 0.80546875 0.0734375 0.046875
1 0.76015625 0.671875 0.1671875 0.30625