1 0.79140625 0.22421875 0.36875 0.24375
4 0.34375 0.28671875 0.6140625 0.2953125
3 0.23203125 0.340625 0.05625 0.040625
4 0.33671875 0.54140625 0.3 0.1421875
3 0.2828125 0.565625 0.021875 0.021875
2 0.4671875 0.378125 0.08125 0.04375
1 0.6609375 0.6796875 0.2515625 0.171875
0 0.803125 0.7359375 0.053125 0.0796875
0 0.78046875 0.621875 0.059375 0.078125
4 0.4140625 0.7171875 0.309375 0.1328125
0 0.915625 0.1171875 0.0796875 0.0859375
0 0.78046875 0.49609375 0.0609375 0.06875
0 0.71484375 0.54375 0.0515625 0.0765625
0 0.72109375 0.51953125 0.0390625 0.0453125
0 0.6703125 0.571875 0.090625 0.040625
1 0.7828125 0.390625 0.4296875 0.2328125