4 0.5351170765625 0.2245105 0.5335538421875 0.23615185312500003 0.5293780546875 0.23930126093749998 0.526039571875 0.250189046875 0.5263989203125 0.26707628125 0.5382757859375 0.3267517 0.56189664375 0.335301825 0.5667911296875 0.3659268859375 0.577471340625 0.40097669375 0.5798179484375 0.43101241406249996 0.5926040328125 0.45317462031250005 0.6034855078125 0.4587780453125 0.627059665625 0.4481126640625 0.658967421875 0.44246136875 0.6775931609375 0.43510962343750004 0.64665578125 0.3161548078125 0.648678996875 0.306677496875 0.6624389734375 0.29922909375 0.6690153046875 0.2921767125 0.6694106078125001 0.28643815 0.6622449375 0.2755212734375 0.6601750203125001 0.265783078125 0.6433964375000001 0.2286367984375 0.6309876828125 0.21204892968750003 0.616473053125 0.2083486625 0.6053615859375 0.201663215625 0.6006611359375 0.1947459734375 0.5929348515624999 0.19638824531250001 0.58291940625 0.229051603125 0.5769683703124999 0.2314474421875 0.56717216875 0.22335151875 0.5551587140625001 0.2010250875 0.5553887046875 0.20210710937499998 0.5463291781249999 0.21647275625 0.5351170765625 0.2245105
4 0.60859375 0.325 0.1828125 0.2796875
1 0.6828125 0.57265625 0.1703125 0.2875
1 0.75625 0.56484375 0.134375 0.2890625
1 0.9484375 0.5375 0.103125 0.25
4 0.91171875 0.31953125 0.1671875 0.2609375
2 0.9171875 0.3640625 0.0265625 0.0421875
4 0.71640625 0.33828125 0.115625 0.215625
2 0.7171875 0.425 0.0265625 0.040625
2 0.6078125 0.3109375 0.0203125 0.04375
3 0.56484375 0.27109375 0.0234375 0.03125
0 0.778125 0.7203125 0.071875 0.0703125
0 0.6875 0.7296875 0.05 0.0578125
0 0.81484375 0.7203125 0.04375 0.0515625
0 0.96796875 0.66484375 0.0640625 0.0453125
1 0.30390625 0.6890625 0.159375 0.259375
1 0.08984375 0.75546875 0.1328125 0.2265625
1 0.19140625 0.68203125 0.1609375 0.290625
4 0.25234375 0.44296875 0.2140625 0.315625
2 0.265625 0.4375 0.0296875 0.0453125
4 0.1328125 0.4234375 0.1953125 0.309375
2 0.14453125 0.4625 0.0375 0.0515625
4 0.0625 0.52578125 0.125 0.3046875
2 0.08203125 0.56328125 0.03125 0.046875
3 0.21953125 0.38359375 0.0234375 0.0296875
3 0.1015625 0.36640625 0.0265625 0.0265625
3 0.02890625 0.46953125 0.0265625 0.0328125
0 0.090625 0.8890625 0.0484375 0.059375
0 0.1328125 0.878125 0.053125 0.040625
0 0.190625 0.86875 0.0609375 0.05625
0 0.23984375 0.846875 0.05 0.059375
0 0.3015625 0.8390625 0.05 0.0546875
0 0.37421875 0.803125 0.071875 0.053125