0 0.7546875 0.575 0.2859375 0.18125
0 0.7890625 0.4953125 0.2625 0.20625
0 0.84609375 0.340625 0.1953125 0.21875
0 0.87578125 0.3953125 0.1671875 0.2078125
0 0.91171875 0.21640625 0.1765625 0.1953125
0 0.92578125 0.1703125 0.1484375 0.203125
0 0.690625 0.2375 0.1703125 0.1640625
0 0.6640625 0.27578125 0.1859375 0.1625
0 0.453125 0.55859375 0.253125 0.1921875
0 0.4953125 0.5078125 0.2296875 0.203125
0 0.61015625 0.42109375 0.1625 0.1953125
0 0.578125 0.3734375 0.1859375 0.190625
0 0.25859375 0.53671875 0.2453125 0.159375
0 0.08671875 0.52265625 0.171875 0.175
0 0.11484375 0.440625 0.1265625 0.078125
0 0.40703125 0.38984375 0.1703125 0.1640625
0 0.4796875 0.38828125 0.0640625 0.0875
0 0.49296875 0.29296875 0.15625 0.0828125
0 0.5140625 0.23671875 0.1796875 0.11875
0 0.25703125 0.3703125 0.1671875 0.1546875
0 0.315625 0.3859375 0.1078125 0.1171875
0 0.33984375 0.2765625 0.1625 0.1421875
0 0.36796875 0.24453125 0.1453125 0.1421875
0 0.26640625 0.4625 0.15 0.1265625