4 0.86328125 0.61796875 0.18046875 0.36640625
3 0.8921875 0.53984375 0.02421875 0.0375
4 0.72265625 0.7046875 0.2015625 0.33828125
3 0.73984375 0.6296875 0.02890625 0.04375
3 0.80546875 0.45 0.01640625 0.01875
4 0.60078125 0.63125 0.09140625 0.34296875
2 0.61171875 0.7546875 0.02734375 0.0734375
2 0.696875 0.8734375 0.0203125 0.0859375
4 0.475 0.86953125 0.19375 0.2609375
3 0.54765625 0.8765625 0.0140625 0.0375
4 0.415625 0.5921875 0.128125 0.35390625
2 0.41953125 0.6625 0.0296875 0.065625
4 0.29921875 0.5640625 0.16484375 0.32578125
2 0.3296875 0.6171875 0.02734375 0.053125
3 0.440625 0.51875 0.01640625 0.03125
4 0.11640625 0.534375 0.18046875 0.29296875