4 0.58867736875 0.678929225 0.6048896296875 0.665679225 0.616035559375 0.58898403125 0.5975941140625001 0.5824942375 0.5971887984375 0.5546422062499999 0.6010392296875 0.45215753281250004 0.5913118515625 0.4459381390625 0.5716544906250001 0.4664891703125 0.54915998125 0.49163711093750007 0.5327450703125 0.47676466562500003 0.5325424046875 0.48163202031249996 0.5305158718749999 0.53598404375 0.5442963 0.5468003671874999 0.543485684375 0.579206521875 0.5327450703125 0.5927269265625 0.5317318046875 0.602191209375 0.535176903125 0.6532983437500001 0.5305158718749999 0.6787167046875 0.5412565015624999 0.684395275 0.54936263125 0.6973748640624999 0.5532130468750001 0.6862881296875 0.5603059109374999 0.6727677234375 0.571451840625 0.6487014046875 0.576518171875 0.6638442484375 0.5812560296875 0.6854295640625 0.58867736875 0.678929225
3 0.5890625 0.61484375 0.01640625 0.02421875
4 0.509729059375 0.6991954421875 0.5188101546875 0.6955602765625 0.5251669156250001 0.69041045 0.526983103125 0.6761726984374999 0.5310695953125 0.6470913375 0.52721014375 0.6010742734375001 0.5249398750000001 0.584413078125 0.5256209625 0.5547258578125 0.5315236421875 0.511709678125 0.5317506828125 0.4856576203125 0.5144966390625 0.4789931515625 0.49065881093749997 0.4838400390625 0.46682098281249995 0.4908074578125 0.4484317875 0.4914133109375 0.44071288593749997 0.4988728703125 0.44956692187499997 0.549765259375 0.457285840625 0.5875863109374999 0.45206423124999995 0.6033387046875001 0.45002098593750006 0.5972800875 0.4438912484375 0.6000064703125 0.42709126875000003 0.6093973203124999 0.4241399125 0.6175764671875 0.426864228125 0.6245438625 0.4316318078125 0.6463548953125 0.434356125 0.6736186703125 0.43821557499999997 0.6872505578125 0.4438912484375 0.6939150390625 0.457966928125 0.7051234703125 0.46341557812499995 0.7139084687499999 0.4709074578125 0.7214817390625 0.48044259843750003 0.7027000265625001 0.4881615 0.6839183125 0.494064215625 0.6711952265625001 0.5017831171875 0.660592646875 0.5038263625 0.675133325 0.50632365625 0.6951267546875 0.5032893046875 0.705875290625 0.509729059375 0.6991954421875
3 0.52265625 0.64921875 0.01640625 0.02265625
4 0.358670584375 0.6649140124999999 0.366192725 0.6558482578125 0.36886186875 0.6406307375 0.369832471875 0.6131096890625 0.3722589703125 0.59562573125 0.36740597343750003 0.5671333421875 0.3635235796875 0.5237472265625 0.35454554531250004 0.5234234421874999 0.3462954484375 0.5169479015625 0.34653809375 0.5059394890625 0.3581852921875 0.50075905 0.3579426265625 0.490721953125 0.3513910890625 0.4606107046875 0.3504204875 0.43988896874999994 0.33464825 0.432118315625 0.31547891093749997 0.4366511984375 0.31547891093749997 0.45737293437500004 0.311111225 0.50075905 0.31547891093749997 0.5061616625 0.315964221875 0.536596709375 0.313295078125 0.567652715625 0.3081994171875 0.5942024359375 0.306500875 0.629817909375 0.306743521875 0.6434165468749999 0.3098979765625 0.6615480687499999 0.31766276250000003 0.6647858390625 0.323243715625 0.67579425 0.32154515625 0.668671153125 0.3222731125 0.6589578421875 0.32615550625 0.6473018734375 0.33246439687499996 0.6385598921875 0.33998655625 0.6291703656250001 0.3450821984375 0.6388836765625 0.35308963125 0.6609005125 0.3534785125 0.66986020625 0.358670584375 0.6649140124999999
3 0.36484375 0.590625 0.0125 0.0203125
2 0.3296875 0.4734375 0.01875 0.04921875
2 0.515625 0.55 0.0171875 0.05078125
1 0.354701821875 0.440712315625 0.3852065703125 0.43672175781250006 0.37085138125 0.3928256328125 0.372645796875 0.3513238359375 0.36068314687499997 0.272310828125 0.3564962375 0.250761815625 0.3337671828125 0.25315608125 0.3319727671875 0.2739070265625 0.321206409375 0.3050333828125 0.3206082859375 0.3329672796875 0.3247951953125 0.3369578375 0.3140287921875 0.3792577328125 0.30984188281249997 0.41277841718749997 0.3164649703125 0.43646499843750003 0.3343653078125 0.4319331015625 0.354701821875 0.440712315625
1 0.522777046875 0.4175670734375 0.516795721875 0.365689834375 0.513805059375 0.285878696875 0.5185901390625001 0.214846803125 0.49346854531249995 0.21085624687500001 0.4880853890625 0.2483674875 0.47492644687499996 0.2427807015625 0.45997313437500004 0.2467712578125 0.47612273906249997 0.37606530625 0.4486086078125 0.49179143906249995 0.5120106890625 0.47822355625 0.530333084375 0.48432359687500004 0.522777046875 0.4175670734375
1 0.532715196875 0.4685499328125 0.549625740625 0.48880005937500004 0.5743412078125 0.4650784578125 0.59125175 0.42862825468750004 0.589517359375 0.29208453749999996 0.5543954140625 0.29208453749999996 0.552660990625 0.2527414375 0.5556962078125001 0.23596270625 0.5353168171875 0.2394341921875 0.5487585453125 0.3354776671875 0.54355530625 0.38986370937500003 0.5426880781250001 0.43094255312499996 0.52865203125 0.44113513906249996 0.532715196875 0.4685499328125
0 0.540448971875 0.165690425 0.5423667015625 0.158013721875 0.5391704765625 0.151616453125 0.5251070859375 0.15332236562499998 0.5097652234375001 0.1571607328125 0.5052905046875 0.16483746875 0.49793917812500005 0.16526394687499998 0.49378410156249997 0.1712347375 0.49154672968749996 0.1861616984375 0.4947429546875 0.1929854453125 0.4969803265625 0.20194161406250002 0.5008157859375 0.190853021875 0.507208234375 0.17592606093750002 0.513281065625 0.170808259375 0.5187146375 0.1712347375 0.5247874671874999 0.17635253906249998 0.5315410171875 0.17779370625 0.540448971875 0.165690425
0 0.46233765625 0.2266261171875 0.47067328281250004 0.2181517859375 0.47662730781249996 0.21020711093750002 0.483772146875 0.209942271875 0.4885353546875 0.21179604375 0.4909169734375 0.2128553390625 0.49786333281250006 0.204116178125 0.4911154375 0.1906102203125 0.48416907656249997 0.1906102203125 0.47682578593749997 0.19723079062499999 0.465711596875 0.20888299843749997 0.4639254015625 0.20040865624999998 0.4593606453125 0.19855490468749998 0.4543989578125 0.2012031328125 0.45261274843750005 0.2091478171875 0.45102501874999995 0.220005546875 0.4512234828125 0.2282150609375 0.45461605 0.23835310468749998 0.46233765625 0.2266261171875