0 0.662450396875 0.1511243390625 0.681795634375 0.1610449734375 0.6897321421875 0.1613756609375 0.6956845234375 0.159060846875 0.7051091265625 0.1322751328125 0.7103174609375 0.108796296875 0.7095734125 0.0955687828125 0.7051091265625 0.0896164015625 0.700396825 0.08664021093749999 0.6912202375 0.084656084375 0.6862599203124999 0.0853174609375 0.6701388890625 0.09391534375 0.6636904765625 0.103835978125 0.65625 0.1273148140625 0.6582341265625 0.1514550265625 0.662450396875 0.1511243390625
1 0.736483134375 0.4328703703125 0.718501984375 0.46428571406249997 0.7017609125 0.42377645468749997 0.6943204359374999 0.3890542328125 0.6961805562500001 0.3708664015625 0.6887400796875001 0.35598545000000004 0.6837797625 0.252645503125 0.6887400796875001 0.22123015937499999 0.6887400796875001 0.20800264531249998 0.697420634375 0.18154761875 0.6986607140625 0.1699735453125 0.6676587296875 0.15839947031249998 0.6577380953125 0.15178571406250002 0.65029761875 0.1898148140625 0.6316964281249999 0.2741402109375 0.624255953125 0.35598545000000004 0.62549603125 0.37830687812499997 0.6261160718750001 0.4113756609375 0.6341765875 0.434523809375 0.627976190625 0.521329365625 0.6211557546875001 0.5320767203125001 0.6602182546875001 0.521329365625 0.707961309375 0.5180224875 0.7513640875 0.5180224875 0.809027778125 0.561838625 0.8363095234375001 0.43369709062500006 0.837549603125 0.3865740734375 0.784226190625 0.3072089953125 0.7383432546875001 0.23115079375 0.6949404765625 0.277447090625 0.737103175 0.3518518515625 0.7625248015625 0.389880953125 0.7569444437499999 0.41468253906249997 0.736483134375 0.4328703703125
4 0.7809193125 0.7123015875 0.7767857140625 0.681437390625 0.790839946875 0.6296296296875 0.8040674609374999 0.60648148125 0.813161375 0.574514990625 0.8015873015625001 0.554673721875 0.7486772484374999 0.519400353125 0.697420634375 0.518298059375 0.621362434375 0.5326278656250001 0.6164021156249999 0.5899470906250001 0.621362434375 0.6086860671875 0.615575396875 0.6968694890625 0.627976190625 0.7552910046875 0.5957341265625 0.771825396875 0.5767195765625 0.775132275 0.590773809375 0.8511904765624999 0.6015211640625 0.9118165781249999 0.621362434375 0.9371693125 0.6626984125 0.9647266312499999 0.6742724875 0.9669312171875 0.6833664015625 0.9867724875 0.6941137562499999 0.9526014109375 0.708994709375 0.919532628125 0.7197420640625001 0.9074074078125 0.7263558203125 0.8974867718749999 0.7412367718749999 0.9250440921875 0.7395833328125 0.947089946875 0.740410053125 0.9724426812500001 0.7800925921874999 0.9592151671875 0.7916666671875 0.9426807765625 0.81233465625 0.7982804234375 0.8073743390624999 0.7872574953125 0.7858796296875 0.7839506171874999 0.7759589953125 0.78174603125 0.7809193125 0.7123015875
3 0.68359375 0.84453125 0.02890625 0.03359375
2 0.74375 0.7078125 0.03984375 0.0734375
4 0.44940476250000005 0.722222221875 0.4518849203125 0.645061728125 0.4452711640625 0.57782186875 0.45684523749999995 0.4885361546875 0.452711640625 0.469797178125 0.43121693125 0.45767195781250003 0.41798941718749993 0.455467371875 0.4188161375 0.44885361562500004 0.37830687812499997 0.4532627859375 0.3501984125 0.4675925921875 0.3320105828125 0.47089947031249996 0.303075396875 0.46869488593749997 0.29398148125 0.5480599640625 0.2956349203125 0.463183421875 0.284887565625 0.5447530859375 0.28075396874999997 0.6020723109375 0.290674603125 0.672619046875 0.2791005296875 0.6968694890625 0.290674603125 0.7486772484374999 0.32126322812499997 0.8258377421875001 0.33945105781249996 0.8567019406249999 0.377480159375 0.8037918875000001 0.3882275125 0.848985890625 0.3956679890625 0.8677248671875001 0.4014550265625 0.884259259375 0.4047619046875 0.8897707234375 0.4386574078125 0.8710317453125 0.46015211562499997 0.8522927687499999 0.5064484125 0.7200176359375 0.4890873015625 0.707892415625 0.4700727515625 0.69025573125 0.4543650796875 0.6891534390625 0.44940476250000005 0.722222221875
3 0.346875 0.79140625 0.02578125 0.0421875
2 0.3890625 0.61015625 0.034375 0.06953125
1 0.343998015625 0.0178571421875 0.3303571421875 0.052579365625 0.3284970234375 0.0625 0.3328373015625 0.096395503125 0.3216765875 0.1369047625 0.3222966265625 0.177414021875 0.3160962296875 0.1922949734375 0.3229166671875 0.2179232796875 0.3160962296875 0.306382275 0.3142361109375 0.334490740625 0.315476190625 0.3857473546875 0.29873511875 0.465939153125 0.321056546875 0.47255290937499994 0.350818453125 0.46924603125 0.3712797625 0.453538359375 0.3942212296875 0.45023148125 0.4047619046875 0.4452711640625 0.3923611109375 0.27000661406250004 0.3886408734375 0.25429894218750004 0.3942212296875 0.23611111093749998 0.393601190625 0.18650793593749998 0.3967013890625 0.133597884375 0.3960813484375 0.0889550265625 0.3985615078125 0.0740740734375 0.3929811515625 0.053406084374999996 0.383060515625 0.021990740624999998 0.343998015625 0.0178571421875
0 0.387896825 0.0003306875 0.33928571406249997 0.0003306875 0.3390376984375 0.014219576562499999 0.3417658734375 0.022156084375000003 0.3487103171875 0.0175264546875 0.3546626984375 0.0168650796875 0.37549603125000003 0.01884920625 0.384920634375 0.0228174609375 0.3869047625 0.0168650796875 0.387896825 0.0003306875
0 0.6887400796875001 0.271660053125 0.69990079375 0.246858465625 0.716641865625 0.22453703749999998 0.7271825390625 0.21709656093750002 0.734623015625 0.22123015937499999 0.7464037703125 0.20386904687500002 0.759424603125 0.165839946875 0.763144840625 0.153439153125 0.7526041671875 0.147652115625 0.7395833328125 0.1509589953125 0.716641865625 0.1765873015625 0.7067212296875 0.2046957671875 0.6875 0.2352843921875 0.6819196421875 0.2584325390625 0.6887400796875001 0.271660053125
0 0.3998015875 0.28174603125000003 0.4052579359375 0.2827380953125 0.40823412656249997 0.2860449734375 0.412450396875 0.28571428593750003 0.4233630953125 0.278439153125 0.42782738125 0.278108465625 0.43551587343750003 0.26752645468749997 0.44320436562500004 0.2516534390625 0.4449404765625 0.24470899531249998 0.44469246093750003 0.23511904687500002 0.44345238125 0.2328042328125 0.4392361109375 0.23148148124999998 0.43179563437499996 0.23082010625 0.4233630953125 0.23247354531250003 0.40699404687499996 0.24041005312500002 0.3945932546875 0.259920634375 0.393353175 0.271825396875 0.39657738125 0.2827380953125 0.3998015875 0.28174603125000003
0 0.43402777812500004 0.31812169375 0.43402777812500004 0.334656084375 0.43551587343750003 0.3425925921875 0.43526785781250005 0.3396164015625 0.43824404687499996 0.33101851875 0.44345238125 0.325396825 0.44977678593750003 0.32142857187499996 0.45535714218749995 0.3201058203125 0.46552579375 0.3244047625 0.46800595312500004 0.3244047625 0.4702380953125 0.322420634375 0.4734623015625 0.308862434375 0.48015872968749995 0.291335978125 0.4831349203125 0.2705026453125 0.48387896875 0.2609126984375 0.4826388890625 0.2552910046875 0.474950396875 0.2513227515625 0.46825396875 0.2519841265625 0.4632936515625 0.2549603171875 0.453373015625 0.26818783125 0.44742063437499996 0.2827380953125 0.4454365078125 0.296296296875 0.4429563484375 0.302910053125 0.43402777812500004 0.31812169375