4 0.125 0.44765625 0.1359375 0.25703125
3 0.16484375 0.39375 0.01484375 0.0234375
2 0.1453125 0.4359375 0.01796875 0.0390625
4 0.23359375 0.4875 0.0828125 0.1671875
2 0.2375 0.53671875 0.01875 0.03359375
3 0.2640625 0.4484375 0.01015625 0.0140625
4 0.15703125 0.71953125 0.14140625 0.171875
3 0.1765625 0.71640625 0.0125 0.01875
4 0.28671875 0.67109375 0.10546875 0.178125
3 0.315625 0.63515625 0.015625 0.0171875
2 0.2921875 0.715625 0.021875 0.03828125
4 0.38828125 0.4796875 0.07734375 0.159375
3 0.4078125 0.440625 0.01015625 0.0109375
4 0.36484375 0.66875 0.09375 0.15078125
3 0.3984375 0.6484375 0.0109375 0.01640625
4 0.61171875 0.64296875 0.07265625 0.16796875
3 0.6359375 0.62109375 0.0125 0.01875
2 0.61796875 0.696875 0.0171875 0.03125
4 0.68203125 0.68671875 0.08828125 0.1765625
2 0.67734375 0.75 0.01875 0.0359375
3 0.69609375 0.65859375 0.01328125 0.02109375
4 0.6671875 0.4953125 0.09921875 0.16796875
3 0.67734375 0.45390625 0.0125 0.01640625
2 0.6609375 0.5125 0.015625 0.0265625
4 0.74765625 0.4703125 0.07109375 0.17578125
4 0.71484375 0.40390625 0.06328125 0.11875
3 0.725 0.3984375 0.01484375 0.015625
4 0.89140625 0.70703125 0.18125 0.26171875
3 0.8890625 0.69140625 0.01328125 0.028125
2 0.1578125 0.83203125 0.02890625 0.04375
4 0.765625 0.671875 0.08203125 0.146875
4 0.6046875 0.4578125 0.0234375 0.08984375
4 0.89375 0.4609375 0.16796875 0.284375
4 0.8109375 0.4640625 0.07890625 0.24140625