4 0.62109375 0.3890625 0.12890625 0.20390625
4 0.36796875 0.375 0.09140625 0.25546875
4 0.30625 0.36640625 0.0546875 0.24140625
3 0.3140625 0.2890625 0.0140625 0.01953125
3 0.35 0.3203125 0.01484375 0.02265625
3 0.6421875 0.328125 0.009375 0.0203125
2 0.6078125 0.3921875 0.0171875 0.03515625
1 0.290625 0.6046875 0.08203125 0.271875
2 0.31875 0.4859375 0.01640625 0.05859375
1 0.38125 0.6484375 0.10234375 0.31484375
1 0.61796875 0.57578125 0.1140625 0.22578125
0 0.5734375 0.7 0.04765625 0.04140625
0 0.6453125 0.68828125 0.0609375 0.04453125
0 0.4390625 0.73984375 0.04609375 0.09453125
0 0.34453125 0.81484375 0.08046875 0.04765625
0 0.253125 0.75546875 0.0671875 0.06015625
0 0.3671875 0.7359375 0.090625 0.03984375