4 0.61796875 0.34609375 0.7640625 0.4984375
4 0.7140625 0.76640625 0.4921875 0.3484375
4 0.1734375 0.09140625 0.303125 0.1828125
4 0.234375 0.2140625 0.315625 0.2109375
4 0.2765625 0.29609375 0.215625 0.159375
4 0.4390625 0.590625 0.309375 0.2203125
4 0.43984375 0.7328125 0.1578125 0.1359375
3 0.59765625 0.72109375 0.0453125 0.025
3 0.44453125 0.68828125 0.0359375 0.025
3 0.415625 0.29609375 0.059375 0.053125
3 0.2859375 0.2984375 0.0421875 0.0296875
3 0.18828125 0.2046875 0.0390625 0.0375
3 0.084375 0.01640625 0.046875 0.0328125
3 0.0703125 0.47109375 0.0203125 0.01875
0 0.890625 0.10546875 0.1171875 0.1265625
0 0.765625 0.11796875 0.1265625 0.0796875
0 0.58671875 0.115625 0.0796875 0.0828125
0 0.409375 0.1015625 0.065625 0.0578125
0 0.5640625 0.02890625 0.1125 0.0578125
2 0.59765625 0.27578125 0.1125 0.1046875
2 0.22578125 0.040625 0.08125 0.0640625