4 0.64140625 0.4828125 0.21875 0.0984375
3 0.678125 0.446875 0.0125 0.0078125
1 0.453125 0.4796875 0.209375 0.15625
2 0.59765625 0.44921875 0.0296875 0.0140625
0 0.3765625 0.53984375 0.0484375 0.0609375
0 0.346875 0.42890625 0.0515625 0.0640625
4 0.66875 0.97890625 0.1234375 0.0359375
1 0.565625 0.98359375 0.1140625 0.0328125
3 0.68984375 0.984375 0.009375 0.0078125
2 0.66328125 0.99296875 0.0171875 0.003125
0 0.50703125 0.990625 0.0265625 0.01875
1 0.559375 0.88125 0.0859375 0.059375
0 0.50234375 0.89765625 0.025 0.021875
0 0.51171875 0.86171875 0.0453125 0.0203125