4 0.35703125 0.1921875 0.2015625 0.384375
2 0.39609375 0.21953125 0.02578125 0.06015625
3 0.40625 0.07265625 0.01640625 0.021875
4 0.04296875 0.221875 0.0859375 0.14375
3 0.05234375 0.19375 0.0109375 0.01171875
2 0.03984375 0.25390625 0.01328125 0.0234375
4 0.18203125 0.2265625 0.071875 0.1265625
2 0.18828125 0.25703125 0.01171875 0.0234375
0 0.38984375 0.71875 0.11015625 0.1328125
1 0.39453125 0.53125 0.1703125 0.3578125
1 0.18984375 0.35625 0.0453125 0.14296875
0 0.20546875 0.4375 0.0171875 0.01328125
0 0.04921875 0.42890625 0.02265625 0.02265625
0 0.0703125 0.43203125 0.01796875 0.021875
1 0.03984375 0.35390625 0.06875 0.1359375