1 0.2708333328125 0.58167989375 0.2790178578125 0.5846560843749999 0.309523809375 0.5820105812499999 0.3323412703125 0.5823412703125 0.349454365625 0.5853174609375 0.362103175 0.5846560843749999 0.36631944375000003 0.5823412703125 0.3470304875 0.47860119531249995 0.3417658734375 0.41732804218749997 0.34325396874999997 0.40839947031249996 0.3422619046875 0.38723545000000004 0.33482142812500004 0.3541666671875 0.318204365625 0.34391534375 0.30654761875 0.3429232796875 0.3033234125 0.3458994703125 0.30034722187499996 0.36805555624999997 0.3005952375 0.383597884375 0.296130953125 0.43551587343750003 0.296130953125 0.45068027187500004 0.2943105171875 0.47041168437499997 0.2943105171875 0.48269595 0.29533420625 0.4888380828125 0.2867063484375 0.515211640625 0.2762896828125 0.541005290625 0.2698412703125 0.5608465609375 0.2673611109375 0.5740740734374999 0.2708333328125 0.58167989375
0 0.3244047625 0.346230159375 0.328125 0.3508597890625 0.3328373015625 0.353835978125 0.33779761875 0.353835978125 0.3454861109375 0.3449074078125 0.35342261875 0.33002645468749997 0.35491071406249997 0.3263888890625 0.35491071406249997 0.322420634375 0.3415178578125 0.3141534390625 0.325396825 0.3128306875 0.3201884921875 0.316137565625 0.31572420625 0.322420634375 0.311755953125 0.33399470937500003 0.3125 0.3419312171875 0.3244047625 0.346230159375
0 0.3386466265625 0.375721759375 0.3441029765625 0.3767138234375 0.352007828125 0.3688294484375 0.3634482140625 0.3667931875 0.36568035781249997 0.363155621875 0.3661763890625 0.3588566796875 0.36369622968750004 0.3538963625 0.35600773750000003 0.3492667328125 0.342862896875 0.3492667328125 0.3366625 0.3552191140625 0.3356704359375 0.35852599218750003 0.3356704359375 0.37208419375 0.3386466265625 0.375721759375
4 0.4320436515625 0.7278439156250001 0.4327876984375 0.740410053125 0.437748015625 0.75595238125 0.44717261875 0.766203703125 0.46279761875 0.7797619046875 0.46676587343750003 0.7734788359375 0.47991071406249997 0.765542328125 0.4922699046875 0.7578855609375 0.495716059375 0.7660149515625 0.49925595312500004 0.783730159375 0.49545097031249996 0.7946445421874999 0.50525925625 0.7840409890625 0.5138888890625 0.78141534375 0.52567109375 0.7762650515625 0.5533234125 0.7169312171875 0.5488591265625 0.7119709000000001 0.54078115625 0.7016867343750001 0.5264663609375 0.697798765625 0.5290178578125 0.68187830625 0.528769840625 0.672288359375 0.531001984375 0.6617063484375 0.5329861109375 0.640542328125 0.5354662703125 0.6362433859375 0.547619046875 0.6233465609375 0.5513392859375 0.6071428578125 0.5446428578125 0.6008597890625 0.525545634375 0.5922619046875 0.5014880953125 0.5882936515625 0.471230159375 0.5800264546875 0.4623015875 0.5803571421875 0.4608134921875 0.5873015875 0.459821428125 0.6200396828125 0.4541170640625 0.646164021875 0.455853175 0.6709656078124999 0.4546272953125 0.67800546875 0.45362103125 0.677579365625 0.43660125625 0.685074503125 0.43154761875 0.686838625 0.4298115078125 0.697420634375 0.42881944375 0.7169312171875 0.4320436515625 0.7278439156250001
3 0.51875 0.7453125 0.0140625 0.0171875
4 0.31681450624999996 0.7640959375 0.32030077343749996 0.7710684718749999 0.32030077343749996 0.7815272734375001 0.3268375234375 0.78385145 0.349498259375 0.7745547390625 0.3608286265625 0.7536371374999999 0.3795673109375 0.7152882015625 0.3826177953125 0.6943706 0.380438878125 0.6996 0.3678011609375 0.702505221875 0.3608286265625 0.711220890625 0.349062475 0.7193555125 0.30897040625 0.7152882015625 0.30374100625 0.672290909375 0.3582139265625 0.6629941968749999 0.3625717609375 0.622902128125 0.36954429375000003 0.586296325 0.3460119921875 0.5851342359375 0.32422282343750003 0.58164796875 0.2828234046875 0.5857152796875 0.272364603125 0.58164796875 0.271057253125 0.6043087046875 0.267135203125 0.5781617015625 0.26059845312499996 0.5752564796875 0.26016266875 0.59617408125 0.25624061875000004 0.6635752421875 0.26277736875 0.6996 0.2505754359375 0.7036673109375 0.2392450671875 0.6984379109375001 0.2340156671875 0.6984379109375001 0.22660735 0.696694778125 0.234887234375 0.7536371374999999 0.24142398437499998 0.770487428125 0.25231856874999997 0.780946228125 0.2693141203125 0.785594584375 0.27672243750000003 0.7919860734374999 0.28238762031250003 0.7972154734375 0.2832591875 0.8047690515625 0.285002321875 0.805931140625 0.2858738875 0.7989586078124999 0.29981895625 0.7768789171875 0.3054841390625 0.7693253390625 0.3189934234375 0.7571234046875001 0.31681450624999996 0.7640959375
3 0.34921875 0.7359375 0.01328125 0.01875
2 0.49765625 0.6609375 0.0140625 0.03359375
2 0.340625 0.6328125 0.0234375 0.03828125
2 0.396875 0.62578125 0.01640625 0.034375
4 0.0448908734375 0.721891534375 0.06423611093750001 0.7364417984375 0.07118055625 0.7245370375 0.078127146875 0.71731093125 0.08379285625 0.717708525 0.08779761875 0.73181216875 0.10565476250000001 0.721230159375 0.10813492031250001 0.7172619046875 0.118799603125 0.68187830625 0.1201726734375 0.6723828515625 0.1113591265625 0.6653439156250001 0.1061574984375 0.6636357921875 0.110119046875 0.6541005296875 0.115575396875 0.6316137562499999 0.11780753906250001 0.627645503125 0.12177579375 0.60648148125 0.106646825 0.5992063484375 0.0830853171875 0.59391534375 0.0639880953125 0.59325396875 0.056547618749999994 0.59391534375 0.053819443749999994 0.5958994703125 0.052579365625 0.6114417984375 0.0560515875 0.6246693125 0.0566570921875 0.669599696875 0.0408527453125 0.6759611953125 0.0313104984375 0.67755156875 0.0391865078125 0.7109788359375 0.0448908734375 0.721891534375
3 0.10078125 0.7015625 0.009375 0.0109375
3 0.140625 0.72578125 0.009375 0.01015625
2 0.07421875 0.640625 0.01484375 0.02109375
2 0.14453125 0.6671875 0.01328125 0.02109375
0 0.500744046875 0.42559523749999995 0.5012400796875001 0.427910053125 0.5039682546875001 0.43055555625 0.512648809375 0.43055555625 0.521825396875 0.4044312171875 0.5228174609375 0.396164021875 0.521825396875 0.39351851875 0.5176091265625 0.39153439218749997 0.5086805562500001 0.39153439218749997 0.4982638890625 0.396164021875 0.493799603125 0.4074074078125 0.493799603125 0.421626984375 0.500744046875 0.42559523749999995
1 0.48635912656249997 0.584325396875 0.528054378125 0.5919734359375 0.5508358609374999 0.6046675968749999 0.552579365625 0.5919312171875 0.5515873015625 0.5889550265625 0.5538194437499999 0.58068783125 0.5533234125 0.5664682546875001 0.5558035718750001 0.552579365625 0.5560515875 0.541005290625 0.5508432546875001 0.5238095234375 0.5458829359374999 0.515873015625 0.525049603125 0.4867724875 0.5114087296875 0.474867725 0.5091765875 0.4669312171875 0.518353175 0.44345238125 0.5176091265625 0.4371693125 0.5133928578125 0.4328703703125 0.5014880953125 0.43022486718749997 0.49032738125 0.43353174531249994 0.4895833328125 0.43518518593750005 0.49131944375 0.43683862500000004 0.4923115078125 0.4424603171875 0.486855159375 0.45568783125 0.4789186515625 0.4857804234375 0.47569444375 0.5085978843750001 0.4761904765625 0.5333167984375 0.474950396875 0.5449735453125 0.46651785781250005 0.5730820109375 0.466269840625 0.5803571421875 0.48635912656249997 0.584325396875
1 0.0580357140625 0.59391534375 0.09250992031250001 0.596230159375 0.11483134843750001 0.603505290625 0.12047086874999999 0.606779903125 0.12475198437499999 0.5919312171875 0.12673611093749998 0.5770502640624999 0.1377661921875 0.489092190625 0.1398535578125 0.4855138484375 0.11659433125 0.47756197499999997 0.10913945 0.488297003125 0.09452788437500001 0.5749724140625 0.099454365625 0.4986772484375 0.099950396875 0.48247354531250003 0.09548611093750001 0.4761904765625 0.0915178578125 0.47321428593750003 0.083829365625 0.47321428593750003 0.0801091265625 0.48247354531250003 0.0761408734375 0.4983465609375 0.0734126984375 0.5201719578125 0.0647321421875 0.5644841265625 0.059523809375 0.5770502640624999 0.055803571875 0.5925925921874999 0.0580357140625 0.59391534375
0 0.083829365625 0.474867725 0.08680555625 0.4735449734375 0.0959821421875 0.4751984125 0.099454365625 0.46527777812500004 0.09920634843750001 0.459325396875 0.093005953125 0.45634920625 0.08779761875 0.45601851875 0.08358134843750001 0.45767195781250003 0.08209325468749999 0.4619709 0.0828373015625 0.471560846875 0.083829365625 0.474867725
0 0.11681547656249999 0.4738756609375 0.1264880953125 0.47850529062499997 0.1386408734375 0.4791666671875 0.146329365625 0.477513228125 0.146825396875 0.474867725 0.146329365625 0.47089947031249996 0.1421130953125 0.4636243390625 0.1383928578125 0.4606481484375 0.1304563484375 0.4580026453125 0.1289682546875 0.45535714218749995 0.1230158734375 0.45238095312500004 0.118799603125 0.452711640625 0.11656746093749999 0.45502645468749997 0.11507936562500001 0.462632275 0.11532738125 0.4702380953125 0.11681547656249999 0.4738756609375