1 0.73515625 0.203125 0.1703125 0.2625
1 0.61015625 0.21796875 0.184375 0.2953125
1 0.49921875 0.2359375 0.1796875 0.2671875
1 0.3828125 0.24921875 0.15625 0.259375
1 0.284375 0.2828125 0.1765625 0.2453125
1 0.15625 0.309375 0.2015625 0.278125
0 0.1203125 0.159375 0.078125 0.090625
0 0.16796875 0.16640625 0.0578125 0.090625
0 0.203125 0.15078125 0.05 0.078125
0 0.29375 0.184375 0.0578125 0.075
0 0.3390625 0.090625 0.046875 0.0640625
0 0.3921875 0.10078125 0.0765625 0.0828125
0 0.43828125 0.11875 0.08125 0.065625
0 0.51484375 0.04453125 0.0734375 0.0890625
0 0.575 0.03515625 0.05 0.0703125
0 0.54375 0.08984375 0.0453125 0.059375
0 0.68828125 0.06796875 0.0828125 0.0828125
0 0.68359375 0.1390625 0.0296875 0.04375
4 0.1875 0.53125 0.215625 0.2625
3 0.18515625 0.55390625 0.025 0.0296875
4 0.315625 0.490625 0.1953125 0.2875
3 0.321875 0.53515625 0.025 0.0296875
4 0.42890625 0.44296875 0.178125 0.275
3 0.4234375 0.50859375 0.025 0.0296875
4 0.7859375 0.384375 0.1890625 0.2546875
3 0.759375 0.44765625 0.0234375 0.025
4 0.671875 0.4171875 0.165625 0.2203125
3 0.63515625 0.46875 0.0203125 0.025
4 0.5515625 0.43984375 0.175 0.259375
3 0.515625 0.503125 0.01875 0.0265625
2 0.41953125 0.36640625 0.0328125 0.0421875
2 0.31015625 0.42734375 0.0328125 0.0453125
2 0.75546875 0.296875 0.034375 0.053125