4 0.39921875 0.51484375 0.1609375 0.0984375
4 0.38203125 0.35546875 0.2484375 0.171875
1 0.58828125 0.35859375 0.240625 0.13125
1 0.54609375 0.52578125 0.171875 0.08125
4 0.415625 0.25234375 0.0875 0.0765625
3 0.4265625 0.25859375 0.015625 0.0140625
3 0.3078125 0.3578125 0.0265625 0.0171875
3 0.3578125 0.53125 0.01875 0.0140625
2 0.45625 0.5078125 0.0328125 0.0171875
0 0.728125 0.33125 0.0359375 0.0421875
0 0.7046875 0.39765625 0.0421875 0.0390625
0 0.63203125 0.52265625 0.0265625 0.021875
0 0.63125 0.55 0.0359375 0.0234375
0 0.6125 0.2453125 0.0359375 0.0234375
0 0.6140625 0.278125 0.0421875 0.0390625