4 0.5046875 0.3140625 0.1421875 0.2171875
3 0.5359375 0.25625 0.015625 0.01875
4 0.3171875 0.29296875 0.1703125 0.2375
3 0.36640625 0.25390625 0.0140625 0.0203125
2 0.50859375 0.3390625 0.0171875 0.0359375
2 0.35 0.35625 0.0265625 0.0390625
1 0.40078125 0.47890625 0.1015625 0.2
4 0.403125 0.303125 0.0875 0.1828125
2 0.40625 0.3671875 0.01875 0.0359375
4 0.08984375 0.30703125 0.103125 0.146875
4 0.14296875 0.28125 0.0875 0.14375
3 0.115625 0.27109375 0.009375 0.0109375
3 0.15703125 0.25 0.009375 0.009375
2 0.15703125 0.30859375 0.0140625 0.0234375
1 0.3125 0.521875 0.11875 0.240625
1 0.5140625 0.4859375 0.10625 0.1875
0 0.50078125 0.590625 0.040625 0.04375
0 0.3890625 0.5984375 0.034375 0.0484375
0 0.3984375 0.57578125 0.028125 0.0484375
0 0.32109375 0.64921875 0.0484375 0.05
0 0.34140625 0.61875 0.04375 0.046875
1 0.1 0.434375 0.0859375 0.11875
1 0.15703125 0.409375 0.06875 0.1203125
0 0.08671875 0.50234375 0.0203125 0.0203125
0 0.12734375 0.50390625 0.0359375 0.0328125
0 0.15625 0.47421875 0.0359375 0.04375