4 0.6625 0.640625 0.421875 0.71875
4 0.2734375 0.7453125 0.296875 0.4453125
4 0.89609375 0.1765625 0.20078125 0.30859375
4 0.7609375 0.259375 0.18046875 0.284375
4 0.68671875 0.30390625 0.1375 0.19453125
4 0.42109375 0.47578125 0.1890625 0.2796875
4 0.28671875 0.48671875 0.11796875 0.14140625
3 0.30859375 0.63359375 0.0203125 0.040625
3 0.3296875 0.4875 0.021875 0.0328125
3 0.69609375 0.434375 0.046875 0.05390625
3 0.68515625 0.31328125 0.025 0.03828125
3 0.7671875 0.215625 0.03125 0.034375
3 0.93984375 0.1046875 0.034375 0.040625
3 0.509375 0.121875 0.01640625 0.0171875
0 0.90703125 0.86875 0.1109375 0.10390625
0 0.88671875 0.7515625 0.06875 0.115625
0 0.87734375 0.58359375 0.07421875 0.07109375
0 0.87890625 0.41640625 0.04921875 0.059375
0 0.959375 0.55703125 0.05078125 0.10390625
2 0.72734375 0.60390625 0.090625 0.09921875
2 0.92421875 0.23984375 0.05625 0.07265625