4 0.159375 0.62265625 0.31875 0.5421875
4 0.5140625 0.7015625 0.3625 0.5
1 0.65703125 0.29921875 0.2921875 0.45625
1 0.23671875 0.2140625 0.2765625 0.428125
1 0.38203125 0.3703125 0.2421875 0.365625
0 0.4734375 0.18984375 0.0953125 0.090625
0 0.22890625 0.0765625 0.1140625 0.153125
0 0.32109375 0.1953125 0.078125 0.0921875
0 0.5609375 0.296875 0.078125 0.153125
0 0.70859375 0.07578125 0.1203125 0.1015625
0 0.6140625 0.1796875 0.103125 0.1828125
3 0.5484375 0.85390625 0.03125 0.040625
3 0.153125 0.76875 0.0375 0.040625
2 0.58515625 0.66796875 0.0609375 0.0828125
2 0.165625 0.63671875 0.0640625 0.0890625