4 0.82275390625 0.6219780218750001 0.83740234375 0.6578754578125 0.84130859375 0.675457875 0.8408203125 0.6908424906249999 0.83447265625 0.7003663 0.8330078125 0.7113553109375 0.84619140625 0.7260073265625 0.8671875 0.758974359375 0.87744140625 0.7831501828125 0.8955078125 0.8117216125000001 0.89794921875 0.8183150187500001 0.89990234375 0.8380952374999999 0.91748046875 0.8329670328125 0.93310546875 0.8205128203125 0.9462890625 0.8007326000000001 0.94775390625 0.771428571875 0.93896484375 0.7047619046875 0.9326171875 0.6937728937500001 0.9287109375 0.6695970703125 0.9423828125 0.615384615625 0.94921875 0.6146520140625 0.96435546875 0.6051282046875001 0.96826171875 0.59413919375 0.95361328125 0.5362637359375 0.93994140625 0.49377289375 0.93603515625 0.4871794875 0.92724609375 0.4798534796875 0.91943359375 0.47399267343749996 0.91259765625 0.47472527500000006 0.90771484375 0.4695970703125 0.89892578125 0.4703296703125 0.896484375 0.478388278125 0.89208984375 0.48278388281250006 0.8759765625 0.4571428578125 0.8740234375 0.4571428578125 0.87109375 0.47472527500000006 0.859375 0.5172161171874999 0.8447265625 0.5487179484375 0.84130859375 0.5457875453125001 0.83935546875 0.53186813125 0.830078125 0.5113553109375 0.8271484375 0.48131868125 0.82373046875 0.47399267343749996 0.8154296875 0.490109890625 0.81005859375 0.5084249078124999 0.80224609375 0.5553113546875 0.802734375 0.5765567765624999 0.8076171875 0.5860805859375 0.81982421875 0.6007326 0.82275390625 0.6219780218750001
3 0.88515625 0.5625 0.0296875 0.040625
4 0.7568359375 0.446153846875 0.7470703125 0.4373626375 0.7470703125 0.4454212453125 0.75146484375 0.49377289375 0.75732421875 0.521611721875 0.7734375 0.5296703296875 0.7763671875 0.5369963375 0.78173828125 0.541391940625 0.783203125 0.5230769234375 0.79150390625 0.497435896875 0.79736328125 0.490109890625 0.81640625 0.48131868125 0.81884765625 0.472527471875 0.81640625 0.46373626406249996 0.7998046875 0.4424908421875 0.7978515625 0.43809523749999996 0.79736328125 0.4263736265625 0.79296875 0.4263736265625 0.78857421875 0.408791209375 0.7802734375 0.40586080625000004 0.77685546875 0.41978022031249995 0.7626953125 0.43882783906249995 0.7607421875 0.44468864531249996 0.7568359375 0.446153846875
3 0.7875 0.478125 0.02421875 0.02890625
4 0.740234375 0.6358974359375 0.75048828125 0.634432234375 0.74609375 0.566300365625 0.7568359375 0.5641025640625 0.765625 0.646153846875 0.7724609375 0.64981685 0.79638671875 0.64981685 0.8056640625 0.6483516484375 0.8095703125 0.6446886453125 0.8212890625 0.6102564109374999 0.81982421875 0.5963369968750001 0.81103515625 0.5890109890625 0.78564453125 0.5487179484375 0.771484375 0.53186813125 0.76123046875 0.524542125 0.744140625 0.521611721875 0.73974609375 0.5164835171875 0.73583984375 0.50549450625 0.732421875 0.5040293046875 0.72509765625 0.5326007328125 0.71875 0.541391940625 0.71533203125 0.55677655625 0.71630859375 0.602930403125 0.7314453125 0.628571428125 0.740234375 0.6358974359375
4 0.63916015625 0.725274725 0.642578125 0.7296703296875 0.654296875 0.7274725281250001 0.65966796875 0.7318681312499999 0.6708984375 0.7289377296875 0.67919921875 0.741391940625 0.6796875 0.7545787546875 0.6748046875 0.784615384375 0.66748046875 0.796336996875 0.65087890625 0.7992674 0.65185546875 0.80659340625 0.66943359375 0.8146520140625 0.6973876953125 0.8175824171875 0.7294921875 0.8681318687499999 0.73193359375 0.88058608125 0.7490234375 0.8915750921875001 0.76220703125 0.89450549375 0.76611328125 0.8776556781249999 0.76953125 0.8234432234375 0.76904296875 0.79340659375 0.76708984375 0.7853479859375 0.76953125 0.774358975 0.76904296875 0.7289377296875 0.77392578125 0.721611721875 0.77783203125 0.7304029296875 0.78466796875 0.771428571875 0.7890625 0.7772893765625 0.7919921875 0.7728937734375 0.79931640625 0.7421245421875 0.8017578125 0.71941391875 0.80078125 0.70622710625 0.775390625 0.6864468859375 0.76806640625 0.6849816843750001 0.76220703125 0.678388278125 0.75830078125 0.6798534796875 0.7509765625 0.6893772890625 0.73876953125 0.6901098906249999 0.728515625 0.6835164828125 0.72265625 0.6864468859375 0.7158203125 0.6769230765625001 0.6982421875 0.671794871875 0.68603515625 0.6512820515625 0.67822265625 0.6263736265625 0.65673828125 0.6073260078125 0.65380859375 0.60659340625 0.6357421875 0.6175824171875 0.6337890625 0.6205128203125 0.6318359375 0.6388278390625 0.63037109375 0.665201465625 0.63525390625 0.69304029375 0.63671875 0.7172161171875 0.63916015625 0.725274725
3 0.74453125 0.61875 0.02421875 0.0375
2 0.71796875 0.88515625 0.0328125 0.090625
4 0.50048828125 0.6043956046875001 0.5146484375 0.615384615625 0.5146484375 0.6549450546875 0.5263671875 0.6564102562499999 0.54248046875 0.66886446875 0.5576171875 0.6886446890625 0.56787109375 0.7098901093750001 0.57177734375 0.7289377296875 0.57080078125 0.7648351640625 0.57763671875 0.8322344328125 0.6044921875 0.824908425 0.62548828125 0.8102564109375001 0.62646484375 0.7992674 0.6171875 0.73113553125 0.61767578125 0.6886446890625 0.62255859375 0.671794871875 0.62890625 0.6117216125 0.63818359375 0.5919413921875 0.6376953125 0.5706959703125001 0.6357421875 0.5684981687499999 0.63134765625 0.5699633703125 0.62109375 0.5860805859375 0.615234375 0.5875457875000001 0.607421875 0.5875457875000001 0.59912109375 0.5772893765625 0.59326171875 0.5787545781250001 0.59130859375 0.583882784375 0.57470703125 0.5765567765624999 0.56494140625 0.5538461531250001 0.56201171875 0.540659340625 0.56396484375 0.4981684984375 0.5595703125 0.4761904765625 0.55517578125 0.4673992671875 0.548828125 0.46300366249999997 0.5458984375 0.46300366249999997 0.5400390625 0.4695970703125 0.53759765625 0.4820512828125 0.5283203125 0.4952380953125 0.5087890625 0.496703296875 0.49609375 0.515750915625 0.4892578125 0.5040293046875 0.48095703125 0.5260073265625 0.4794921875 0.53186813125 0.4794921875 0.59413919375 0.49609375 0.6043956046875001 0.50048828125 0.6043956046875001
2 0.59375 0.78515625 0.0265625 0.07109375
4 0.5869140625 1 0.59326171875 0.89304029375 0.58642578125 0.872527471875 0.55517578125 0.8278388281250001 0.54833984375 0.8073260078125 0.5458984375 0.8131868125 0.54345703125 0.841025640625 0.53466796875 0.8608058609375 0.52880859375 0.86886446875 0.52490234375 0.88131868125 0.5185546875 0.8835164828125001 0.51513671875 0.8791208796875001 0.5078125 0.8197802203125001 0.49951171875 0.7985347984375 0.49609375 0.7831501828125 0.4873046875 0.7736263734375 0.4794921875 0.75677655625 0.47265625 0.75018315 0.45458984375 0.7523809531250001 0.4326171875 0.7487179484375 0.419921875 0.7369963375 0.4150390625 0.734798534375 0.40966796875 0.7362637359375 0.4091796875 0.7831501828125 0.4072265625 0.8014652015625 0.40380859375 0.8131868125 0.4072265625 0.8183150187500001 0.42333984375 0.828571428125 0.42822265625 0.8358974359375001 0.42822265625 0.8637362640624999 0.41845703125 0.9230769234375 0.38916015625 1 0.5869140625 1
2 0.55078125 0.92265625 0.02421875 0.0375
4 0.37353515625 0.5948717953125 0.37744140625 0.59413919375 0.388671875 0.616117215625 0.390625 0.628571428125 0.39501953125 0.6366300359375 0.39990234375 0.728205128125 0.42138671875 0.7391941390625 0.4326171875 0.7487179484375 0.447265625 0.7509157515625 0.45556640625 0.7362637359375 0.46923828125 0.6989010984374999 0.46923828125 0.6549450546875 0.46240234375 0.6512820515625 0.4580078125 0.6417582421875 0.44287109375 0.6424908421875 0.43798828125 0.6351648359375 0.43896484375 0.6080586078125 0.44580078125 0.574358975 0.4443359375 0.56923076875 0.45458984375 0.540659340625 0.455078125 0.521611721875 0.45166015625 0.503296703125 0.45166015625 0.49304029375 0.45458984375 0.4871794875 0.45263671875 0.48131868125 0.43994140625 0.47399267343749996 0.435546875 0.460073259375 0.42724609375 0.45054945 0.4267578125 0.48351648281250004 0.4189453125 0.51868131875 0.41552734375 0.5179487171875 0.40185546875 0.5003663 0.390625 0.472527471875 0.38818359375 0.47179487187499997 0.37109375 0.4959706953125 0.36767578125 0.4959706953125 0.357421875 0.50622710625 0.35205078125 0.5326007328125 0.3515625 0.5772893765625 0.353515625 0.5934065937499999 0.3642578125 0.603663003125 0.37353515625 0.5948717953125
2 0.4421875 0.55546875 0.01875 0.02734375
2 0.42109375 0.69765625 0.028125 0.06640625
4 0.033203125 0.6483516484375 0.02978515625 0.674725275 0.03125 0.6827838828125 0.05908203125 0.6871794875 0.08154296875 0.6996336999999999 0.14501953125 0.7106227109375001 0.1484375 0.7164835171874999 0.15087890625 0.715018315625 0.1640625 0.703296703125 0.16796875 0.6959706953125 0.1689453125 0.6879120875 0.15625 0.6380952375 0.1494140625 0.6300366296875 0.14404296875 0.609523809375 0.146484375 0.5934065937499999 0.14697265625 0.566300365625 0.15625 0.5670329671875 0.1572265625 0.5728937734375 0.1611328125 0.5758241765625 0.1748046875 0.578021978125 0.1875 0.56923076875 0.197265625 0.552380953125 0.19677734375 0.5450549453125 0.193359375 0.539926740625 0.193359375 0.521611721875 0.20458984375 0.4981684984375 0.20751953125 0.4791208796875 0.19873046875 0.4608058609375 0.18994140625 0.45787545781250005 0.177734375 0.46813186875 0.16748046875 0.484249084375 0.1640625 0.4798534796875 0.16162109375 0.46666666718750005 0.16162109375 0.428571428125 0.16552734375 0.40659340625 0.16455078125 0.4 0.1591796875 0.40293040312499995 0.1220703125 0.40512820468750005 0.10107421875 0.41611721562500004 0.0859375 0.4366300359375 0.0517578125 0.50549450625 0.03271484375 0.55018315 0.02490234375 0.583882784375 0.017578125 0.6366300359375 0.01806640625 0.660073259375 0.021484375 0.6571428578125 0.02294921875 0.6483516484375 0.033203125 0.6483516484375
2 0.15078125 0.6640625 0.02109375 0.06875