4 0.5478743125000001 1 0.5536876171875 0.9833763265625001 0.5863315 0.9636840984375 0.6024298390625 0.9404114765625 0.6019826703125 0.927880071875 0.6001939578125 0.8878988906249999 0.610031821875 0.8115169468750001 0.594380653125 0.7995822671874999 0.5769407703125 0.8007757171875 0.56889161875 0.8109202 0.5639726859375 0.782276928125 0.5599480921875 0.7667618765624999 0.55905371875 0.7118623687500001 0.5657613640625 0.6867995140625001 0.5729162109375 0.6838158453125 0.5872258390625 0.6575595859375001 0.5872258390625 0.6325439765625 0.5747048890625 0.6068844421875 0.5465328046875 0.5806281390625 0.509417159375 0.5513881656249999 0.48974139531249994 0.5495979453125 0.44815402187500003 0.5543718359375001 0.40835529218750005 0.57943464375 0.41327425937499995 0.64268848125 0.42087624218749997 0.681476190625 0.428925428125 0.7292148843749999 0.4271367515625 0.744133234375 0.4235593265625 0.812160915625 0.40880249687500003 0.8055968515625 0.3891267671875 0.8097739718750001 0.380183240625 0.8282727375000001 0.3864436828125 0.8664636984375 0.3891267671875 0.9040579453124999 0.3913626484375 0.9213632296875 0.391809784375 0.9500064671875 0.396281546875 0.9643280796875 0.41327425937499995 0.982193353125 0.44681247968750004 0.9983051749999999 0.48499045625 1 0.491977278125 0.9803926562499999 0.5022623453125 0.942798421875 0.526857040625 0.9410082015624999 0.526857040625 0.9165421171875 0.539377990625 0.945782090625 0.5469799734375 0.964280834375 0.5398251593750001 1 0.5478743125000001 1
1 0.42177058125 0.10981372812500001 0.428925428125 0.1838087734375 0.4195347 0.2613841890625 0.41998190312499994 0.28943066875 0.4168516828125 0.331202046875 0.42087624218749997 0.359845284375 0.4137214625 0.57443503125 0.45352012343750003 0.555936275 0.49555470156250003 0.5493721984375 0.5210437359375 0.5565330109375 0.55189890625 0.5821925796875 0.590094446875 0.6278563734375 0.56263114375 0.3898814921875 0.552793278125 0.29500078125 0.5317759734374999 0.23294044062500002 0.5299872609375 0.19892662187500001 0.5214909390625 0.1771641953125 0.48750551406250003 0.1819380859375 0.4790091921875 0.0877345890625 0.4615693109375 0.0746064609375 0.42445366562500003 0.08117052500000001 0.42177058125 0.10981372812500001
2 0.53203125 0.59140625 0.03515625 0.08203125
3 0.46640625 0.903125 0.0375 0.0296875
4 0.781895553125 0.6771367078125 0.7569534250000001 0.6706195625 0.75555805625 0.649671590625 0.753290590625 0.6340769859375001 0.7543371171875 0.6215081984374999 0.751895228125 0.602887778125 0.7480579765625001 0.6010257296875 0.7129994609375 0.6005602265625 0.7025342328125 0.60614635625 0.69137131875 0.6112669640624999 0.703580753125 0.6673609859375 0.704627271875 0.68691243125 0.6966039328125 0.6876106953125001 0.6918945859375001 0.691334775 0.7056737921875 0.7309031734375 0.7143948171875001 0.73928235625 0.7292205578125001 0.7427736859375 0.7304317 0.7376642 0.7335810703125001 0.7164723375000001 0.7423020953125 0.72624806875 0.7508487078125 0.73928235625 0.7515463859375 0.748825325 0.75381385 0.7416099093749999 0.7578255265625 0.7362565421875 0.7641046625000001 0.7339289890625 0.770383796875 0.72531704375 0.7750931515625 0.7132137734375 0.781895553125 0.6771367078125
3 0.715625 0.70703125 0.009375 0.0125
3 0.728125 0.63828125 0.01171875 0.021875
1 0.7152695375 0.551378421875 0.7173052890625 0.5614298843750001 0.71588026875 0.5763712187500001 0.7091622796875 0.5380670375000001 0.70610865 0.5000345234375 0.7054979343750001 0.4933170953125 0.6871761609375 0.49684869374999996 0.688397609375 0.5283613453125 0.6902297890625 0.5552557703125001 0.6928762578125001 0.5598740062500001 0.6920619703125 0.6087729546875 0.701426428125 0.604426375 0.7138445171875001 0.5987215015625 0.7236161359375 0.5998081390625 0.7492551656249999 0.599806784375 0.7472308625 0.586965975 0.74214148125 0.5790878265625 0.740105728125 0.569308021875 0.734405615625 0.5511067656249999 0.7333877390625 0.539425340625 0.728094784375 0.51742081875 0.7187303265625 0.5147042109375 0.7107908875 0.522310721875 0.7120123359375 0.5318188515625 0.7152695375 0.551378421875
0 0.6851288765625 0.46275639843749994 0.678471875 0.4660394015625 0.6749986515625 0.47357099687500004 0.680497921875 0.4768540203125 0.6853315875 0.48559377187499997 0.6916411640625 0.48361315468750005 0.6935224953125 0.48071638281249995 0.6936672109375001 0.4772402578125 0.69482494375 0.47781961093750003 0.6967062765625001 0.48148885156250004 0.6974298640625001 0.48477186093749997 0.6985876078125 0.47839896406250004 0.6964168453124999 0.4704811234375 0.6951143859375 0.4668118625 0.6851288765625 0.46275639843749994
0 0.708283675 0.48728239531249995 0.7079942453125 0.49288282343749995 0.7095861359375 0.5044699109375 0.7115660171875 0.5073068203125 0.7162431375 0.5087185109375 0.7188480578124999 0.5079460359375 0.72246599375 0.5033112046875 0.7226107093749999 0.5102634546875 0.7234790125 0.5073666828125 0.724057884375 0.5013800234375 0.7230448546875 0.4895998140625 0.717111440625 0.4851580984375 0.712480484375 0.4853512140625 0.708283675 0.48728239531249995
0 0.5110178796875 0.1492516828125 0.4991734109375 0.1620179296875 0.48596229375 0.1717445828125 0.48550672656250005 0.1826870859375 0.494845640625 0.1744802109375 0.5058668328125 0.17060478437499998 0.5101067640625 0.17052875781250001 0.515801215625 0.175392084375 0.5274178921875 0.18815833125 0.5312901296875 0.186030621875 0.541084575 0.1738722921875 0.550195696875 0.1608020921875 0.550195696875 0.15381105625 0.5463234781249999 0.1480358453125 0.5276456671875 0.1449962625 0.5110178796875 0.1492516828125
0 0.42308736874999997 0.10871648125 0.42308736874999997 0.1038531546875 0.41306513125000005 0.08409587187499999 0.41648180156250003 0.08044837031249999 0.42855402812500004 0.072241496875 0.4376651515625 0.06889793749999999 0.4440717078125 0.073774925 0.440626271875 0.05035650312499999 0.42946514375 0.036678384375 0.416254028125 0.026647776562499996 0.400309546875 0.0245200546875 0.397348425 0.0336388015625 0.3982595578125 0.052788178124999995 0.40213177812499995 0.07315338125000001 0.40987621875 0.086527534375 0.42308736874999997 0.10871648125