4 0.203125 0.4390625 0.16171875 0.26484375
4 0.31796875 0.3890625 0.14453125 0.2625
4 0.06328125 0.4109375 0.078125 0.12578125
1 0.23515625 0.69453125 0.1640625 0.325
1 0.34296875 0.66328125 0.1328125 0.2765625
1 0.075 0.5171875 0.05546875 0.128125
0 0.15625 0.7921875 0.0609375 0.08828125
0 0.28984375 0.878125 0.07109375 0.06953125
0 0.40859375 0.80703125 0.08203125 0.053125
3 0.34375 0.31953125 0.0140625 0.021875
2 0.25625 0.45703125 0.03359375 0.046875
2 0.06875 0.4125 0.01484375 0.0234375
3 0.08046875 0.38359375 0.01015625 0.01328125