1 0.434375 0.35625 0.3265625 0.215625
1 0.35 0.52890625 0.334375 0.2515625
1 0.44296875 0.83046875 0.284375 0.1859375
4 0.63359375 0.51484375 0.2796875 0.1515625
4 0.709375 0.803125 0.315625 0.215625
3 0.76015625 0.74296875 0.0203125 0.015625
2 0.54453125 0.46875 0.0625 0.0296875
0 0.30078125 0.27890625 0.0734375 0.0703125
0 0.26640625 0.43671875 0.0484375 0.078125
0 0.18828125 0.46015625 0.0625 0.0890625
0 0.23515625 0.61328125 0.0453125 0.0828125
0 0.284375 0.809375 0.05625 0.0921875
0 0.3359375 0.9203125 0.103125 0.071875
0 0.33671875 0.67109375 0.0484375 0.0640625
0 0.371875 0.26953125 0.0515625 0.0546875