1 0.29533420625 0.5111619171874999 0.2943105171875 0.51730405 0.2943105171875 0.5295883156250001 0.296130953125 0.549319728125 0.296130953125 0.5644841265625 0.3005952375 0.6164021156249999 0.30034722187499996 0.6319444437499999 0.3033234125 0.6541005296875 0.30654761875 0.6570767203125001 0.318204365625 0.65608465625 0.33482142812500004 0.6458333328125 0.3422619046875 0.61276455 0.34325396874999997 0.5916005296875 0.3417658734375 0.5826719578125 0.3470304875 0.5213988046875 0.36631944375000003 0.41765872968749995 0.362103175 0.415343915625 0.349454365625 0.41468253906249997 0.3323412703125 0.41765872968749995 0.309523809375 0.41798941875000006 0.2790178578125 0.415343915625 0.2708333328125 0.41832010625000005 0.2673611109375 0.42592592656250006 0.2698412703125 0.4391534390625 0.2762896828125 0.45899470937500003 0.2867063484375 0.484788359375 0.29533420625 0.5111619171874999
0 0.325396825 0.6871693125 0.3415178578125 0.6858465609375 0.35491071406249997 0.677579365625 0.35491071406249997 0.6736111109375 0.35342261875 0.6699735453125 0.3454861109375 0.6550925921874999 0.33779761875 0.646164021875 0.3328373015625 0.646164021875 0.328125 0.6491402109375 0.3244047625 0.653769840625 0.3125 0.6580687828125 0.311755953125 0.666005290625 0.31572420625 0.677579365625 0.3201884921875 0.683862434375 0.325396825 0.6871693125
0 0.35600773750000003 0.6507332671875 0.36369622968750004 0.6461036375 0.3661763890625 0.6411433203125 0.36568035781249997 0.6368443781249999 0.3634482140625 0.6332068125 0.352007828125 0.6311705515625 0.3441029765625 0.6232861765625 0.3386466265625 0.624278240625 0.3356704359375 0.62791580625 0.3356704359375 0.6414740078125 0.3366625 0.6447808859374999 0.342862896875 0.6507332671875 0.35600773750000003 0.6507332671875
4 0.45362103125 0.322420634375 0.4546272953125 0.32199453125 0.455853175 0.32903439218749997 0.4541170640625 0.353835978125 0.459821428125 0.3799603171875 0.4608134921875 0.4126984125 0.4623015875 0.41964285781250005 0.471230159375 0.41997354531250003 0.5014880953125 0.4117063484375 0.525545634375 0.4077380953125 0.5446428578125 0.3991402109375 0.5513392859375 0.3928571421875 0.547619046875 0.3766534390625 0.5354662703125 0.36375661406250004 0.5329861109375 0.359457671875 0.531001984375 0.3382936515625 0.528769840625 0.32771164062499997 0.5290178578125 0.31812169375 0.5264663609375 0.302201234375 0.54078115625 0.298313265625 0.5488591265625 0.28802910000000004 0.5533234125 0.2830687828125 0.52567109375 0.22373494843750003 0.5138888890625 0.21858465625 0.50525925625 0.21595901093749997 0.49545097031249996 0.2053554578125 0.49925595312500004 0.21626984062500001 0.495716059375 0.23398504843749998 0.4922699046875 0.2421144390625 0.47991071406249997 0.234457671875 0.46676587343750003 0.2265211640625 0.46279761875 0.2202380953125 0.44717261875 0.23379629687499998 0.437748015625 0.24404761874999997 0.4327876984375 0.259589946875 0.4320436515625 0.272156084375 0.42881944375 0.2830687828125 0.4298115078125 0.302579365625 0.43154761875 0.313161375 0.43660125625 0.31492549687500004 0.45362103125 0.322420634375
3 0.51875 0.2546875 0.0140625 0.0171875
4 0.285002321875 0.194068859375 0.2832591875 0.1952309484375 0.28238762031250003 0.20278452656249998 0.27672243750000003 0.2080139265625 0.2693141203125 0.214405415625 0.25231856874999997 0.219053771875 0.24142398437499998 0.22951257187500002 0.234887234375 0.2463628625 0.22660735 0.303305221875 0.2340156671875 0.30156208906250004 0.2392450671875 0.30156208906250004 0.2505754359375 0.2963326890625 0.26277736875 0.3004 0.25624061875000004 0.33642475781250003 0.26016266875 0.40382591874999996 0.26059845312499996 0.42474352031249996 0.267135203125 0.42183829843750004 0.271057253125 0.39569129531249997 0.272364603125 0.41835203125 0.2828234046875 0.4142847203125 0.32422282343750003 0.41835203125 0.3460119921875 0.41486576406250003 0.36954429375000003 0.413703675 0.3625717609375 0.377097871875 0.3582139265625 0.337005803125 0.30374100625 0.32770909062500003 0.30897040625 0.2847117984375 0.349062475 0.2806444875 0.3608286265625 0.288779109375 0.3678011609375 0.297494778125 0.380438878125 0.3004 0.3826177953125 0.3056294 0.3795673109375 0.2847117984375 0.3608286265625 0.2463628625 0.349498259375 0.2254452609375 0.3268375234375 0.21614855 0.32030077343749996 0.2184727265625 0.32030077343749996 0.228931528125 0.31681450624999996 0.2359040625 0.3189934234375 0.2428765953125 0.3054841390625 0.23067466093750003 0.29981895625 0.2231210828125 0.2858738875 0.2010413921875 0.285002321875 0.194068859375
3 0.34921875 0.2640625 0.01328125 0.01875
2 0.49765625 0.3390625 0.0140625 0.03359375
2 0.340625 0.3671875 0.0234375 0.03828125
2 0.396875 0.37421875 0.01640625 0.034375
4 0.0560515875 0.3753306875 0.052579365625 0.3885582015625 0.053819443749999994 0.40410052968750004 0.056547618749999994 0.40608465625 0.0639880953125 0.40674603125 0.0830853171875 0.40608465625 0.106646825 0.4007936515625 0.12177579375 0.39351851875 0.11780753906250001 0.372354496875 0.115575396875 0.36838624375 0.110119046875 0.3458994703125 0.1061574984375 0.3363642078125 0.1113591265625 0.334656084375 0.1201726734375 0.3276171484375 0.118799603125 0.31812169375 0.10813492031250001 0.2827380953125 0.10565476250000001 0.278769840625 0.08779761875 0.26818783125 0.08379285625 0.28229147499999996 0.078127146875 0.28268906875 0.07118055625 0.2754629625 0.06423611093750001 0.2635582015625 0.0448908734375 0.278108465625 0.0391865078125 0.2890211640625 0.0313104984375 0.32244843125 0.0408527453125 0.3240388046875 0.0566570921875 0.330400303125 0.0560515875 0.3753306875
3 0.10078125 0.2984375 0.009375 0.0109375
3 0.140625 0.27421875 0.009375 0.01015625
2 0.07421875 0.359375 0.01484375 0.02109375
2 0.14453125 0.3328125 0.01328125 0.02109375
0 0.5176091265625 0.6084656078124999 0.521825396875 0.60648148125 0.5228174609375 0.603835978125 0.521825396875 0.5955687828125 0.512648809375 0.5694444437499999 0.5039682546875001 0.5694444437499999 0.5012400796875001 0.572089946875 0.500744046875 0.5744047625 0.493799603125 0.578373015625 0.493799603125 0.5925925921874999 0.4982638890625 0.603835978125 0.5086805562500001 0.6084656078124999 0.5176091265625 0.6084656078124999
1 0.47569444375 0.49140211562499997 0.4789186515625 0.5142195765625 0.486855159375 0.54431216875 0.4923115078125 0.5575396828125 0.49131944375 0.563161375 0.4895833328125 0.5648148140625 0.49032738125 0.5664682546875001 0.5014880953125 0.5697751328125 0.5133928578125 0.5671296296875 0.5176091265625 0.5628306875 0.518353175 0.55654761875 0.5091765875 0.5330687828125 0.5114087296875 0.525132275 0.525049603125 0.5132275125 0.5458829359374999 0.484126984375 0.5508432546875001 0.4761904765625 0.5560515875 0.45899470937500003 0.5558035718750001 0.44742063437499996 0.5533234125 0.43353174531249994 0.5538194437499999 0.41931216875 0.5515873015625 0.4110449734375 0.552579365625 0.4080687828125 0.5508358609374999 0.395332403125 0.528054378125 0.4080265640625 0.48635912656249997 0.415674603125 0.466269840625 0.41964285781250005 0.46651785781250005 0.4269179890625 0.474950396875 0.45502645468749997 0.4761904765625 0.46668320156250004 0.47569444375 0.49140211562499997
1 0.0761408734375 0.5016534390625 0.0801091265625 0.5175264546875 0.083829365625 0.5267857140625 0.0915178578125 0.5267857140625 0.09548611093750001 0.5238095234375 0.099950396875 0.5175264546875 0.099454365625 0.5013227515625001 0.09452788437500001 0.4250275859375 0.10913945 0.511702996875 0.11659433125 0.522438025 0.1398535578125 0.5144861515625 0.1377661921875 0.510907809375 0.12673611093749998 0.4229497359375 0.12475198437499999 0.4080687828125 0.12047086874999999 0.39322009687500004 0.11483134843750001 0.39649470937500003 0.09250992031250001 0.403769840625 0.0580357140625 0.40608465625 0.055803571875 0.4074074078125 0.059523809375 0.4229497359375 0.0647321421875 0.43551587343750003 0.0734126984375 0.47982804218749997 0.0761408734375 0.5016534390625
0 0.093005953125 0.54365079375 0.09920634843750001 0.540674603125 0.099454365625 0.534722221875 0.0959821421875 0.5248015875 0.08680555625 0.5264550265625 0.083829365625 0.525132275 0.0828373015625 0.528439153125 0.08209325468749999 0.5380290999999999 0.08358134843750001 0.5423280421875 0.08779761875 0.54398148125 0.093005953125 0.54365079375
0 0.1230158734375 0.547619046875 0.1289682546875 0.5446428578125 0.1304563484375 0.5419973546875 0.1383928578125 0.5393518515625 0.1421130953125 0.5363756609375 0.146329365625 0.5291005296875 0.146825396875 0.525132275 0.146329365625 0.5224867718749999 0.1386408734375 0.5208333328125 0.1264880953125 0.521494709375 0.11681547656249999 0.5261243390625 0.11532738125 0.5297619046875 0.11507936562500001 0.537367725 0.11656746093749999 0.5449735453125 0.118799603125 0.547288359375 0.1230158734375 0.547619046875