1 0.425 0.51484375 0.25 0.165625
1 0.4953125 0.696875 0.221875 0.146875
1 0.4609375 0.59765625 0.1875 0.1125
4 0.6671875 0.65 0.221875 0.146875
3 0.70703125 0.6359375 0.01875 0.015625
4 0.6265625 0.559375 0.209375 0.134375
3 0.65859375 0.54375 0.01875 0.0171875
4 0.63828125 0.4625 0.2484375 0.15
3 0.68671875 0.44765625 0.0203125 0.015625
2 0.61640625 0.48984375 0.03125 0.021875
2 0.59375 0.58671875 0.03125 0.021875
2 0.63515625 0.67265625 0.03125 0.01875
0 0.39375 0.75859375 0.0421875 0.059375
0 0.38203125 0.6859375 0.0421875 0.0421875
0 0.325 0.59765625 0.04375 0.0625
0 0.35703125 0.60859375 0.04375 0.0390625
0 0.32109375 0.5 0.0296875 0.0296875
0 0.3828125 0.6046875 0.0453125 0.0234375