4 0.7125 0.696875 0.38125 0.2421875
1 0.29375 0.509375 0.375 0.2109375
1 0.35 0.31953125 0.3953125 0.15
1 0.1848095671875 0.35653018125 0.1477189625 0.3489451421875 0.1264746265625 0.3474431546875 0.11611938749999999 0.3491838625 0.10893149687499999 0.35266630781249997 0.10071761093750001 0.353697184375 0.09589151875 0.3527590859375 0.0916791171875 0.35381705937499996 0.0923631140625 0.3554514390625 0.098768115625 0.3585732265625 0.10495267187499999 0.365405725 0.10485378125 0.3736443390625 0.1025622875 0.377703190625 0.0881162 0.3850297734375 0.082577525 0.39033421874999996 0.09331648125 0.39692593593750003 0.1641897328125 0.41107765625 0.1883297234375 0.4131425015625 0.23597695624999998 0.4205274046875 0.2820548078125 0.4231029765625 0.2978403 0.42692207812499994 0.3121267203125 0.425570159375 0.3315109234375 0.4263352171875 0.3566066046875 0.43121332343749996 0.365021878125 0.43172301874999996 0.3708131890625 0.432848734375 0.377147884375 0.4363322125 0.3828688890625 0.43781961875000003 0.46669275624999995 0.457491534375 0.49366762656249996 0.4578552875 0.5123583046875 0.4596116046875 0.521265715625 0.45758946875 0.524723815625 0.45525880625 0.5247941203125001 0.45489711718750003 0.519711790625 0.4295110578125 0.518062575 0.4276890578125 0.486613140625 0.42457875781250004 0.474468075 0.42522084531250004 0.46281514843749993 0.4233311015625 0.436894859375 0.417541996875 0.42146089375000007 0.4119144453125 0.405192790625 0.40800153281249996 0.3997530078125 0.4050673640625 0.4017310890625 0.3923143984375 0.399819709375 0.38668787656250003 0.383270384375 0.3842217265625 0.37850506875 0.3855475796875 0.32188965 0.3779208625 0.21073938593750002 0.359693646875 0.1848095671875 0.35653018125
4 0.62734375 0.55390625 0.3921875 0.24375
2 0.58828125 0.56875 0.0640625 0.040625
4 0.7390625 0.42734375 0.296875 0.2015625
2 0.65546875 0.44375 0.0703125 0.046875
2 0.68125 0.7171875 0.0609375 0.040625
3 0.77578125 0.76953125 0.046875 0.0296875
3 0.70703125 0.6265625 0.0328125 0.0203125
3 0.7765625 0.49296875 0.0375 0.0296875
1 0.3546875 0.65859375 0.4140625 0.1984375
0 0.1453125 0.28125 0.046875 0.05625
0 0.07578125 0.37109375 0.0578125 0.05
0 0.15703125 0.43359375 0.06875 0.0484375
0 0.0828125 0.5375 0.059375 0.071875
0 0.11171875 0.6234375 0.0859375 0.0625
0 0.18203125 0.58984375 0.0796875 0.0578125
0 0.19765625 0.68046875 0.0578125 0.0671875
1 0.65390625 0.05234375 0.178125 0.09375