4 0.30234375 0.2109375 0.12421875 0.2859375
3 0.246875 0.23359375 0.01328125 0.01328125
4 0.47421875 0.21796875 0.15390625 0.33984375
3 0.4578125 0.16015625 0.02109375 0.025
2 0.43515625 0.2765625 0.0296875 0.053125
1 0.48203125 0.496875 0.1421875 0.2578125
0 0.434375 0.63671875 0.0828125 0.04609375
0 0.54140625 0.584375 0.02890625 0.0390625
1 0.3203125 0.44765625 0.08671875 0.21484375
0 0.33515625 0.56953125 0.06171875 0.0546875
0 0.36796875 0.48046875 0.03515625 0.07421875
3 0.2984375 0.1734375 0.01484375 0.025
0 0.30234375 0.67890625 0.090625 0.0484375