1 0.5796875 0.63125 0.15703125 0.49453125
4 0.584375 0.2078125 0.26875 0.4078125
0 0.575 0.88828125 0.05 0.03984375
0 0.62890625 0.69609375 0.03359375 0.05234375
1 0.18203125 0.409375 0.1375 0.3828125
0 0.21328125 0.57109375 0.03046875 0.040625
0 0.159375 0.61328125 0.03359375 0.0265625
0 0.5359375 0.72734375 0.01875 0.04453125
0 0.01640625 0.45 0.0328125 0.02734375
1 0.02578125 0.321875 0.0515625 0.23359375
4 0.1765625 0.13515625 0.16875 0.23125
2 0.1984375 0.1484375 0.01953125 0.04140625
4 0.03671875 0.1328125 0.0703125 0.16640625
3 0.034375 0.0890625 0.015625 0.01640625
3 0.6375 0.125 0.03125 0.05