4 0.6234375 0.45390625 0.13984375 0.32109375
2 0.59765625 0.46796875 0.0234375 0.053125
4 0.48984375 0.525 0.1546875 0.328125
2 0.50625 0.5359375 0.021875 0.05625
4 0.31787109375 0.60659340625 0.33740234375 0.6205128203125 0.337890625 0.6849816843750001 0.34130859375 0.7289377296875 0.34814453125 0.7362637359375 0.35546875 0.7369963375 0.357421875 0.734798534375 0.3564453125 0.7289377296875 0.36376953125 0.722344321875 0.375 0.7230769234375 0.38427734375 0.7113553109375 0.40185546875 0.7040293046875 0.416015625 0.6835164828125 0.42041015625 0.6864468859375 0.42578125 0.6857142859375001 0.427734375 0.6886446890625 0.4287109375 0.7157509156249999 0.439453125 0.739926740625 0.4462890625 0.7487179484375 0.4638671875 0.7523809531250001 0.466796875 0.747252746875 0.4677734375 0.7355311359375001 0.4580078125 0.715018315625 0.44970703125 0.6358974359375 0.44775390625 0.60586080625 0.4482421875 0.5509157515625 0.44287109375 0.4608058609375 0.4384765625 0.4571428578125 0.41552734375 0.4520146515625 0.40576171875 0.43882783906249995 0.400390625 0.43882783906249995 0.39990234375 0.4791208796875 0.39794921875 0.484249084375 0.39501953125 0.484249084375 0.37841796875 0.4673992671875 0.3662109375 0.4483516484375 0.35498046875 0.4373626375 0.34130859375 0.46300366249999997 0.31298828125 0.49157509218750006 0.3076171875 0.5047619046875 0.30810546875 0.5391941390625 0.3046875 0.603663003125 0.30712890625 0.6080586078125 0.31787109375 0.60659340625
2 0.4046875 0.659375 0.03203125 0.06796875
3 0.43046875 0.515625 0.02109375 0.0265625
3 0.528125 0.46953125 0.0140625 0.0328125
3 0.61875 0.384375 0.01875 0.03046875
1 0.43984375 0.85859375 0.2 0.2828125
1 0.6484375 0.75625 0.10859375 0.3578125
0 0.5921875 0.925 0.0734375 0.0609375
0 0.66484375 0.9328125 0.08671875 0.0515625
4 0.95 0.1328125 0.1 0.21953125
1 0.9390625 0.353125 0.121875 0.2375