4 0.784722221875 0.9021164015625001 0.80282738125 0.90641534375 0.8164682546875 0.9117063484375001 0.8226686515624999 0.9196428578125 0.825396825 0.91931216875 0.824652778125 0.8680555562500001 0.82762896875 0.8578042328125 0.8298611109375 0.8422619046875001 0.8318452375 0.840277778125 0.8363095234375001 0.846230159375 0.84697420625 0.853835978125 0.8544146828124999 0.8624338625 0.8665674609374999 0.89384920625 0.8707837296875001 0.912367725 0.87177579375 0.9133597890624999 0.91220238125 0.8852513234374999 0.9169146828124999 0.8799603171875001 0.919394840625 0.875 0.9201388890625 0.853174603125 0.918898809375 0.8341049375 0.918898809375 0.7968474421875 0.9203869046875001 0.7804232796874999 0.91865079375 0.7754629625 0.9139384921874999 0.771494709375 0.902777778125 0.7678571421875 0.89012896875 0.76884920625 0.8856646828124999 0.7708333328125 0.8836805562500001 0.7738095234375 0.8819444437499999 0.7738095234375 0.8802083328125001 0.7698412703125 0.8759920640625 0.7496693125 0.8702876984374999 0.7394179890625 0.8613591265625 0.7331349203124999 0.8457341265625 0.7291666671875 0.8358134921874999 0.71891534375 0.8358134921874999 0.7169312171875 0.8447420640625 0.7050264546875 0.86904761875 0.690145503125 0.872271825 0.6861772484374999 0.8727678578125 0.6365740734374999 0.872023809375 0.63128306875 0.8705357140625001 0.628637565625 0.862103175 0.622354496875 0.8544146828124999 0.61937830625 0.843998015625 0.6177248671875 0.7983630953125 0.6147486765625 0.7795138890625 0.6240079359374999 0.7757936515625 0.6319444437499999 0.77157738125 0.637896825 0.765873015625 0.6554232796874999 0.7581845234375 0.6861772484374999 0.756200396875 0.700396825 0.7705853171875 0.73082010625 0.7728174609375 0.74371693125 0.780505953125 0.7450396828125 0.784226190625 0.8802910046875001 0.7827380953125 0.8816137562499999 0.7827380953125 0.8998015875 0.784722221875 0.9021164015625001
3 0.86796875 0.8203125 0.02421875 0.03203125
2 0.81328125 0.703125 0.0328125 0.059375
2 0.50390625 0.64609375 0.0234375 0.0609375
3 0.496875 0.85078125 0.01953125 0.02890625
0 0.796130953125 0.3485449734375 0.800347221875 0.3571428578125 0.800347221875 0.341269840625 0.8015873015625001 0.334656084375 0.8060515875 0.31911375625 0.809523809375 0.3111772484375 0.81299603125 0.30687830625 0.8298611109375 0.30621693125 0.8318452375 0.3075396828125 0.8323412703124999 0.30919312187500003 0.8301091265625 0.31580687812499997 0.8234126984374999 0.3323412703125 0.8266369046875001 0.32903439218749997 0.8373015875 0.30621693125 0.8373015875 0.3015873015625 0.8395337296875001 0.29332010625 0.8395337296875001 0.283730159375 0.8387896828124999 0.2800925921875 0.8363095234375001 0.2757936515625 0.830853175 0.27447089999999996 0.82490079375 0.27678571406249997 0.812748015625 0.2867063484375 0.810019840625 0.290674603125 0.8080357140625001 0.2956349203125 0.80654761875 0.308862434375 0.8010912703124999 0.3174603171875 0.797619046875 0.32771164062499997 0.7948908734375 0.3389550265625 0.7951388890625 0.34424603125000003 0.796130953125 0.3485449734375
0 0.7420634921875 0.3333333328125 0.752480159375 0.3330026453125 0.7576884921875 0.33101851875 0.7646329359374999 0.33201058125 0.76884920625 0.340608465625 0.7740575390625 0.3647486765625 0.775545634375 0.36937830625 0.7765376984375 0.36871693125 0.777777778125 0.36375661406250004 0.7772817453124999 0.353174603125 0.765625 0.3144841265625 0.762648809375 0.3075396828125 0.7522321421875 0.3009259265625 0.7455357140625 0.3022486765625 0.740575396875 0.30588624375 0.7393353171875 0.30820105781249996 0.7390873015625 0.3227513234375 0.7420634921875 0.3333333328125
0 0.6517857140625 0.2390873015625 0.658978175 0.2384259265625 0.6788194437499999 0.2387566140625 0.68427579375 0.2423941796875 0.68700396875 0.2549603171875 0.690476190625 0.25892857187499996 0.6991567453124999 0.2605820109375 0.7118055562500001 0.2513227515625 0.7299107140625 0.25099206406249996 0.73387896875 0.2486772484375 0.7410714281249999 0.2384259265625 0.7433035718750001 0.2255291 0.7413194437499999 0.2195767203125 0.737103175 0.2146164015625 0.7289186515625 0.208664021875 0.721478175 0.2053571421875 0.706597221875 0.2020502640625 0.6857638890625 0.20039682499999997 0.6820436515625 0.1980820109375 0.6736111109375 0.196759259375 0.67237103125 0.19510582031249998 0.65947420625 0.1954365078125 0.6517857140625 0.1984126984375 0.6475694437499999 0.20271164062499997 0.6475694437499999 0.22949735468750002 0.65029761875 0.24041005312500002 0.6517857140625 0.2390873015625
0 0.4766865078125 0.3177910046875 0.5089285718750001 0.3177910046875 0.5091765875 0.3148148140625 0.5133928578125 0.30820105781249996 0.5265376984375 0.2926587296875 0.54365079375 0.2791005296875 0.5548115078125 0.2738095234375 0.5580357140625 0.2668650796875 0.5582837296875 0.2572751328125 0.5545634921875 0.2519841265625 0.550347221875 0.2503306875 0.5329861109375 0.2516534390625 0.518353175 0.25661375625 0.5039682546875001 0.2678571421875 0.484623015625 0.2741402109375 0.4764384921875 0.278108465625 0.4751984125 0.2800925921875 0.474950396875 0.28802910000000004 0.47594246093750003 0.2926587296875 0.4764384921875 0.3164682546875 0.4766865078125 0.3177910046875
0 0.42881944375 0.252976190625 0.440476190625 0.2523148140625 0.45362103125 0.25628306875 0.46949404687499996 0.26818783125 0.47271825468750006 0.2734788359375 0.4766865078125 0.2741402109375 0.4893353171875 0.25429894218750004 0.49007936562500004 0.2503306875 0.505704365625 0.2387566140625 0.5205853171875 0.2331349203125 0.5223214281249999 0.228835978125 0.5238095234375 0.21891534375 0.521825396875 0.21362433906249997 0.5193452375 0.21064814843750002 0.5101686515625 0.20800264531249998 0.4861111109375 0.20667989375 0.47073412656249997 0.209656084375 0.4518849203125 0.22123015937499999 0.44444444375 0.22123015937499999 0.430803571875 0.227513228125 0.4270833328125 0.234457671875 0.4268353171875 0.2513227515625 0.42881944375 0.252976190625
1 0.6864426546875 0.5549683562500001 0.7079838921875 0.555621603125 0.73001469375 0.5588878859374999 0.7471497625 0.565420465625 0.75694123125 0.5804453406250001 0.75694123125 0.5660737124999999 0.7471497625 0.52491853125 0.7378478609375 0.45959285781250003 0.7305042609375 0.41059860312499996 0.7207127921875001 0.38120205 0.717775359375 0.3420066703125 0.706025590625 0.311956821875 0.694275821875 0.2629625671875 0.681546921875 0.23879208749999997 0.654620384375 0.2407518765625 0.6497246515625 0.2479376921875 0.6575578171875 0.3041177609375 0.64140188125 0.31065032812500004 0.64140188125 0.3197959328125 0.6458080484375001 0.3315545234375 0.6428706156249999 0.3478859421875 0.64874548125 0.36095105156249996 0.648255915625 0.38512160624999997 0.652662084375 0.42235724374999994 0.6555995171875 0.4471809953125 0.654620384375 0.499441534375 0.6507517765624999 0.5648597265624999 0.6864426546875 0.5549683562500001
1 0.2516503625 0.5267514171875 0.279654496875 0.5274564578125001 0.3108289015625 0.53450683125 0.33354919843749997 0.543672284375 0.355741165625 0.5549529109375 0.3626100765625 0.4816290171875 0.372120925 0.243326371875 0.34358841875 0.2398011859375 0.32773703125 0.2285205984375 0.2907504609375 0.1953838640625 0.2828247671875 0.21300979843749998 0.27120043125 0.26095230625 0.27120043125 0.2616573859375 0.26750175 0.31312510625 0.260632840625 0.36670793437500004 0.24213955468749998 0.40336988125 0.23685575937499997 0.43509656249999995 0.22364626875 0.47105345625000006 0.21836247343749998 0.502075109375 0.21746453125 0.53124896875 0.2516503625 0.5267514171875
1 0.428843059375 0.4942885765625 0.476808190625 0.502585115625 0.48480235625 0.5132520625 0.4999024921875 0.5233264109375 0.49501716250000005 0.5665868296875 0.5101173 0.580216825 0.512782021875 0.57073509375 0.5118937578125 0.517992915625 0.515002628125 0.467621196875 0.51144964375 0.425546015625 0.5038995921875 0.37872993906249997 0.5110055296875 0.3402103890625 0.5092290359375 0.32361735625 0.4932406703125 0.3088021453125 0.47636404218750006 0.293986934375 0.47547581250000004 0.27739385625 0.449272640625 0.2542821859375 0.4283989453125 0.254874784375 0.428843059375 0.27087519531250004 0.43150778125 0.2910238921875 0.4297312890625 0.30287606093749997 0.4337283890625 0.32006171562499997 0.4297312890625 0.379915159375 0.4283989453125 0.40776776249999996 0.43728137343749995 0.45043557500000003 0.4276493890625 0.49420917500000006 0.428843059375 0.4942885765625