1 0.31171875 0.35625 0.228125 0.153125
1 0.334375 0.13125 0.290625 0.1640625
1 0.47265625 0.6421875 0.221875 0.090625
0 0.4078125 0.9015625 0.0484375 0.0546875
0 0.35625 0.63671875 0.0328125 0.040625
0 0.25 0.4109375 0.08125 0.065625
0 0.184375 0.3046875 0.05625 0.065625
0 0.1890625 0.11328125 0.0453125 0.0796875
0 0.26953125 0.1921875 0.1 0.040625
4 0.5890625 0.0796875 0.325 0.159375
3 0.6484375 0.0578125 0.0234375 0.01875
2 0.58828125 0.02109375 0.04375 0.0328125
4 0.57265625 0.32265625 0.328125 0.159375
3 0.62265625 0.30625 0.0265625 0.021875
2 0.56328125 0.2953125 0.0390625 0.0171875
4 0.69609375 0.92890625 0.2265625 0.128125
3 0.73515625 0.9375 0.01875 0.015625
4 0.6515625 0.6328125 0.178125 0.1109375
3 0.69140625 0.6375 0.0203125 0.0140625
2 0.6390625 0.61484375 0.0265625 0.0125
1 0.5171875 0.9328125 0.190625 0.115625
0 0.39296875 0.69921875 0.059375 0.0453125
0 0.41171875 0.96875 0.0421875 0.04375