4 0.43828125 0.33125 0.19375 0.29296875
2 0.48828125 0.396875 0.03671875 0.06015625
4 0.24375 0.3328125 0.20546875 0.43984375
3 0.3046875 0.26015625 0.0203125 0.034375
3 0.4890625 0.25703125 0.01796875 0.02578125
4 0.6453125 0.334375 0.1078125 0.26328125
2 0.6890625 0.40625 0.02421875 0.04375
0 0.403125 0.96953125 0.13046875 0.0609375
0 0.48125 0.85234375 0.05625 0.05234375
0 0.4296875 0.84609375 0.046875 0.09296875
0 0.6875 0.73984375 0.06328125 0.0328125
0 0.621875 0.66953125 0.03984375 0.0828125
1 0.66640625 0.59453125 0.09765625 0.2734375
1 0.43984375 0.64609375 0.1234375 0.36953125
1 0.30859375 0.740625 0.19765625 0.42265625
0 0.58984375 0.61015625 0.053125 0.02734375
0 0.515625 0.58125 0.02265625 0.065625