4 0.28671875 0.44375 0.2421875 0.1609375
3 0.21875 0.46796875 0.0203125 0.0171875
4 0.29609375 0.2359375 0.2640625 0.19375
3 0.2453125 0.2828125 0.021875 0.0171875
2 0.31328125 0.453125 0.0390625 0.01875
2 0.36015625 0.2828125 0.04375 0.028125
1 0.48515625 0.359375 0.2234375 0.115625
4 0.29296875 0.33203125 0.203125 0.0984375
2 0.36328125 0.34609375 0.0390625 0.021875
4 0.34765625 0.025 0.1609375 0.05
4 0.31328125 0.046875 0.1609375 0.09375
3 0.3078125 0.01171875 0.0125 0.0109375
3 0.27734375 0.05390625 0.0125 0.0109375
2 0.340625 0.0640625 0.025 0.0171875
1 0.546875 0.2703125 0.2671875 0.1359375
1 0.4734375 0.484375 0.2078125 0.121875
0 0.58984375 0.4875 0.046875 0.0453125
0 0.61796875 0.3671875 0.053125 0.0390625
0 0.5921875 0.3734375 0.0515625 0.03125
0 0.68359375 0.30234375 0.05625 0.0546875
0 0.6484375 0.31953125 0.053125 0.0484375
1 0.48671875 0.03515625 0.1328125 0.0703125
1 0.4515625 0.08203125 0.1328125 0.078125
0 0.565625 0.02109375 0.0234375 0.0234375
0 0.55859375 0.06484375 0.0375 0.0421875
0 0.52265625 0.0921875 0.05 0.040625