1 0.43125 0.340625 0.2140625 0.54375
4 0.38828125 0.78125 0.3234375 0.4375
0 0.4609375 0.06640625 0.05625 0.0484375
0 0.38515625 0.26640625 0.040625 0.059375
1 0.8359375 0.6140625 0.1828125 0.421875
0 0.8171875 0.4390625 0.0359375 0.046875
0 0.87890625 0.39921875 0.0375 0.03125
0 0.4875 0.24140625 0.0234375 0.05
1 0.975 0.7203125 0.0375 0.25
4 0.81640625 0.8875 0.2015625 0.225
2 0.79375 0.8921875 0.0234375 0.0453125
4 0.9453125 0.915625 0.053125 0.16875
3 0.95859375 0.9703125 0.00625 0.0171875
3 0.32265625 0.8765625 0.0390625 0.05625