3 0.03671875 0.21640625 0.0359375 0.053125
4 0.6328125 0.25234375 0.2046875 0.40859375
3 0.65703125 0.165625 0.02734375 0.04921875
4 0.359375 0.5609375 0.16796875 0.28984375
3 0.38203125 0.50078125 0.025 0.01953125
1 0.60859375 0.6375 0.19140625 0.39296875
0 0.5546875 0.8375 0.11328125 0.08359375
0 0.65234375 0.8515625 0.05078125 0.07421875
2 0.61171875 0.25625 0.034375 0.03125
0 0.83671875 0.94765625 0.13671875 0.0890625
0 0.9375 0.96640625 0.06953125 0.0671875
1 0.87578125 0.70078125 0.1984375 0.4296875