4 0.403125 0.41328125 0.05625 0.15078125
3 0.41171875 0.3796875 0.00859375 0.0140625
2 0.40859375 0.41328125 0.01484375 0.02421875
4 0.3375 0.37109375 0.078125 0.1203125
3 0.37109375 0.3609375 0.00546875 0.0125
2 0.859375 0.3578125 0.01328125 0.0296875
4 0.8702876984374999 0.403769840625 0.8764880953124999 0.415013228125 0.8710317453125 0.4203042328125 0.8665674609374999 0.428571428125 0.8645833328125001 0.4361772484375 0.8638392859374999 0.446428571875 0.8645833328125001 0.44742063437499996 0.9112103171875001 0.44940476250000005 0.9196428578125 0.44940476250000005 0.924603175 0.446759259375 0.9255952375 0.44444444375 0.9255952375 0.4384920640625 0.9233630953124999 0.42559523749999995 0.919146825 0.4074074078125 0.9139384921874999 0.39417989375 0.9164186515624999 0.390873015625 0.9196428578125 0.3948412703125 0.921875 0.3955026453125 0.9238591265625 0.387896825 0.9265873015625001 0.3416005296875 0.9263392859374999 0.3125 0.924851190625 0.303902115625 0.92137896875 0.29365079375 0.9126984125 0.27678571406249997 0.9072420640625 0.2705026453125 0.9047619046875001 0.2625661375 0.8995535718750001 0.26223545000000004 0.8928571421875 0.2668650796875 0.887152778125 0.2734788359375 0.872271825 0.29596560781250003 0.8675595234375001 0.32374338593749996 0.865079365625 0.3478835984375 0.8645833328125001 0.37830687812499997 0.862847221875 0.4080687828125 0.86532738125 0.4080687828125 0.8702876984374999 0.403769840625
3 0.87109375 0.31796875 0.00625 0.01484375
4 0.2171875 0.378125 0.08984375 0.25
2 0.25234375 0.40859375 0.01171875 0.03671875
0 0.9667658734375 0.590939153125 0.965773809375 0.5955687828125 0.9709821421875 0.60615079375 0.9707341265625 0.6233465609375 0.96875 0.634920634375 0.9724702375 0.640211640625 0.97470238125 0.640873015625 0.978174603125 0.6385582015625 0.9828869046875001 0.6329365078125 0.9915674609374999 0.6167328046875 0.9928075390625001 0.609788359375 0.9920634921874999 0.5879629625 0.9947916671874999 0.584325396875 0.9960317453125 0.5697751328125 0.994295634375 0.5625 0.9923115078125001 0.5608465609375 0.9806547625 0.5608465609375 0.9734623015625001 0.5625 0.9774305562500001 0.5730820109375 0.9774305562500001 0.5830026453125 0.97197420625 0.590277778125 0.9667658734375 0.590939153125
0 0.859623015625 0.6329365078125 0.8740079359375 0.6316137562499999 0.8764880953124999 0.6332671953125 0.8839285718750001 0.6335978843750001 0.8891369046875001 0.6352513234375 0.893105159375 0.6352513234375 0.8948412703124999 0.6335978843750001 0.8923611109375 0.6160714281249999 0.8888888890625 0.6134259265625001 0.8821924609374999 0.6177248671875 0.872519840625 0.6200396828125 0.8670634921874999 0.6197089953125 0.8583829359375 0.6137566140625 0.849950396875 0.621362434375 0.8325892859374999 0.622354496875 0.8318452375 0.6233465609375 0.8323412703124999 0.6273148140625 0.84424603125 0.6319444437499999 0.859623015625 0.6329365078125
1 0.860119046875 0.5826719578125 0.86259920625 0.5995370375 0.8616071421875 0.6107804234375 0.8633432546875 0.615079365625 0.8680555562500001 0.6170634921875 0.87450396875 0.6170634921875 0.884424603125 0.6147486765625 0.887648809375 0.61276455 0.8886408734375 0.6107804234375 0.8883928578125 0.6015211640625 0.890625 0.596560846875 0.88740079375 0.5803571421875 0.8891369046875001 0.5393518515625 0.89112103125 0.5396825390625 0.903769840625 0.55026455 0.9072420640625 0.5512566140625 0.9337797625 0.5714285718750001 0.9444444437499999 0.5750661375 0.958829365625 0.590939153125 0.9647817453125 0.5925925921874999 0.9667658734375 0.590608465625 0.9729662703124999 0.5790343921875001 0.9739583328125001 0.572089946875 0.9732142859374999 0.5664682546875001 0.9610615078125001 0.5558862437500001 0.9521329359375 0.5499338625 0.940228175 0.5367063484375 0.9298115078125001 0.53141534375 0.9241071421875 0.5264550265625 0.9203869046875001 0.5195105812499999 0.9104662703124999 0.5066137562499999 0.9099702375 0.491071428125 0.9117063484375001 0.48115079375 0.911954365625 0.47255290937499994 0.915674603125 0.46031746093750003 0.9203869046875001 0.450396825 0.9196428578125 0.4480820109375 0.903769840625 0.446759259375 0.8673115078125001 0.446759259375 0.8613591265625 0.4507275125 0.860119046875 0.46461640156249995 0.860119046875 0.49302074687499997 0.8583829359375 0.51851851875 0.858630953125 0.5482804234375 0.860119046875 0.5826719578125
0 0.41484375 0.62265625 0.03125 0.025
1 0.41171875 0.5453125 0.04296875 0.12890625
1 0.353125 0.56328125 0.06484375 0.1828125
0 0.3796875 0.6625 0.0453125 0.03046875
0 0.32890625 0.63203125 0.0375 0.04921875
0 0.28125 0.7453125 0.0640625 0.03203125
1 0.23046875 0.60390625 0.10546875 0.27734375