0 0.34375 0.8726851859375 0.3417658734375 0.8485449734375001 0.337549603125 0.8488756609375001 0.318204365625 0.8389550265624999 0.3102678578125 0.8386243390624999 0.3043154765625 0.840939153125 0.2948908734375 0.8677248671875001 0.2896825390625 0.891203703125 0.2904265875 0.9044312171875 0.2948908734375 0.9103835984374999 0.299603175 0.9133597890624999 0.3087797625 0.9153439156250001 0.3137400796875 0.9146825390625001 0.3298611109375 0.90608465625 0.3363095234375 0.896164021875 0.34375 0.8726851859375
1 0.2374751984375 0.610119046875 0.24305555625 0.5853174609375 0.263516865625 0.5671296296875 0.281498015625 0.5357142859375 0.2982390875 0.5762235453125 0.30567956406249996 0.6109457671875 0.30381944375000003 0.6291335984375 0.3112599203125 0.64401455 0.3162202375 0.747354496875 0.3112599203125 0.778769840625 0.3112599203125 0.7919973546875 0.302579365625 0.81845238125 0.30133928593750003 0.8300264546875 0.3323412703125 0.8416005296875 0.3422619046875 0.8482142859374999 0.34970238125 0.8101851859375 0.36830357187499996 0.7258597890625 0.375744046875 0.64401455 0.37450396874999997 0.621693121875 0.37388392812500004 0.5886243390625 0.3658234125 0.565476190625 0.372023809375 0.47867063437499996 0.3788442453125 0.46792327968749997 0.3397817453125 0.47867063437499996 0.292038690625 0.4819775125 0.2486359125 0.4819775125 0.19097222187500001 0.43816137499999996 0.1636904765625 0.5663029093749999 0.162450396875 0.6134259265625001 0.215773809375 0.6927910046875 0.2616567453125 0.76884920625 0.3050595234375 0.7225529093749999 0.262896825 0.6481481484375 0.2374751984375 0.610119046875
4 0.2141203703125 0.2160493828125 0.22404100468750002 0.21825396874999997 0.21908068749999998 0.2876984125 0.2232142859375 0.31856260937499997 0.20916005312500002 0.3703703703125 0.19593253906250002 0.39351851875 0.18683862499999998 0.425485009375 0.1984126984375 0.44532627812500003 0.2513227515625 0.480599646875 0.302579365625 0.481701940625 0.378637565625 0.46737213437499997 0.383597884375 0.41005290937499994 0.378637565625 0.39131393281250004 0.384424603125 0.3031305109375 0.372023809375 0.24470899531249998 0.40426587343750003 0.228174603125 0.4232804234375 0.22486772500000002 0.409226190625 0.1488095234375 0.3984788359375 0.088183421875 0.378637565625 0.06283068750000001 0.3373015875 0.03527336875 0.3257275125 0.0330687828125 0.3166335984375 0.0132275125 0.30588624375 0.0473985890625 0.29100529062499997 0.080467371875 0.28025793593750004 0.0925925921875 0.2736441796875 0.10251322812500001 0.25876322812499997 0.0749559078125 0.2604166671875 0.052910053125 0.259589946875 0.027557318749999997 0.2199074078125 0.0407848328125 0.20833333281250002 0.0573192234375 0.18766534375 0.2017195765625 0.1926256609375 0.2127425046875 0.2141203703125 0.2160493828125
3 0.31640625 0.15546875 0.02890625 0.03359375
2 0.25625 0.2921875 0.03984375 0.0734375
4 0.5299272484374999 0.30974426875 0.5456349203124999 0.3108465609375 0.5505952375 0.27777777812500004 0.5481150796875001 0.354938271875 0.5547288359375 0.42217813125000003 0.5431547625 0.5114638453125 0.547288359375 0.530202821875 0.56878306875 0.5423280421875 0.5820105828125001 0.544532628125 0.5811838625 0.551146384375 0.621693121875 0.5467372140625 0.6498015875 0.5324074078125001 0.6679894171874999 0.5291005296875 0.696924603125 0.5313051140625 0.70601851875 0.4519400359375 0.7043650796875001 0.536816578125 0.715112434375 0.4552469140625 0.71924603125 0.3979276890625 0.709325396875 0.327380953125 0.7208994703125 0.3031305109375 0.709325396875 0.2513227515625 0.6787367718749999 0.1741622578125 0.6605489421875 0.143298059375 0.622519840625 0.1962081125 0.6117724875 0.15101410937499998 0.6043320109375 0.1322751328125 0.5985449734375 0.11574074062499999 0.5952380953125 0.11022927656249999 0.5613425921874999 0.1289682546875 0.5398478843750001 0.14770723125000002 0.4935515875 0.2799823640625 0.5109126984375 0.292107584375 0.5299272484374999 0.30974426875
3 0.653125 0.20859375 0.02578125 0.0421875
2 0.6109375 0.38984375 0.034375 0.06953125
1 0.6070188484375 0.9465939156250001 0.616939484375 0.978009259375 0.656001984375 0.9821428578125 0.6696428578125 0.947420634375 0.6715029765625 0.9375 0.6671626984375 0.903604496875 0.6783234125 0.8630952375 0.6777033734375 0.822585978125 0.6839037703125 0.8077050265624999 0.6770833328125 0.7820767203125001 0.6839037703125 0.693617725 0.6857638890625 0.665509259375 0.684523809375 0.6142526453125 0.70126488125 0.534060846875 0.678943453125 0.5274470906250001 0.649181546875 0.53075396875 0.6287202375 0.546461640625 0.6057787703125 0.54976851875 0.5952380953125 0.5547288359375 0.6076388890625 0.7299933859375 0.6113591265625 0.7457010578125 0.6057787703125 0.7638888890625 0.606398809375 0.8134920640625 0.6032986109375 0.8664021156249999 0.6039186515625 0.9110449734375001 0.6014384921875 0.9259259265625 0.6070188484375 0.9465939156250001
0 0.615079365625 0.9771825390625001 0.6130952375 0.9831349203125 0.612103175 0.9996693125 0.6607142859375 0.9996693125 0.6609623015625 0.9857804234374999 0.6582341265625 0.9778439156250001 0.6512896828125 0.9824735453125 0.6453373015625 0.9831349203125 0.62450396875 0.98115079375 0.615079365625 0.9771825390625001
0 0.3125 0.7647156078124999 0.3180803578125 0.7415674609375 0.3112599203125 0.728339946875 0.30009920625 0.753141534375 0.283358134375 0.7754629625 0.2728174609375 0.7829034390625 0.265376984375 0.778769840625 0.2535962296875 0.796130953125 0.240575396875 0.834160053125 0.23685515937499999 0.846560846875 0.24739583281250002 0.8523478843750001 0.2604166671875 0.8490410046875001 0.283358134375 0.8234126984374999 0.2932787703125 0.7953042328125 0.3125 0.7647156078124999
0 0.606646825 0.728174603125 0.60342261875 0.7172619046875 0.6001984125 0.71825396875 0.5947420640625001 0.7172619046875 0.5917658734375 0.7139550265625 0.587549603125 0.7142857140625 0.5766369046875 0.721560846875 0.57217261875 0.721891534375 0.5644841265625 0.7324735453125 0.556795634375 0.7483465609375 0.5550595234375 0.7552910046875 0.5553075390625 0.764880953125 0.55654761875 0.7671957671875 0.5607638890625 0.76851851875 0.568204365625 0.76917989375 0.5766369046875 0.7675264546875 0.593005953125 0.759589946875 0.6054067453124999 0.740079365625 0.606646825 0.728174603125
0 0.5545634921875 0.703703703125 0.5570436515625 0.697089946875 0.565972221875 0.68187830625 0.565972221875 0.6653439156250001 0.5644841265625 0.6574074078125001 0.5647321421875 0.6603835984375 0.561755953125 0.66898148125 0.55654761875 0.674603175 0.5502232140625 0.6785714281249999 0.5446428578125 0.6798941796875 0.53447420625 0.6755952375 0.531994046875 0.6755952375 0.5297619046875 0.677579365625 0.5265376984375 0.691137565625 0.5198412703125 0.708664021875 0.5168650796875001 0.7294973546875 0.51612103125 0.7390873015625 0.5173611109375 0.7447089953125 0.525049603125 0.7486772484374999 0.53174603125 0.7480158734375 0.5367063484375 0.7450396828125 0.546626984375 0.73181216875 0.552579365625 0.7172619046875 0.5545634921875 0.703703703125