4 0.78046875 0.68828125 0.359375 0.2484375
4 0.6953125 0.13671875 0.271875 0.153125
1 0.46640625 0.16328125 0.2296875 0.125
1 0.49375 0.29296875 0.3 0.1265625
1 0.4796875 0.38359375 0.3015625 0.1390625
1 0.4609375 0.71875 0.3375 0.1734375
1 0.459375 0.496875 0.3515625 0.1375
2 0.7875 0.69453125 0.0609375 0.0390625
3 0.87109375 0.734375 0.0328125 0.0234375
2 0.64609375 0.16328125 0.0453125 0.03125
0 0.31171875 0.69765625 0.1125 0.059375
0 0.25703125 0.74375 0.0578125 0.05625
0 0.271875 0.51171875 0.0734375 0.1328125
0 0.3640625 0.6171875 0.04375 0.053125
0 0.359375 0.53203125 0.046875 0.0390625
0 0.315625 0.37109375 0.05625 0.1
0 0.315625 0.18515625 0.040625 0.053125
0 0.3890625 0.20859375 0.0578125 0.065625