4 0.56328125 0.2671875 0.390625 0.1984375
3 0.64921875 0.31796875 0.0265625 0.01875
4 0.53515625 0.3828125 0.246875 0.121875
3 0.59375 0.40078125 0.01875 0.0125
2 0.4484375 0.428125 0.046875 0.021875
2 0.52265625 0.35703125 0.05625 0.03125
1 0.25703125 0.3390625 0.31875 0.1578125
0 0.07578125 0.3484375 0.1375 0.071875
0 0.0921875 0.40390625 0.06875 0.084375
0 0.165625 0.415625 0.046875 0.05625
0 0.190625 0.51015625 0.0359375 0.0703125
1 0.26538135625 0.4072566984375 0.2741480984375 0.41037168749999997 0.29618289531249997 0.41342934062500003 0.3284156265625 0.41418699375 0.382955128125 0.41168179374999997 0.38330809375 0.4174016421875 0.3814966546875 0.41971976250000004 0.37489871875 0.4228875546875 0.36940103125 0.42932577343749995 0.3445804390625 0.4462574 0.3249089765625 0.4539120125 0.27172321875 0.4617522171875 0.2644369703125 0.4650045234375 0.2528941 0.467731625 0.22486342499999998 0.4727451359375 0.2185779578125 0.47561259843750003 0.2215345421875 0.485466134375 0.2252745015625 0.49600937187499994 0.2304095609375 0.49799849687500003 0.34648522187499997 0.4845320875 0.3617187484375 0.48056594218750004 0.396180115625 0.4653321703125 0.4153489859375 0.456429453125 0.44849876093749996 0.43841691718750003 0.440116371875 0.4365354453125 0.43000293593750005 0.43952363906249997 0.4257515890625 0.433351028125 0.4498679359375 0.42427744218749996 0.4234474296875 0.427230403125 0.42269328906250003 0.41950776875000007 0.41779674375000003 0.399544890625 0.4166022921875 0.375590953125 0.41696424375 0.3712677796875 0.41219456250000003 0.36719630312499996 0.4171415203125 0.365765759375 0.41826789687500004 0.3597559796875 0.3754989484375 0.3651819890625 0.3662745125 0.3697201265625 0.358798140625 0.37142399843749996 0.33791289375 0.383419053125 0.3229328671875 0.3894497796875 0.3128933703125 0.39304014062500003 0.2954998453125 0.3964856125 0.241658321875 0.3847591078125 0.2332674234375 0.3818599359375 0.18393075781249998 0.3897514578125 0.18096450625 0.3940451125 0.1795060328125 0.40208308125 0.18243093125 0.41167854375 0.1870044265625 0.414784471875 0.20664860468750001 0.40975284062500006 0.22035587968749998 0.4104274671875 0.2404392765625 0.40612779374999997 0.2530234234375 0.4090360265625 0.26538135625 0.4072566984375