4 0.87890625 0.55703125 0.09375 0.1921875
4 0.803125 0.57734375 0.0828125 0.19921875
4 0.715625 0.56875 0.08984375 0.16640625
4 0.596875 0.56171875 0.0734375 0.1390625
4 0.671875 0.7265625 0.0796875 0.1546875
4 0.3859375 0.78984375 0.1234375 0.1875
4 0.07109375 0.57578125 0.096875 0.19609375
4 0.1734375 0.78828125 0.12578125 0.19921875
4 0.15625 0.55234375 0.09453125 0.15703125
4 0.2859375 0.50703125 0.08515625 0.11796875
4 0.36953125 0.5171875 0.08125 0.09765625
3 0.1765625 0.51796875 0.0140625 0.01484375
3 0.20078125 0.784375 0.0140625 0.01640625
3 0.4015625 0.7625 0.0140625 0.01640625
3 0.30390625 0.49296875 0.01328125 0.01796875
3 0.39140625 0.5140625 0.01328125 0.01875
1 0.0546875 0.7484375 0.08046875 0.19140625
2 0.08984375 0.6265625 0.01875 0.034375
2 0.1796875 0.853125 0.0171875 0.02734375
3 0.88125 0.51015625 0.0171875 0.01953125
3 0.67109375 0.6828125 0.015625 0.01796875
3 0.80390625 0.53125 0.01484375 0.01640625
3 0.603125 0.53359375 0.0109375 0.0140625
3 0.63125 0.5125 0.0078125 0.0109375
2 0.6796875 0.5796875 0.0171875 0.028125
1 0.88046875 0.75390625 0.07265625 0.2375
1 0.803125 0.75 0.08828125 0.2203125
1 0.71953125 0.7328125 0.075 0.2234375
1 0.6625 0.825 0.06875 0.11796875
1 0.39375 0.8796875 0.19296875 0.15859375
0 0.01953125 0.8609375 0.02578125 0.046875
0 0.06953125 0.84609375 0.05 0.0453125
0 0.2875 0.97109375 0.0703125 0.05703125
0 0.45703125 0.953125 0.053125 0.08359375
0 0.8671875 0.8953125 0.05 0.04765625
0 0.8984375 0.82890625 0.02265625 0.0515625
0 0.83046875 0.89140625 0.02890625 0.0453125
0 0.79609375 0.88515625 0.046875 0.03828125
0 0.7828125 0.85703125 0.02265625 0.04453125
0 0.7125 0.85859375 0.03046875 0.0390625
0 0.728125 0.83359375 0.0203125 0.0453125
0 0.67734375 0.8609375 0.0265625 0.03984375