4 0.43154761875 0.2741402109375 0.4365079359375 0.27678571406249997 0.43948412656249997 0.283730159375 0.440476190625 0.290343915625 0.43948412656249997 0.291335978125 0.439980159375 0.2999338625 0.4422123015625 0.3078703703125 0.443700396875 0.31911375625 0.44345238125 0.328373015625 0.43700396875 0.3796296296875 0.437748015625 0.4272486765625 0.43303571406249997 0.459325396875 0.4310515875 0.4672619046875 0.43154761875 0.4699074078125 0.43303571406249997 0.471560846875 0.44171627031250005 0.47453703750000004 0.44345238125 0.4738756609375 0.4449404765625 0.4702380953125 0.446924603125 0.45601851875 0.45089285781250005 0.45866402187500005 0.45089285781250005 0.46858465625 0.453373015625 0.47288359843750005 0.491071428125 0.4761904765625 0.4920634921875 0.474867725 0.4920634921875 0.471230159375 0.490575396875 0.46164021093749996 0.49032738125 0.450396825 0.5106646828125 0.4371693125 0.52157738125 0.4613095234375 0.525545634375 0.47255290937499994 0.5267857140625 0.47255290937499994 0.528521825 0.46461640156249995 0.5334821421875 0.462632275 0.5349702375 0.4738756609375 0.53720238125 0.4761904765625 0.546875 0.47288359843750005 0.5575396828125 0.471891534375 0.56299603125 0.4699074078125 0.5637400796875001 0.465608465625 0.562748015625 0.4609788359375 0.5535714281249999 0.427910053125 0.5510912703125 0.415343915625 0.55009920625 0.39318783125 0.5481150796875001 0.378637565625 0.54637896875 0.33443562656250003 0.546130953125 0.31679894218750004 0.5491071421875 0.309523809375 0.549355159375 0.30423280468749997 0.544394840625 0.25661375625 0.5416666671875 0.20701058125 0.5367063484375 0.197420634375 0.5327380953125 0.19345238125 0.5322420640625001 0.18650793593749998 0.5290178578125 0.17989417968750002 0.5166170640625001 0.16468253906250002 0.5133928578125 0.166005290625 0.5109126984375 0.1742724875 0.5054563484375 0.17361111093749998 0.5044642859375 0.16699735468750002 0.499751984375 0.1580687828125 0.4925595234375 0.1514550265625 0.4766865078125 0.1418650796875 0.466021825 0.1415343921875 0.4635416671875 0.1451719578125 0.46279761875 0.1550925921875 0.46155753906249997 0.159391534375 0.459325396875 0.1617063484375 0.450148809375 0.16468253906250002 0.4427083328125 0.17294973593750002 0.43353174531249994 0.18683862499999998 0.4265873015625 0.20899470937500003 0.4233630953125 0.23247354531250003 0.4228670640625 0.246693121875 0.42410714218749995 0.252976190625 0.4298115078125 0.2635582015625 0.43154761875 0.2741402109375
3 0.5328125 0.23515625 0.01328125 0.02734375
3 0.54609375 0.2453125 0.01015625 0.02265625
4 0.5969034734374999 0.1853124546875 0.5844169921875 0.18947775312499998 0.5726241937500001 0.196419921875 0.5674214906249999 0.217709246875 0.5695025671875 0.24825477812500002 0.574358428125 0.26445317031250004 0.5760926625 0.32230456875 0.5774800546875001 0.3593294640625 0.5910070609375 0.4023709203125 0.601759334375 0.4093130875 0.61944851875 0.4074618359375 0.629853925 0.40838744374999997 0.6437277984375 0.40838744374999997 0.653092653125 0.4093130875 0.663498059375 0.40885028281249997 0.6676602375 0.4074618359375 0.6603764328125 0.30379212187500004 0.6603764328125 0.284354046875 0.6603764328125 0.2700069078125 0.6666196859375 0.2588994328125 0.660029590625 0.230205153125 0.654480046875 0.22326298437499997 0.6419935640625 0.1945686875 0.635056628125 0.1880893234375 0.6349225578125 0.194960515625 0.633669234375 0.2084530234375 0.621182753125 0.1908662015625 0.6021061765625 0.17327937031250001 0.5969034734374999 0.1853124546875
3 0.6546875 0.240625 0.01171875 0.0234375
2 0.646875 0.3390625 0.0265625 0.04296875
2 0.55703125 0.359375 0.0234375 0.040625
4 0.281498015625 0.3670634921875 0.2852182546875 0.3697089953125 0.29588293593750004 0.36904761875 0.29737103125000003 0.372354496875 0.29637896874999997 0.400132275 0.299355159375 0.41898148125 0.3018353171875 0.447089946875 0.30580357187499996 0.4477513234375 0.3230970421875 0.44477513281250003 0.356398809375 0.4451058203125 0.3616071421875 0.44378306875 0.36259920625 0.44179894218750004 0.362351190625 0.4325396828125 0.3581349203125 0.4117063484375 0.3571428578125 0.390873015625 0.3573908734375 0.36413817656249997 0.35887896874999997 0.36044973593749996 0.3658234125 0.3634259265625 0.37400793593750004 0.3617724875 0.3764880953125 0.3581349203125 0.3767361109375 0.34821428593750003 0.375744046875 0.3416005296875 0.372519840625 0.3333333328125 0.3648313484375 0.32076719531250003 0.3606150796875 0.31150793593750004 0.3521825390625 0.302579365625 0.33928571406249997 0.296296296875 0.33506944375000003 0.30026454999999996 0.3328373015625 0.308862434375 0.330605159375 0.3108465609375 0.325148809375 0.3022486765625 0.3125 0.29001322812499997 0.3087797625 0.296957671875 0.297619046875 0.302579365625 0.28720238125 0.3128306875 0.28125 0.333664021875 0.28075396874999997 0.3396164015625 0.278769840625 0.34424603125000003 0.278521825 0.347552909375 0.281498015625 0.3670634921875
2 0.33828125 0.39140625 0.0109375 0.02578125
3 0.34921875 0.32734375 0.0078125 0.0125
4 0.20386904687500002 0.3164682546875 0.2073412703125 0.31679894218750004 0.2070932546875 0.3230820109375 0.21205357187499999 0.3382936515625 0.2165178578125 0.40046296249999996 0.22048611093749998 0.41335978906250004 0.2224702375 0.42592592656250006 0.23263888906250002 0.42526454999999996 0.2772817453125 0.415343915625 0.2775297625 0.41038359843750005 0.2705853171875 0.375661375 0.25892857187499996 0.29365079375 0.2542162703125 0.2830687828125 0.2514880953125 0.27149470937500003 0.24925595312499998 0.26752645468749997 0.2485119046875 0.2572751328125 0.24429563437500001 0.2539682546875 0.23511904687500002 0.25694444375000003 0.2306547625 0.266203703125 0.2296626984375 0.27232142812500004 0.22767857187499999 0.275132275 0.2132936515625 0.2609126984375 0.21205357187499999 0.24966931250000002 0.20585317500000003 0.25 0.20039682499999997 0.259920634375 0.1954365078125 0.2638888890625 0.194196428125 0.27447089999999996 0.18824404687500002 0.28802910000000004 0.1852678578125 0.31679894218750004 0.1862599203125 0.322420634375 0.19444444375 0.322089946875 0.20386904687500002 0.3164682546875
3 0.2546875 0.29453125 0.01015625 0.015625
4 0.0922619046875 0.30820105781249996 0.0959821421875 0.31349206406249996 0.0952380953125 0.32705026406250004 0.102678571875 0.3673941796875 0.10069444375 0.39748677187500003 0.11061507968749999 0.42261904687499996 0.168898809375 0.41997354531250003 0.1765873015625 0.41898148125 0.18154761875 0.415343915625 0.1835317453125 0.4209656078125 0.1862599203125 0.4209656078125 0.19444444375 0.41732804218749997 0.20486111093749998 0.408730159375 0.20386904687500002 0.396825396875 0.20039682499999997 0.3875661375 0.193700396875 0.3802910046875 0.1889880953125 0.377645503125 0.18774801562500001 0.375 0.18824404687500002 0.34722222187499996 0.1894841265625 0.3363095234375 0.18725198437499999 0.3257275125 0.18849206406250002 0.32374338593749996 0.19965277812499999 0.3197751328125 0.2068452375 0.315145503125 0.21031746093749998 0.3111772484375 0.2108134921875 0.30687830625 0.1994047625 0.275132275 0.196428571875 0.26917989375 0.19345238125 0.25595238125 0.19072420625 0.24933862499999998 0.17906746093749998 0.23478835937500003 0.1669146828125 0.22486772500000002 0.1574900796875 0.21130952343749998 0.1547619046875 0.21296296250000002 0.15575396875 0.228835978125 0.153521825 0.24470899531249998 0.15178571406250002 0.24735449687500002 0.11954365156249999 0.20138888906250002 0.1173115078125 0.20138888906250002 0.1140873015625 0.208664021875 0.10962301562500001 0.2132936515625 0.10019841249999999 0.2172619046875 0.07911706406249999 0.22916666718749998 0.0761408734375 0.23247354531250003 0.071924603125 0.24272486718750003 0.059523809375 0.2867063484375 0.060267857812500006 0.291335978125 0.07018849218749999 0.2946428578125 0.083829365625 0.3019179890625 0.0922619046875 0.30820105781249996
2 0.1609375 0.296875 0.01875 0.034375
3 0.17734375 0.2578125 0.0140625 0.01796875
0 0.62549603125 0.7096560843749999 0.634424603125 0.7132936515625 0.6515376984375 0.7149470906250001 0.656001984375 0.7129629625 0.6547619046875 0.7106481484375 0.6572420640625001 0.7070105812499999 0.656001984375 0.6994047625 0.637152778125 0.6865079359374999 0.6329365078125 0.68121693125 0.6302083328125 0.6755952375 0.627480159375 0.666005290625 0.6259920640625001 0.6646825390625 0.622023809375 0.6653439156250001 0.6175595234375 0.66898148125 0.6165674609375 0.671957671875 0.6170634921875 0.6785714281249999 0.6138392859375 0.678240740625 0.606646825 0.6739417984375 0.6004464281249999 0.66865079375 0.5982142859375 0.6636904765625 0.596478175 0.6650132281250001 0.59424603125 0.67526455 0.593998015625 0.6924603171875 0.596726190625 0.6960978843750001 0.6143353171875 0.7013888890625 0.62549603125 0.7096560843749999
0 0.5039682546875001 0.8267195765625001 0.531994046875 0.8244047625 0.5362103171875 0.8177910046875001 0.5364583328125 0.8101851859375 0.5357142859375 0.8082010578125001 0.53720238125 0.8058862437500001 0.5550595234375 0.8035714281249999 0.5572916671875 0.8015873015625001 0.5605158734375 0.791005290625 0.5602678578125 0.7827380953125 0.559027778125 0.7794312171875 0.54737103125 0.7675264546875 0.5394345234375 0.7572751328125 0.5324900796875001 0.7523148140625 0.5260416671875 0.7410714281249999 0.5223214281249999 0.7374338625 0.512896825 0.740740740625 0.512152778125 0.74404761875 0.512648809375 0.75 0.5116567453124999 0.7542989421875 0.50967261875 0.75595238125 0.4990079359375 0.7552910046875 0.484375 0.765873015625 0.4766865078125 0.7665343921875001 0.4699900796875 0.7705026453125 0.4632936515625 0.771825396875 0.46180555625 0.7857142859375 0.46180555625 0.7946428578125 0.4640376984375 0.8015873015625001 0.4935515875 0.8240740734375 0.5039682546875001 0.8267195765625001
1 0.6051587296875 0.500661375 0.6054067453124999 0.5264550265625 0.6039186515625 0.534722221875 0.5952380953125 0.547619046875 0.584325396875 0.5737433859375 0.5828373015625 0.5793650796875001 0.5791170640625001 0.6144179890625 0.5830853171875 0.6203703703125 0.5887896828125 0.6246693125 0.5915178578125 0.622354496875 0.5957341265625 0.6137566140625 0.5989583328125 0.6164021156249999 0.5989583328125 0.641203703125 0.6001984125 0.6517857140625 0.6235119046875 0.6577380953125 0.62450396875 0.652777778125 0.62450396875 0.63723545 0.628472221875 0.61871693125 0.6297123015625 0.5978835984375 0.6321924609375 0.5919312171875 0.6339285718750001 0.583664021875 0.6356646828125 0.5621693125 0.638144840625 0.5535714281249999 0.6493055562500001 0.537367725 0.65029761875 0.5320767203125001 0.6507936515625 0.5175264546875 0.6495535718750001 0.49305555625 0.6498015875 0.47718253906249997 0.656001984375 0.4375 0.6542658734375 0.415013228125 0.652777778125 0.4117063484375 0.639880953125 0.4110449734375 0.6264880953125 0.40674603125 0.608630953125 0.40839947031249996 0.596230159375 0.4077380953125 0.5957341265625 0.41071428593750003 0.5977182546875001 0.41600529062499997 0.597222221875 0.43187830624999995 0.591269840625 0.4391534390625 0.5890376984375 0.43948412656249997 0.58779761875 0.44146825468750006 0.5892857140625 0.45238095312500004 0.5922619046875 0.4636243390625 0.5992063484375 0.4857804234375 0.6051587296875 0.500661375
1 0.455853175 0.7109788359375 0.4583333328125 0.7258597890625 0.4637896828125 0.7410714281249999 0.4734623015625 0.7476851859375 0.4794146828125 0.75 0.4833829359375 0.75 0.486855159375 0.7480158734375 0.48809523749999995 0.7450396828125 0.4898313484375 0.7275132281250001 0.48883928593750003 0.702711640625 0.4925595234375 0.697420634375 0.49578372968749995 0.6960978843750001 0.5086805562500001 0.684523809375 0.512152778125 0.684854496875 0.53075396875 0.7013888890625 0.5384424609375 0.7046957671875 0.5416666671875 0.703703703125 0.546875 0.6944444437499999 0.5587797625 0.6633597890625 0.5674603171875 0.64417989375 0.577876984375 0.6071428578125 0.58134920625 0.5899470906250001 0.5801091265625 0.55654761875 0.5691964281249999 0.4950396828125 0.562251984375 0.471891534375 0.5548115078125 0.47089947031249996 0.5362103171875 0.47321428593750003 0.5334821421875 0.4672619046875 0.531001984375 0.4540343921875 0.5267857140625 0.4735449734375 0.5272817453124999 0.48379629687500003 0.5302579359374999 0.5003306875 0.5300099203124999 0.5079365078125 0.527777778125 0.5145502640624999 0.51884920625 0.521164021875 0.5091765875 0.5205026453125 0.5037202375 0.5175264546875 0.50049603125 0.5135582015625 0.49776785781250005 0.50595238125 0.493799603125 0.48181216875 0.4920634921875 0.47718253906249997 0.49007936562500004 0.4755291 0.45386904687499996 0.471891534375 0.4521329359375 0.4735449734375 0.45114087343750003 0.47850529062499997 0.4521329359375 0.528439153125 0.4543650796875 0.5601851859375 0.45238095312500004 0.6643518515625 0.455853175 0.7109788359375
0 0.33705357187499996 0.5863095234375 0.3385416671875 0.5853174609375 0.338045634375 0.58068783125 0.3391369046875 0.5767195765625 0.3487103171875 0.5757275125 0.35044642812500004 0.5730820109375 0.349454365625 0.56812169375 0.3479662703125 0.565806878125 0.34275793593750004 0.5615079359374999 0.341269840625 0.5615079359374999 0.3387896828125 0.5585317453124999 0.3353174609375 0.5585317453124999 0.3320932546875 0.55687830625 0.331101190625 0.55687830625 0.3301091265625 0.5611772484374999 0.32713293593750004 0.5621693125 0.322420634375 0.5667989421875 0.31944444375000003 0.577711640625 0.3199404765625 0.584325396875 0.3216765875 0.5859788359375 0.33705357187499996 0.5863095234375
1 0.315785425 0.5481779359375001 0.3144841265625 0.5539021156249999 0.312251984375 0.5575396828125 0.312251984375 0.5601851859375 0.3137400796875 0.5634920640625001 0.3167162703125 0.566137565625 0.3196924609375 0.559854496875 0.3234126984375 0.558862434375 0.3296130953125 0.5545634921875 0.33482142812500004 0.5535714281249999 0.33680555624999997 0.546957671875 0.3395337296875 0.5423280421875 0.3397817453125 0.5274470906250001 0.34275793593750004 0.515542328125 0.3489583328125 0.4986772484375 0.35243055624999997 0.46957672031250003 0.3576388890625 0.4543650796875 0.35838293593750004 0.4451058203125 0.3477182546875 0.44345238125 0.3241567453125 0.44378306875 0.3045634921875 0.446759259375 0.30651329375 0.44986930625 0.3112746671875 0.473944890625 0.310021675 0.4996923890625 0.315785425 0.5481779359375001
0 0.2576884921875 0.6246693125 0.2668650796875 0.6230158734375 0.27256944375000003 0.61937830625 0.27455357187499996 0.6164021156249999 0.2728174609375 0.609457671875 0.262648809375 0.5929232796874999 0.2581845234375 0.5922619046875 0.2549603171875 0.59358465625 0.2490079359375 0.6011904765625 0.24727182499999997 0.6011904765625 0.2455357140625 0.5992063484375 0.2452876984375 0.612103175 0.2485119046875 0.6203703703125 0.252480159375 0.6240079359374999 0.2576884921875 0.6246693125
0 0.2328869046875 0.5982142859375 0.2366071421875 0.596891534375 0.240575396875 0.5919312171875 0.2398313484375 0.5869709000000001 0.23387896874999997 0.5866402109375 0.22867063437500001 0.58167989375 0.22569444375 0.5763888890625 0.2242063484375 0.5707671953125 0.2227182546875 0.5694444437499999 0.218998015625 0.5727513234375 0.21304563437500001 0.5744047625 0.20560515937499999 0.5691137562499999 0.2016369046875 0.577380953125 0.2021329359375 0.5826719578125 0.21056547656250002 0.5886243390625 0.21602182499999997 0.5978835984375 0.2328869046875 0.5982142859375
1 0.2242063484375 0.53141534375 0.22544642812500001 0.55026455 0.22693452343749998 0.5515873015625 0.2289186515625 0.5489417984375 0.2301587296875 0.5489417984375 0.2331349203125 0.55621693125 0.237847221875 0.5744047625 0.2408234125 0.5796957671875 0.24280753906250002 0.5803571421875 0.2517361109375 0.577380953125 0.255704365625 0.5744047625 0.255704365625 0.5664682546875001 0.252728175 0.521825396875 0.250248015625 0.50628306875 0.250744046875 0.4917328046875 0.2514880953125 0.484126984375 0.25868055624999997 0.45634920625 0.2606646828125 0.4424603171875 0.2619047625 0.4232804234375 0.2604166671875 0.4206349203125 0.25868055624999997 0.4203042328125 0.24677579375 0.421626984375 0.2321428578125 0.4272486765625 0.222222221875 0.428571428125 0.218501984375 0.4388227515625 0.21825396874999997 0.44874338593749996 0.22197420625 0.4699074078125 0.22445436562499999 0.49140211562499997 0.2242063484375 0.53141534375
1 0.1145833328125 0.5793650796875001 0.11755952343750001 0.6008597890625 0.1207837296875 0.6147486765625 0.1235119046875 0.6240079359374999 0.1264880953125 0.6296296296875 0.146329365625 0.641203703125 0.14905753906250002 0.6421957671875 0.1522817453125 0.6415343921875001 0.15525793593749998 0.6365740734374999 0.15600198437499999 0.6322751328125 0.15674603125 0.625661375 0.15600198437499999 0.6025132281250001 0.1584821421875 0.5955687828125 0.1636904765625 0.5922619046875 0.16592261875 0.5992063484375 0.1698908734375 0.6028439156250001 0.1770833328125 0.6044973546875 0.1837797625 0.603835978125 0.1939484125 0.5952380953125 0.1989087296875 0.5863095234375 0.206597221875 0.565806878125 0.2165178578125 0.5195105812499999 0.21800595312499998 0.5085978843750001 0.218501984375 0.4613095234375 0.21552579375 0.43981481406249995 0.206597221875 0.415343915625 0.20386904687500002 0.41071428593750003 0.19618055625 0.41633597812499995 0.1875 0.41997354531250003 0.1837797625 0.41964285781250005 0.18030753906250002 0.41732804218749997 0.1765873015625 0.41898148125 0.15873015937499999 0.4203042328125 0.150545634375 0.42261904687499996 0.11805555625 0.4229497359375 0.1140873015625 0.4242724875 0.1113591265625 0.428571428125 0.10987103125 0.44179894218750004 0.10639880937499999 0.44940476250000005 0.10491071406250001 0.45866402187500005 0.10565476250000001 0.48842592656250006 0.11160714218750001 0.5168650796875001 0.11160714218750001 0.5386904765625 0.1145833328125 0.5793650796875001