4 0.75078125 0.2359375 0.203125 0.3046875
3 0.74296875 0.16796875 0.0171875 0.0265625
2 0.71796875 0.2875 0.0296875 0.0515625
1 0.4328125 0.5296875 0.1078125 0.296875
4 0.415625 0.278125 0.146875 0.2453125
2 0.41015625 0.35078125 0.0265625 0.0515625
3 0.4296875 0.2265625 0.01875 0.0234375
0 0.7671875 0.6890625 0.0625 0.0578125
0 0.7375 0.6578125 0.0578125 0.0953125
0 0.64609375 0.6109375 0.04375 0.034375
0 0.921875 0.5515625 0.0265625 0.0265625
0 0.8734375 0.5578125 0.0421875 0.03125
0 0.5921875 0.7140625 0.046875 0.046875
0 0.503125 0.73046875 0.078125 0.0515625
0 0.46875 0.6609375 0.053125 0.0484375
0 0.4140625 0.69453125 0.03125 0.0328125
0 0.3296875 0.6296875 0.034375 0.08125
1 0.73984375 0.51640625 0.1515625 0.321875
1 0.565625 0.53515625 0.1859375 0.346875