4 0.4265873015625 0.791005290625 0.43353174531249994 0.813161375 0.4427083328125 0.8270502640625 0.450148809375 0.8353174609374999 0.459325396875 0.8382936515624999 0.46155753906249997 0.840608465625 0.46279761875 0.8449074078125 0.4635416671875 0.8548280421875001 0.466021825 0.8584656078125 0.4766865078125 0.8581349203125 0.4925595234375 0.8485449734375001 0.499751984375 0.8419312171875 0.5044642859375 0.8330026453125001 0.5054563484375 0.8263888890625 0.5109126984375 0.8257275125 0.5133928578125 0.833994709375 0.5166170640625001 0.8353174609374999 0.5290178578125 0.8201058203124999 0.5322420640625001 0.8134920640625 0.5327380953125 0.80654761875 0.5367063484375 0.802579365625 0.5416666671875 0.7929894187500001 0.544394840625 0.7433862437500001 0.549355159375 0.6957671953125 0.5491071421875 0.690476190625 0.546130953125 0.6832010578125 0.54637896875 0.6655643734375001 0.5481150796875001 0.621362434375 0.55009920625 0.60681216875 0.5510912703125 0.5846560843749999 0.5535714281249999 0.572089946875 0.562748015625 0.5390211640625 0.5637400796875001 0.534391534375 0.56299603125 0.5300925921874999 0.5575396828125 0.528108465625 0.546875 0.5271164015625 0.53720238125 0.5238095234375 0.5349702375 0.5261243390625 0.5334821421875 0.537367725 0.528521825 0.5353835984375 0.5267857140625 0.5274470906250001 0.525545634375 0.5274470906250001 0.52157738125 0.5386904765625 0.5106646828125 0.5628306875 0.49032738125 0.549603175 0.490575396875 0.5383597890625 0.4920634921875 0.528769840625 0.4920634921875 0.525132275 0.491071428125 0.5238095234375 0.453373015625 0.5271164015625 0.45089285781250005 0.53141534375 0.45089285781250005 0.541335978125 0.446924603125 0.54398148125 0.4449404765625 0.5297619046875 0.44345238125 0.5261243390625 0.44171627031250005 0.5254629625 0.43303571406249997 0.528439153125 0.43154761875 0.5300925921874999 0.4310515875 0.5327380953125 0.43303571406249997 0.540674603125 0.437748015625 0.5727513234375 0.43700396875 0.6203703703125 0.44345238125 0.671626984375 0.443700396875 0.6808862437500001 0.4422123015625 0.6921296296875 0.439980159375 0.7000661375 0.43948412656249997 0.708664021875 0.440476190625 0.7096560843749999 0.43948412656249997 0.716269840625 0.4365079359375 0.7232142859375 0.43154761875 0.7258597890625 0.4298115078125 0.7364417984375 0.42410714218749995 0.747023809375 0.4228670640625 0.753306878125 0.4233630953125 0.7675264546875 0.4265873015625 0.791005290625
3 0.5328125 0.76484375 0.01328125 0.02734375
3 0.54609375 0.7546875 0.01015625 0.02265625
4 0.635056628125 0.8119106765625 0.6419935640625 0.8054313125 0.654480046875 0.776737015625 0.660029590625 0.769794846875 0.6666196859375 0.7411005671875001 0.6603764328125 0.7299930921875 0.6603764328125 0.715645953125 0.6603764328125 0.696207878125 0.6676602375 0.5925381640625 0.663498059375 0.5911497171875 0.653092653125 0.5906869125 0.6437277984375 0.5916125562500001 0.629853925 0.5916125562500001 0.61944851875 0.5925381640625 0.601759334375 0.5906869125 0.5910070609375 0.5976290796875 0.5774800546875001 0.6406705359375 0.5760926625 0.67769543125 0.574358428125 0.7355468296875001 0.5695025671875 0.751745221875 0.5674214906249999 0.7822907531250001 0.5726241937500001 0.803580078125 0.5844169921875 0.810522246875 0.5969034734374999 0.8146875453125 0.6021061765625 0.8267206296875 0.621182753125 0.8091337984375 0.633669234375 0.7915469765625 0.6349225578125 0.8050394843750001 0.635056628125 0.8119106765625
3 0.6546875 0.759375 0.01171875 0.0234375
2 0.646875 0.6609375 0.0265625 0.04296875
2 0.55703125 0.640625 0.0234375 0.040625
4 0.28720238125 0.6871693125 0.297619046875 0.697420634375 0.3087797625 0.703042328125 0.3125 0.7099867718749999 0.325148809375 0.6977513234375 0.330605159375 0.6891534390625 0.3328373015625 0.691137565625 0.33506944375000003 0.69973545 0.33928571406249997 0.703703703125 0.3521825390625 0.697420634375 0.3606150796875 0.6884920640625001 0.3648313484375 0.6792328046875 0.372519840625 0.6666666671875 0.375744046875 0.6583994703125 0.3767361109375 0.6517857140625 0.3764880953125 0.6418650796875001 0.37400793593750004 0.6382275125 0.3658234125 0.6365740734374999 0.35887896874999997 0.6395502640624999 0.3573908734375 0.6358618234375 0.3571428578125 0.609126984375 0.3581349203125 0.5882936515625 0.362351190625 0.5674603171875 0.36259920625 0.5582010578125 0.3616071421875 0.55621693125 0.356398809375 0.5548941796875 0.3230970421875 0.5552248671875 0.30580357187499996 0.5522486765625 0.3018353171875 0.552910053125 0.299355159375 0.58101851875 0.29637896874999997 0.599867725 0.29737103125000003 0.627645503125 0.29588293593750004 0.63095238125 0.2852182546875 0.6302910046875 0.281498015625 0.6329365078125 0.278521825 0.6524470906250001 0.278769840625 0.65575396875 0.28075396874999997 0.6603835984375 0.28125 0.666335978125 0.28720238125 0.6871693125
2 0.33828125 0.60859375 0.0109375 0.02578125
3 0.34921875 0.67265625 0.0078125 0.0125
4 0.194196428125 0.7255290999999999 0.1954365078125 0.7361111109375 0.20039682499999997 0.740079365625 0.20585317500000003 0.75 0.21205357187499999 0.7503306875 0.2132936515625 0.7390873015625 0.22767857187499999 0.724867725 0.2296626984375 0.7276785718750001 0.2306547625 0.733796296875 0.23511904687500002 0.7430555562500001 0.24429563437500001 0.7460317453124999 0.2485119046875 0.7427248671875 0.24925595312499998 0.7324735453125 0.2514880953125 0.728505290625 0.2542162703125 0.7169312171875 0.25892857187499996 0.70634920625 0.2705853171875 0.624338625 0.2775297625 0.5896164015625 0.2772817453125 0.5846560843749999 0.23263888906250002 0.57473545 0.2224702375 0.5740740734374999 0.22048611093749998 0.5866402109375 0.2165178578125 0.5995370375 0.21205357187499999 0.6617063484375 0.2070932546875 0.6769179890625 0.2073412703125 0.6832010578125 0.20386904687500002 0.6835317453124999 0.19444444375 0.677910053125 0.1862599203125 0.677579365625 0.1852678578125 0.6832010578125 0.18824404687500002 0.7119709000000001 0.194196428125 0.7255290999999999
3 0.2546875 0.70546875 0.01015625 0.015625
4 0.071924603125 0.7572751328125 0.0761408734375 0.7675264546875 0.07911706406249999 0.7708333328125 0.10019841249999999 0.7827380953125 0.10962301562500001 0.7867063484375 0.1140873015625 0.791335978125 0.1173115078125 0.7986111109375 0.11954365156249999 0.7986111109375 0.15178571406250002 0.752645503125 0.153521825 0.7552910046875 0.15575396875 0.771164021875 0.1547619046875 0.7870370375 0.1574900796875 0.7886904765625 0.1669146828125 0.775132275 0.17906746093749998 0.765211640625 0.19072420625 0.750661375 0.19345238125 0.74404761875 0.196428571875 0.73082010625 0.1994047625 0.724867725 0.2108134921875 0.69312169375 0.21031746093749998 0.6888227515625001 0.2068452375 0.684854496875 0.19965277812499999 0.6802248671875 0.18849206406250002 0.6762566140625 0.18725198437499999 0.6742724875 0.1894841265625 0.6636904765625 0.18824404687500002 0.652777778125 0.18774801562500001 0.625 0.1889880953125 0.622354496875 0.193700396875 0.6197089953125 0.20039682499999997 0.6124338625 0.20386904687500002 0.603174603125 0.20486111093749998 0.591269840625 0.19444444375 0.5826719578125 0.1862599203125 0.5790343921875001 0.1835317453125 0.5790343921875001 0.18154761875 0.5846560843749999 0.1765873015625 0.58101851875 0.168898809375 0.5800264546875 0.11061507968749999 0.577380953125 0.10069444375 0.6025132281250001 0.102678571875 0.6326058203125 0.0952380953125 0.6729497359375001 0.0959821421875 0.6865079359374999 0.0922619046875 0.6917989421875 0.083829365625 0.6980820109375 0.07018849218749999 0.7053571421875 0.060267857812500006 0.708664021875 0.059523809375 0.7132936515625 0.071924603125 0.7572751328125
2 0.1609375 0.703125 0.01875 0.034375
3 0.17734375 0.7421875 0.0140625 0.01796875
0 0.596478175 0.33498677187500003 0.5982142859375 0.3363095234375 0.6004464281249999 0.33134920625 0.606646825 0.3260582015625 0.6138392859375 0.321759259375 0.6170634921875 0.32142857187499996 0.6165674609375 0.328042328125 0.6175595234375 0.33101851875 0.622023809375 0.334656084375 0.6259920640625001 0.3353174609375 0.627480159375 0.33399470937500003 0.6302083328125 0.3244047625 0.6329365078125 0.31878306875 0.637152778125 0.31349206406249996 0.656001984375 0.3005952375 0.6572420640625001 0.29298941875 0.6547619046875 0.2893518515625 0.656001984375 0.2870370375 0.6515376984375 0.285052909375 0.634424603125 0.2867063484375 0.62549603125 0.290343915625 0.6143353171875 0.2986111109375 0.596726190625 0.303902115625 0.593998015625 0.3075396828125 0.59424603125 0.32473545000000004 0.596478175 0.33498677187500003
0 0.4632936515625 0.228174603125 0.4699900796875 0.22949735468750002 0.4766865078125 0.2334656078125 0.484375 0.234126984375 0.4990079359375 0.24470899531249998 0.50967261875 0.24404761874999997 0.5116567453124999 0.24570105781249998 0.512648809375 0.25 0.512152778125 0.25595238125 0.512896825 0.259259259375 0.5223214281249999 0.2625661375 0.5260416671875 0.25892857187499996 0.5324900796875001 0.2476851859375 0.5394345234375 0.24272486718750003 0.54737103125 0.23247354531250003 0.559027778125 0.22056878281249997 0.5602678578125 0.2172619046875 0.5605158734375 0.20899470937500003 0.5572916671875 0.1984126984375 0.5550595234375 0.196428571875 0.53720238125 0.19411375625 0.5357142859375 0.1917989421875 0.5364583328125 0.1898148140625 0.5362103171875 0.1822089953125 0.531994046875 0.1755952375 0.5039682546875001 0.1732804234375 0.4935515875 0.1759259265625 0.4640376984375 0.1984126984375 0.46180555625 0.2053571421875 0.46180555625 0.2142857140625 0.4632936515625 0.228174603125
1 0.5890376984375 0.5605158734375 0.591269840625 0.5608465609375 0.597222221875 0.56812169375 0.5977182546875001 0.583994709375 0.5957341265625 0.5892857140625 0.596230159375 0.5922619046875 0.608630953125 0.5916005296875 0.6264880953125 0.59325396875 0.639880953125 0.5889550265625 0.652777778125 0.5882936515625 0.6542658734375 0.5849867718749999 0.656001984375 0.5625 0.6498015875 0.5228174609375 0.6495535718750001 0.5069444437499999 0.6507936515625 0.48247354531250003 0.65029761875 0.46792327968749997 0.6493055562500001 0.462632275 0.638144840625 0.446428571875 0.6356646828125 0.4378306875 0.6339285718750001 0.41633597812499995 0.6321924609375 0.4080687828125 0.6297123015625 0.40211640156249995 0.628472221875 0.38128306875 0.62450396875 0.36276454999999996 0.62450396875 0.34722222187499996 0.6235119046875 0.3422619046875 0.6001984125 0.34821428593750003 0.5989583328125 0.358796296875 0.5989583328125 0.383597884375 0.5957341265625 0.38624338593749996 0.5915178578125 0.377645503125 0.5887896828125 0.3753306875 0.5830853171875 0.3796296296875 0.5791170640625001 0.3855820109375 0.5828373015625 0.4206349203125 0.584325396875 0.42625661406250004 0.5952380953125 0.45238095312500004 0.6039186515625 0.46527777812500004 0.6054067453124999 0.4735449734375 0.6051587296875 0.49933862500000004 0.5992063484375 0.5142195765625 0.5922619046875 0.5363756609375 0.5892857140625 0.547619046875 0.58779761875 0.5585317453124999 0.5890376984375 0.5605158734375
1 0.4521329359375 0.5264550265625 0.45386904687499996 0.528108465625 0.49007936562500004 0.5244709000000001 0.4920634921875 0.5228174609375 0.493799603125 0.51818783125 0.49776785781250005 0.49404761875 0.50049603125 0.48644179843749996 0.5037202375 0.48247354531250003 0.5091765875 0.4794973546875 0.51884920625 0.47883597812499995 0.527777778125 0.4854497359375 0.5300099203124999 0.4920634921875 0.5302579359374999 0.4996693125 0.5272817453124999 0.516203703125 0.5267857140625 0.5264550265625 0.531001984375 0.5459656078124999 0.5334821421875 0.5327380953125 0.5362103171875 0.5267857140625 0.5548115078125 0.5291005296875 0.562251984375 0.528108465625 0.5691964281249999 0.5049603171875 0.5801091265625 0.44345238125 0.58134920625 0.41005290937499994 0.577876984375 0.3928571421875 0.5674603171875 0.35582010625 0.5587797625 0.3366402109375 0.546875 0.30555555624999997 0.5416666671875 0.296296296875 0.5384424609375 0.2953042328125 0.53075396875 0.2986111109375 0.512152778125 0.315145503125 0.5086805562500001 0.315476190625 0.49578372968749995 0.303902115625 0.4925595234375 0.302579365625 0.48883928593750003 0.29728835937500003 0.4898313484375 0.27248677187500003 0.48809523749999995 0.2549603171875 0.486855159375 0.2519841265625 0.4833829359375 0.25 0.4794146828125 0.25 0.4734623015625 0.2523148140625 0.4637896828125 0.25892857187499996 0.4583333328125 0.2741402109375 0.455853175 0.2890211640625 0.45238095312500004 0.3356481484375 0.4543650796875 0.43981481406249995 0.4521329359375 0.471560846875 0.45114087343750003 0.521494709375 0.4521329359375 0.5264550265625
0 0.32713293593750004 0.4378306875 0.3301091265625 0.4388227515625 0.331101190625 0.44312169375000005 0.3320932546875 0.44312169375000005 0.3353174609375 0.44146825468750006 0.3387896828125 0.44146825468750006 0.341269840625 0.4384920640625 0.34275793593750004 0.4384920640625 0.3479662703125 0.43419312187500003 0.349454365625 0.43187830624999995 0.35044642812500004 0.4269179890625 0.3487103171875 0.4242724875 0.3391369046875 0.4232804234375 0.338045634375 0.41931216875 0.3385416671875 0.41468253906249997 0.33705357187499996 0.4136904765625 0.3216765875 0.4140211640625 0.3199404765625 0.415674603125 0.31944444375000003 0.422288359375 0.322420634375 0.43320105781249996 0.32713293593750004 0.4378306875
1 0.3241567453125 0.55621693125 0.3477182546875 0.55654761875 0.35838293593750004 0.5548941796875 0.3576388890625 0.5456349203124999 0.35243055624999997 0.5304232796874999 0.3489583328125 0.5013227515625001 0.34275793593750004 0.484457671875 0.3397817453125 0.47255290937499994 0.3395337296875 0.45767195781250003 0.33680555624999997 0.453042328125 0.33482142812500004 0.446428571875 0.3296130953125 0.4454365078125 0.3234126984375 0.44113756562499995 0.3196924609375 0.440145503125 0.3167162703125 0.43386243437500005 0.3137400796875 0.4365079359375 0.312251984375 0.43981481406249995 0.312251984375 0.4424603171875 0.3144841265625 0.44609788437500003 0.315785425 0.4518220640625 0.310021675 0.5003076109375 0.3112746671875 0.526055109375 0.30651329375 0.55013069375 0.3045634921875 0.553240740625 0.3241567453125 0.55621693125
0 0.24727182499999997 0.3988095234375 0.2490079359375 0.3988095234375 0.2549603171875 0.40641534375 0.2581845234375 0.4077380953125 0.262648809375 0.40707672031250003 0.2728174609375 0.390542328125 0.27455357187499996 0.383597884375 0.27256944375000003 0.38062169375 0.2668650796875 0.3769841265625 0.2576884921875 0.3753306875 0.252480159375 0.37599206406249996 0.2485119046875 0.3796296296875 0.2452876984375 0.387896825 0.2455357140625 0.4007936515625 0.24727182499999997 0.3988095234375
0 0.20560515937499999 0.43088624375 0.21304563437500001 0.42559523749999995 0.218998015625 0.4272486765625 0.2227182546875 0.43055555625 0.2242063484375 0.4292328046875 0.22569444375 0.4236111109375 0.22867063437500001 0.41832010625000005 0.23387896874999997 0.41335978906250004 0.2398313484375 0.4130291 0.240575396875 0.4080687828125 0.2366071421875 0.403108465625 0.2328869046875 0.40178571406249997 0.21602182499999997 0.40211640156249995 0.21056547656250002 0.4113756609375 0.2021329359375 0.41732804218749997 0.2016369046875 0.42261904687499996 0.20560515937499999 0.43088624375
1 0.222222221875 0.5714285718750001 0.2321428578125 0.5727513234375 0.24677579375 0.578373015625 0.25868055624999997 0.5796957671875 0.2604166671875 0.5793650796875001 0.2619047625 0.5767195765625 0.2606646828125 0.5575396828125 0.25868055624999997 0.54365079375 0.2514880953125 0.515873015625 0.250744046875 0.5082671953125 0.250248015625 0.49371693125 0.252728175 0.478174603125 0.255704365625 0.43353174531249994 0.255704365625 0.42559523749999995 0.2517361109375 0.42261904687499996 0.24280753906250002 0.41964285781250005 0.2408234125 0.4203042328125 0.237847221875 0.42559523749999995 0.2331349203125 0.44378306875 0.2301587296875 0.45105820156250004 0.2289186515625 0.45105820156250004 0.22693452343749998 0.4484126984375 0.22544642812500001 0.44973545000000004 0.2242063484375 0.46858465625 0.22445436562499999 0.5085978843750001 0.22197420625 0.5300925921874999 0.21825396874999997 0.5512566140625 0.218501984375 0.5611772484374999 0.222222221875 0.5714285718750001
1 0.10639880937499999 0.5505952375 0.10987103125 0.5582010578125 0.1113591265625 0.5714285718750001 0.1140873015625 0.5757275125 0.11805555625 0.5770502640624999 0.150545634375 0.577380953125 0.15873015937499999 0.5796957671875 0.1765873015625 0.58101851875 0.18030753906250002 0.5826719578125 0.1837797625 0.5803571421875 0.1875 0.5800264546875 0.19618055625 0.583664021875 0.20386904687500002 0.5892857140625 0.206597221875 0.5846560843749999 0.21552579375 0.5601851859375 0.218501984375 0.5386904765625 0.21800595312499998 0.49140211562499997 0.2165178578125 0.48048941875000006 0.206597221875 0.43419312187500003 0.1989087296875 0.4136904765625 0.1939484125 0.4047619046875 0.1837797625 0.396164021875 0.1770833328125 0.3955026453125 0.1698908734375 0.397156084375 0.16592261875 0.4007936515625 0.1636904765625 0.4077380953125 0.1584821421875 0.4044312171875 0.15600198437499999 0.39748677187500003 0.15674603125 0.374338625 0.15600198437499999 0.3677248671875 0.15525793593749998 0.3634259265625 0.1522817453125 0.35846560781250003 0.14905753906250002 0.3578042328125 0.146329365625 0.358796296875 0.1264880953125 0.3703703703125 0.1235119046875 0.37599206406249996 0.1207837296875 0.3852513234375 0.11755952343750001 0.3991402109375 0.1145833328125 0.4206349203125 0.11160714218750001 0.4613095234375 0.11160714218750001 0.4831349203125 0.10565476250000001 0.5115740734374999 0.10491071406250001 0.541335978125 0.10639880937499999 0.5505952375