4 0.29140625 0.35703125 0.36875 0.178125
4 0.38984375 0.49453125 0.2265625 0.0859375
4 0.384375 0.2328125 0.046875 0.0359375
3 0.21640625 0.41015625 0.028125 0.01875
3 0.259375 0.4484375 0.0078125 0.00625
3 0.32109375 0.509375 0.0171875 0.0078125
1 0.621875 0.3828125 0.30625 0.2234375
0 0.79140625 0.30859375 0.0609375 0.0734375
0 0.7921875 0.49609375 0.0828125 0.1109375
0 0.6375 0.38359375 0.090625 0.04375
0 0.71484375 0.41171875 0.053125 0.040625
0 0.68046875 0.503125 0.0421875 0.053125
1 0.55078125 0.47421875 0.2140625 0.08125