4 0.5296875 0.434375 0.275 0.140625
3 0.47265625 0.42421875 0.0234375 0.01875
2 0.54453125 0.44921875 0.0453125 0.0234375
4 0.503125 0.58125 0.1765625 0.0921875
2 0.53828125 0.5953125 0.025 0.0140625
0 0.88203125 0.465625 0.0484375 0.0578125
1 0.746875 0.46015625 0.2546875 0.1046875
0 0.8171875 0.4265625 0.0953125 0.0265625
0 0.74453125 0.5859375 0.0390625 0.0265625
0 0.721875 0.67421875 0.03125 0.0328125
0 0.7078125 0.703125 0.0328125 0.0390625
1 0.6546875 0.590625 0.159375 0.0703125
0 0.634375 0.68984375 0.1234375 0.090625