4 0.390625 0.2953125 0.12578125 0.2203125
4 0.53515625 0.31875 0.09140625 0.1671875
4 0.1671875 0.278125 0.1125 0.1921875
1 0.2484375 0.49296875 0.071875 0.22578125
1 0.38046875 0.4828125 0.0984375 0.2078125
1 0.528125 0.48515625 0.0796875 0.19765625
1 0.065625 0.5171875 0.0796875 0.26328125
1 0.62734375 0.51015625 0.075 0.21328125
1 0.7296875 0.51875 0.103125 0.26953125
0 0.07734375 0.66640625 0.0796875 0.04140625
0 0.0375 0.6421875 0.025 0.04375
0 0.1625 0.58671875 0.0546875 0.040625
0 0.20546875 0.584375 0.0390625 0.04296875
0 0.253125 0.615625 0.059375 0.0359375
0 0.27421875 0.59375 0.04375 0.0359375
0 0.3796875 0.5890625 0.02734375 0.04765625
0 0.41484375 0.59140625 0.03671875 0.0453125
0 0.49296875 0.59921875 0.0375 0.03203125
0 0.56015625 0.59765625 0.03046875 0.03828125
0 0.61328125 0.6265625 0.06328125 0.0359375
0 0.65546875 0.603125 0.05546875 0.03203125
0 0.703125 0.65625 0.0765625 0.04140625
3 0.18359375 0.2375 0.0140625 0.01796875
3 0.409375 0.259375 0.0125 0.0171875
3 0.53984375 0.28046875 0.01328125 0.01796875
2 0.52109375 0.36875 0.021875 0.028125