4 0.65966796875 0.5139705875 0.62109375 0.5102941171875 0.60888671875 0.49485294062499996 0.6064453125 0.51323529375 0.6025390625 0.525 0.5810546875 0.5654411765625 0.5732421875 0.57573529375 0.56396484375 0.57573529375 0.55517578125 0.557352940625 0.552734375 0.5389705874999999 0.54931640625 0.53676470625 0.54052734375 0.5661764703125 0.52978515625 0.62573529375 0.52783203125 0.7110294125000001 0.52978515625 0.7352941171875 0.546875 0.8220588234375 0.5693359375 0.8889705875 0.57470703125 0.9110294124999999 0.57861328125 0.9375 0.580078125 0.9779411765624999 0.61572265625 0.9963235296875 0.6201171875 0.9941176468749999 0.6220703125 0.9529411765625 0.6201171875 0.9477941171875001 0.61474609375 0.9463235296875 0.611328125 0.9389705875000001 0.6123046875 0.9227941171875 0.61767578125 0.9169117640625 0.61767578125 0.9044117640625 0.6103515625 0.8389705875000001 0.60986328125 0.7794117640625 0.60595703125 0.7720588234375 0.595703125 0.7705882359375 0.5908203125 0.7647058828125 0.58154296875 0.718382353125 0.591796875 0.7102941171875 0.59130859375 0.6485294125000001 0.5966796875 0.63823529375 0.60986328125 0.6279411765625 0.626953125 0.6044117640625 0.666015625 0.5654411765625 0.6669921875 0.5294117640625 0.66552734375 0.5227941171875 0.65966796875 0.5139705875
3 0.5375 0.63984375 0.0203125 0.0375
4 0.80859375 1 0.80810546875 0.9889705875000001 0.79931640625 0.9647058828124999 0.802734375 0.9375 0.796875 0.8875 0.7978515625 0.857352940625 0.794921875 0.8271008406249999 0.79638671875 0.781617646875 0.79833984375 0.7772058828125 0.802734375 0.7764705875 0.8271484375 0.7911764703124999 0.84375 0.7919117640625 0.85302734375 0.7794117640625 0.85498046875 0.7544117640625 0.84912109375 0.7397058828125 0.82568359375 0.6455882359375 0.80908203125 0.607352940625 0.798828125 0.5926470593750001 0.79150390625 0.6088235296875 0.7890625 0.6095588234375 0.78271484375 0.6036764703124999 0.77783203125 0.6044117640625 0.7685546875 0.619852940625 0.759765625 0.6213235296875 0.75244140625 0.6080882359374999 0.74658203125 0.6036764703124999 0.74853515625 0.5860294125000001 0.7392578125 0.580882353125 0.734375 0.5727941171875 0.73974609375 0.5610294125 0.740234375 0.5551470593750001 0.7265625 0.544117646875 0.72509765625 0.5529411765625001 0.70751953125 0.593382353125 0.6884765625 0.618382353125 0.68310546875 0.6088235296875 0.6708984375 0.5661764703125 0.66650390625 0.56323529375 0.623046875 0.607352940625 0.6142578125 0.6205882359375 0.60595703125 0.6647058828125 0.6044921875 0.7330882359374999 0.599609375 0.7360294125 0.5947265625 0.744852940625 0.59326171875 0.7661764703125 0.5966796875 0.7720588234375 0.61767578125 0.769852940625 0.6318359375 0.77573529375 0.642578125 0.7838235296875 0.6484375 0.792647059375 0.650390625 0.8404411765625 0.6416015625 0.9154411765624999 0.64599609375 0.9433823531250001 0.65625 0.9683823531250001 0.66455078125 1 0.80859375 1
3 0.65 0.69296875 0.01953125 0.0453125
2 0.7078125 0.90859375 0.04765625 0.11484375
2 0.58046875 0.68046875 0.0265625 0.07734375
4 0.46923828125 0.669852940625 0.46728515625 0.5610294125 0.4599609375 0.5551470593750001 0.453125 0.5389705874999999 0.4501953125 0.53823529375 0.41845703125 0.6088235296875 0.4150390625 0.605147059375 0.40966796875 0.5875 0.40673828125 0.5647058828125 0.4072265625 0.54926470625 0.400390625 0.5323529406249999 0.39892578125 0.5330882359375 0.3974609375 0.5529411765625001 0.3935546875 0.5588235296875 0.38427734375 0.5647058828125 0.36376953125 0.5875 0.35205078125 0.6279411765625 0.345703125 0.6352941171875 0.33349609375 0.6602941171875 0.330078125 0.682352940625 0.34716796875 0.7338235296875 0.35595703125 0.7514705875 0.37109375 0.7713235296875001 0.37841796875 0.77573529375 0.38818359375 0.7735294125000001 0.39111328125 0.7794117640625 0.3828125 0.8110294124999999 0.3720703125 0.8735294124999999 0.35791015625 0.9352941171875001 0.3583984375 0.9477941171875001 0.36767578125 0.9625 0.3701171875 0.96323529375 0.37353515625 0.955147059375 0.41455078125 0.9713235296875 0.4208984375 0.9661764703125 0.42919921875 0.9698529406249999 0.47314453125 0.9683823531250001 0.5234375 0.9610294125 0.52392578125 0.9522058828125 0.51611328125 0.9161764703124999 0.4912109375 0.6985294125 0.46923828125 0.669852940625
2 0.4328125 0.7578125 0.03125 0.08046875
3 0.38359375 0.65625 0.01640625 0.04140625
4 0.36328125 0.44926470625 0.3603515625 0.4470588234375 0.3466796875 0.481617646875 0.330078125 0.5029411765625 0.30810546875 0.4661764703125 0.3115234375 0.45514705937500005 0.30908203125 0.4205882359375 0.30322265625 0.4264705875 0.26904296875 0.444117646875 0.2548828125 0.4544117640625 0.2412109375 0.4779411765625 0.22705078125 0.544852940625 0.21923828125 0.5705882359375 0.21533203125 0.5955882359375 0.21630859375 0.61176470625 0.21826171875 0.6147058828125 0.2216796875 0.6139705875 0.23388671875 0.5948529406249999 0.25341796875 0.5397058828125 0.26904296875 0.5507352937500001 0.26806640625 0.5705882359375 0.2607421875 0.6330882359375 0.244140625 0.67426470625 0.232421875 0.7404411765625001 0.2314453125 0.755882353125 0.2177734375 0.8147058828124999 0.216796875 0.8272058828125 0.21875 0.830882353125 0.26171875 0.8529411765624999 0.28662109375 0.8625 0.29296875 0.8625 0.2939453125 0.855882353125 0.29150390625 0.8397058828124999 0.28271484375 0.8154411765624999 0.2841796875 0.79926470625 0.2890625 0.7919117640625 0.29443359375 0.7904411765625 0.2998046875 0.780882353125 0.330078125 0.7669117640625001 0.33740234375 0.7580882359375 0.3427734375 0.756617646875 0.34716796875 0.7514705875 0.34912109375 0.7404411765625001 0.3359375 0.6992647062499999 0.3291015625 0.68676470625 0.3291015625 0.67426470625 0.3349609375 0.6455882359375 0.33544921875 0.6193933828125 0.33935546875 0.6132352937500001 0.34423828125 0.6323529406249999 0.34814453125 0.631617646875 0.3623046875 0.5911764703125 0.37060546875 0.5772058828125 0.373046875 0.5485294125 0.37255859375 0.5014705875 0.36328125 0.44926470625
2 0.3359375 0.62578125 0.03125 0.06484375
3 0.29375 0.53671875 0.0171875 0.028125