4 0.76328125 0.15703125 0.425 0.2671875
3 0.678125 0.134375 0.0484375 0.040625
4 0.5625 0.2125 0.1546875 0.109375
3 0.56796875 0.209375 0.034375 0.03125
4 0.7953125 0.346875 0.3828125 0.259375
3 0.696875 0.28984375 0.04375 0.034375
2 0.95234375 0.38671875 0.0953125 0.0578125
4 0.67578125 0.4828125 0.4109375 0.2578125
2 0.82265625 0.484375 0.078125 0.046875
4 0.85859375 0.59921875 0.2828125 0.2671875
2 0.9484375 0.5640625 0.04375 0.034375
4 0.58984375 0.61796875 0.3296875 0.1984375
2 0.553125 0.575 0.03125 0.025
2 0.6890625 0.6328125 0.0734375 0.046875
4 0.4671875 0.8828125 0.365625 0.234375
2 0.58359375 0.89453125 0.075 0.0390625