4 0.5556640625 0.678388278125 0.55859375 0.6798534796875 0.57080078125 0.6798534796875 0.61669921875 0.6901098906249999 0.6259765625 0.7047619046875 0.63134765625 0.70622710625 0.63720703125 0.6959706953125 0.65185546875 0.6959706953125 0.6572265625 0.69304029375 0.666015625 0.6835164828125 0.6748046875 0.66813186875 0.6884765625 0.627838828125 0.693359375 0.5890109890625 0.69140625 0.5875457875000001 0.68359375 0.5948717953125 0.67529296875 0.5948717953125 0.66796875 0.5875457875000001 0.677734375 0.55604395625 0.6796875 0.5296703296875 0.6865234375 0.4871794875 0.6875 0.45274725312499997 0.6865234375 0.440293040625 0.68115234375 0.44102564062500005 0.6796875 0.44981685000000005 0.66845703125 0.45079364999999993 0.67041015625 0.42124542187499997 0.64599609375 0.41318681249999994 0.61865234375 0.3853479859375 0.61572265625 0.3853479859375 0.60400390625 0.40219780156249996 0.60107421875 0.4879120875 0.59814453125 0.502564103125 0.591796875 0.5106227109375 0.59033203125 0.5172161171874999 0.59033203125 0.5516483515624999 0.58544921875 0.5860805859375 0.58447265625 0.616117215625 0.58154296875 0.621245421875 0.56591796875 0.6227106234375 0.55419921875 0.6578754578125 0.5537109375 0.6732600734374999 0.5556640625 0.678388278125
2 0.59765625 0.53203125 0.0234375 0.053125
4 0.45556640625 0.63150183125 0.4755859375 0.6307692312500001 0.484375 0.6388278390625 0.49755859375 0.60659340625 0.50439453125 0.5963369968750001 0.50634765625 0.5824175828125 0.51171875 0.575091575 0.51513671875 0.5824175828125 0.51513671875 0.602930403125 0.51806640625 0.6117216125 0.53759765625 0.5956043953125 0.54541015625 0.5824175828125 0.54931640625 0.5597069593749999 0.55029296875 0.5230769234375 0.55517578125 0.47179487187499997 0.55419921875 0.4673992671875 0.544921875 0.45860805937500004 0.5361328125 0.459340659375 0.5341796875 0.45641025625 0.53466796875 0.434432234375 0.55029296875 0.40659340625 0.56689453125 0.3641025640625 0.56640625 0.35604395625 0.5556640625 0.334798534375 0.55322265625 0.334798534375 0.54052734375 0.3487179484375 0.5234375 0.3758241765625 0.52001953125 0.3699633703125 0.515625 0.3106227109375 0.47900390625 0.315750915625 0.47216796875 0.3860805859375 0.46337890625 0.4293040296875 0.4658203125 0.44175824218750004 0.47509765625 0.44468864531249996 0.47607421875 0.447619046875 0.44921875 0.5377289375000001 0.451171875 0.54358974375 0.45751953125 0.54358974375 0.46044921875 0.5619047625 0.42626953125 0.5706959703125001 0.41259765625 0.5794871796875001 0.42333984375 0.5890109890625 0.431640625 0.6021978015625 0.431640625 0.621245421875 0.45556640625 0.63150183125
2 0.50625 0.4640625 0.021875 0.05625
4 0.31298828125 0.5084249078124999 0.34130859375 0.5369963375 0.35498046875 0.5626373625000001 0.3662109375 0.5516483515624999 0.37841796875 0.5326007328125 0.39501953125 0.515750915625 0.39794921875 0.515750915625 0.39990234375 0.5208791203125 0.400390625 0.5611721609375 0.40576171875 0.5611721609375 0.41552734375 0.5479853484375 0.4384765625 0.5428571421874999 0.44287109375 0.5391941390625 0.4482421875 0.44908424843750006 0.44775390625 0.39413919375 0.44970703125 0.3641025640625 0.4580078125 0.28498168437500004 0.4677734375 0.26446886406250003 0.466796875 0.252747253125 0.4638671875 0.247619046875 0.4462890625 0.2512820515625 0.439453125 0.26007325937500003 0.4287109375 0.28424908437499996 0.427734375 0.3113553109375 0.42578125 0.3142857140625 0.42041015625 0.31355311406249997 0.416015625 0.3164835171875 0.40185546875 0.2959706953125 0.38427734375 0.28864468906249996 0.375 0.27692307656250004 0.36376953125 0.277655678125 0.3564453125 0.27106227031249996 0.357421875 0.265201465625 0.35546875 0.26300366249999996 0.34814453125 0.2637362640625 0.34130859375 0.27106227031249996 0.337890625 0.315018315625 0.33740234375 0.3794871796875 0.31787109375 0.39340659375000003 0.30712890625 0.3919413921875 0.3046875 0.396336996875 0.30810546875 0.4608058609375 0.3076171875 0.4952380953125 0.31298828125 0.5084249078124999
2 0.4046875 0.340625 0.03203125 0.06796875
3 0.43046875 0.484375 0.02109375 0.0265625
3 0.528125 0.53046875 0.0140625 0.0328125
3 0.61875 0.615625 0.01875 0.03046875
1 0.37255859375 0 0.3603515625 0.0827838828125 0.35693359375 0.1326007328125 0.34130859375 0.20586080624999997 0.34033203125 0.271794871875 0.34228515625 0.27326007343750003 0.34521484375 0.265934065625 0.3505859375 0.2608058609375 0.38623046875 0.2608058609375 0.3955078125 0.26300366249999996 0.41943359375 0.27985347968749996 0.4287109375 0.2827838828125 0.44873046875 0.2520146515625 0.4619140625 0.247619046875 0.47021484375 0.25567765625 0.48486328125 0.2300366296875 0.498046875 0.22930402968750002 0.5185546875 0.2175824171875 0.5244140625 0.20586080624999997 0.52685546875 0.191208790625 0.529296875 0.134065934375 0.5400390625 0.0358974359375 0.5390625 0.0227106234375 0.53173828125 0.016849817187499998 0.50732421875 0.0205128203125 0.4951171875 0.015384615625 0.49072265625 0.016117215625 0.484375 0.038095237500000004 0.47607421875 0.0835164828125 0.46875 0.16410256406249998 0.46435546875 0.1706959703125 0.4375 0.190476190625 0.4150390625 0.20293040312500002 0.412109375 0.1978021984375 0.4140625 0.0769230765625 0.41259765625 0.0388278390625 0.42041015625 0 0.37255859375 0
1 0.6083984375 0.3926739921875 0.6181640625 0.3868131875 0.6337890625 0.40512820468750005 0.65869140625 0.4205128203125 0.671875 0.42271062343750004 0.681640625 0.41318681249999994 0.68505859375 0.3985347984375 0.68701171875 0.3670329671875 0.69384765625 0.322344321875 0.6943359375 0.27545787499999996 0.7001953125 0.24468864531249998 0.70263671875 0.2175824171875 0.70068359375 0.0666666671875 0.6962890625 0.065201465625 0.68896484375 0.07032967031250001 0.67529296875 0.072527471875 0.66845703125 0.0791208796875 0.6669921875 0.11575091562499999 0.66943359375 0.1304029296875 0.646484375 0.21684981718750002 0.62548828125 0.259340659375 0.6123046875 0.28058608125 0.6064453125 0.3018315015625 0.59375 0.32380952343749997 0.59423828125 0.3362637359375 0.6083984375 0.3926739921875
0 0.560546875 0.10549450625000001 0.5654296875 0.10549450625000001 0.56396484375 0.0989010984375 0.5693359375 0.09377289375 0.58349609375 0.0871794875 0.58837890625 0.0871794875 0.5908203125 0.09597069531249999 0.59423828125 0.096703296875 0.59716796875 0.09304029375 0.61328125 0.0871794875 0.61474609375 0.0791208796875 0.6240234375 0.0695970703125 0.62890625 0.0520146515625 0.6259765625 0.047619046875 0.6162109375 0.044688645312500004 0.595703125 0.0490842484375 0.55859375 0.07032967031250001 0.5556640625 0.0739926734375 0.556640625 0.0827838828125 0.560546875 0.10549450625000001
0 0.646484375 0.07472527500000001 0.66650390625 0.09304029375 0.666015625 0.08388278437499999 0.6708984375 0.075457875 0.68701171875 0.07326007343749999 0.70068359375 0.0769230765625 0.70849609375 0.045421245312500004 0.7021484375 0.0417582421875 0.6435546875 0.046886446875 0.630859375 0.053479853125 0.62158203125 0.0710622703125 0.62158203125 0.07472527500000001 0.646484375 0.07472527500000001