4 0.61875 0.69140625 0.7625 0.5546875
4 0.7828125 0.3 0.434375 0.38125
4 0.15078125 0.8515625 0.3015625 0.2375
4 0.2328125 0.73671875 0.3296875 0.2390625
4 0.2921875 0.66640625 0.228125 0.178125
4 0.5171875 0.41484375 0.3265625 0.246875
4 0.5515625 0.275 0.1671875 0.146875
3 0.70234375 0.32265625 0.046875 0.028125
3 0.5453125 0.3203125 0.0375 0.028125
3 0.428125 0.6984375 0.0640625 0.0578125
3 0.303125 0.66640625 0.04375 0.0328125
3 0.1859375 0.7359375 0.0421875 0.0390625
3 0.040625 0.9 0.0484375 0.04375
3 0.13046875 0.44921875 0.021875 0.021875
0 0.85 0.9625 0.128125 0.075
0 0.73046875 0.9515625 0.13125 0.0921875
0 0.5546875 0.91328125 0.0859375 0.0890625
0 0.37890625 0.8875 0.0703125 0.0625
0 0.5140625 0.9796875 0.115625 0.040625
2 0.60234375 0.759375 0.1203125 0.1125
2 0.18515625 0.90546875 0.0859375 0.0703125