4 0.31171875 0.63671875 0.2515625 0.171875
4 0.30859375 0.48203125 0.1890625 0.1265625
4 0.334375 0.87109375 0.2203125 0.1515625
1 0.54296875 0.746875 0.246875 0.115625
1 0.5078125 0.6125 0.2328125 0.1390625
1 0.4828125 0.45859375 0.2203125 0.11875
1 0.60078125 0.9328125 0.2890625 0.13125
1 0.490625 0.3515625 0.234375 0.115625
1 0.48125 0.24296875 0.2984375 0.1578125
0 0.75390625 0.89375 0.0578125 0.090625
0 0.7359375 0.9390625 0.05 0.034375
0 0.65546875 0.8203125 0.053125 0.0640625
0 0.6453125 0.775 0.0515625 0.0484375
0 0.66875 0.7203125 0.0484375 0.06875
0 0.64296875 0.70234375 0.0453125 0.053125
0 0.61796875 0.59453125 0.0546875 0.0359375
0 0.61484375 0.55703125 0.053125 0.0453125
0 0.6078125 0.47421875 0.040625 0.0453125
0 0.59453125 0.4046875 0.0453125 0.0375
0 0.6140625 0.34453125 0.0484375 0.0734375
0 0.58203125 0.3046875 0.04375 0.0640625
0 0.62890625 0.2453125 0.0578125 0.0875
3 0.2890625 0.86171875 0.021875 0.01875
3 0.2703125 0.6234375 0.0203125 0.015625
3 0.26875 0.48359375 0.0203125 0.0171875
2 0.3640625 0.4875 0.0328125 0.028125