4 0.1314141421875 0.34130336875 0.1207996921875 0.3186632140625 0.11211514843749999 0.331165984375 0.10294811875000001 0.33724841875 0.07231097343750001 0.353130325 0.057113007812500005 0.431188184375 0.087026453125 0.44166348906249997 0.0694161125 0.569596684375 0.129484234375 0.5760170328124999 0.1454059015625 0.5540527 0.1666348015625 0.5577697359375 0.17893790781250002 0.5706104328125 0.187863684375 0.56351426875 0.1745956265625 0.4495662875 0.19317091875 0.442132203125 0.191723496875 0.3718463359375 0.18376265625 0.3560020828125 0.1625337546875 0.3424855703125 0.1544780703125 0.32724550625000004 0.155537884375 0.336572590625 0.144923434375 0.3636056171875 0.138168778125 0.3429929328125 0.1314141421875 0.34130336875
3 0.16484375 0.39375 0.01484375 0.0234375
2 0.1453125 0.4359375 0.01796875 0.0390625
4 0.212647978125 0.40396044218749994 0.19764285312500002 0.41826161875 0.19191925625 0.46571550000000006 0.21728873593750003 0.4680990328125 0.207697828125 0.5045248859375 0.1985710140625 0.563463046875 0.22100134374999997 0.570180259375 0.2503928109375 0.571047 0.270193371875 0.5673633734375 0.2658620046875 0.514342415625 0.26617138281249997 0.4796729015625 0.2748341296875 0.48032295312500006 0.2746794390625 0.43633602031249996 0.259519625 0.42008468906249996 0.2499079015625 0.41043028593750003 0.25147565 0.4228119875 0.2454426625 0.43711315624999997 0.2326032390625 0.4184783 0.212647978125 0.40396044218749994
2 0.2375 0.53671875 0.01875 0.03359375
3 0.2640625 0.4484375 0.01015625 0.0140625
4 0.0938999078125 0.661654109375 0.0928950546875 0.734846228125 0.0961608140625 0.739068853125 0.0876195984375 0.7841101562499999 0.0863635375 0.80522326875 0.11047991875 0.7686272015625 0.14464480625 0.7974818046875 0.181070596875 0.7753130265625 0.1941336328125 0.7510329421875 0.18684846875 0.75032916875 0.182326659375 0.733086803125 0.1961433375 0.6943794296875 0.2029260640625 0.7197151671875 0.227796090625 0.7102142640625 0.20393091718749998 0.6475787093750001 0.17981453593750002 0.6331514015625 0.16934542187499999 0.6524521546875001 0.1579590484375 0.6894530328124999 0.1356011640625 0.6359664859375 0.125803878125 0.6380777921874999 0.0938999078125 0.661654109375
3 0.1765625 0.71640625 0.0125 0.01875
4 0.2897126484375 0.61270910625 0.2874907375 0.5940350953125 0.2870146203125 0.582252684375 0.2589233359375 0.5891442828125 0.25241631875000003 0.59536895 0.23368880781249998 0.6527248359375 0.245750596875 0.6609502921875 0.2592407578125 0.6640626296875001 0.2630497484375 0.641164734375 0.257018846875 0.686293590625 0.2413067734375 0.7382090906250001 0.2421003125 0.751547659375 0.2522576140625 0.7502137875 0.25828851406250003 0.7466568375 0.285744953125 0.751547659375 0.2957435484375 0.753326125 0.313677521875 0.7606623484374999 0.32018455 0.759106171875 0.314629778125 0.7364305984375 0.31193173750000003 0.703751084375 0.31907358750000003 0.6846324625 0.32272387187499996 0.6692930953125 0.333039878125 0.6677369265624999 0.339229471875 0.66128995625 0.3363727515625 0.6014612828125 0.3285960546875 0.5941250625000001 0.3225651671875 0.5905681078125 0.31036525937500004 0.585497821875 0.3036789375 0.6115975578125 0.29780674218750003 0.6147098875 0.2952674203125 0.6242691984375 0.2897126484375 0.61270910625
3 0.315625 0.63515625 0.015625 0.0171875
2 0.2921875 0.715625 0.021875 0.03828125
4 0.3496972765625 0.41716426718750005 0.349301459375 0.423817640625 0.361967784375 0.43795607968750006 0.3639469 0.4753813421875 0.36454064062499997 0.5025493203125 0.3696863375 0.5177966484375001 0.3781965390625 0.5183510890624999 0.3922482546875 0.5349845390625 0.397591875 0.5552219109375 0.3995709890625 0.539420121875 0.40333129687499997 0.5593802734375 0.42054959375 0.5516179890624999 0.42252870781249996 0.5319350765624999 0.42252870781249996 0.5225094515625 0.41619554531249997 0.5033809796875001 0.41124775781249995 0.4734407921875 0.4266848625 0.46817350781249994 0.41857047812500003 0.422857521875 0.41144568125000003 0.415095246875 0.397987690625 0.40594685156250004 0.3951964 0.4066571453125 0.39363364375 0.4221543 0.38710255781249997 0.4332432671875 0.371665453125 0.4002535921875 0.3496972765625 0.41716426718750005
3 0.4078125 0.440625 0.01015625 0.0109375
4 0.3550359984375 0.6018899656250001 0.3400071328125 0.613716734375 0.33865621875 0.6728505796875 0.3315639515625 0.6920099421875 0.317717128125 0.7378978171874999 0.3389939546875 0.7438112015625 0.3563869 0.7433381203125 0.363648040625 0.7350593812499999 0.393199175 0.72228646875 0.39049735937499996 0.7028905734374999 0.3997848578125 0.6813658499999999 0.4041753109375 0.6555834984375 0.41177417343749995 0.6082764187499999 0.40316211874999996 0.6016534390625 0.3889156984375 0.593414715625 0.38762667031250003 0.625306971875 0.3823919 0.63855295 0.367531896875 0.5931381546875001 0.3550359984375 0.6018899656250001
3 0.3984375 0.6484375 0.0109375 0.01640625
4 0.610215703125 0.59779989375 0.6037343171875 0.5661705609375 0.5974620078124999 0.5731993 0.5788541484375 0.5854995953125 0.5752998296875 0.5972141640624999 0.576136140625 0.6417295281250001 0.5907715328124999 0.646122490625 0.5926532296875 0.6730660015625001 0.5788541484375 0.718752815625 0.5794813703125 0.7269530234375 0.586799065625 0.718752815625 0.5939076875 0.718167096875 0.610215703125 0.7208028796875 0.6284053968750001 0.7199242781249999 0.6373957156250001 0.7131883921875 0.6447134125 0.7123098125 0.6424135515625 0.6877092125 0.6365594046874999 0.6818519281250001 0.638232028125 0.6203504421875 0.6478495671875 0.6150788875 0.6474314203125 0.574077903125 0.6340504874999999 0.5682206187500001 0.6266040265624999 0.55911579375 0.6284053968750001 0.56704915 0.6219240125 0.601021396875 0.6158607765624999 0.6121502453125001 0.610215703125 0.59779989375
3 0.6359375 0.62109375 0.0125 0.01875
2 0.61796875 0.696875 0.0171875 0.03125
4 0.6631172484375 0.5985814390625 0.644300315625 0.6182033437500001 0.639073390625 0.6231820328125 0.63781893125 0.6838049296875 0.6555904781249999 0.68702643125 0.6601901828125001 0.70371969375 0.6608174046874999 0.7309560765625001 0.6568449375000001 0.7681498234374999 0.6677169515625 0.7751785703125 0.677543565625 0.7646354625 0.6854885000000001 0.746477865625 0.6959423515625 0.7450135453125 0.7130866609375001 0.715141403125 0.7107868328125 0.6843906609375 0.7245858984375 0.6794119656250001 0.7258403734375001 0.64778263125 0.7183135875 0.6170318828125 0.7009601875 0.6038529984375 0.6838484296875 0.6099711109375 0.68109786875 0.6378252437499999 0.6739892625 0.651004134375 0.666253403125 0.6281607265625 0.6631172484375 0.5985814390625
2 0.67734375 0.75 0.01875 0.0359375
3 0.69609375 0.65859375 0.01328125 0.02109375
4 0.63109574375 0.48114705312500006 0.6356409015625 0.47720581093750003 0.6386710140625 0.49236444375 0.6330436734375 0.5630036734375 0.6440819375 0.5742210765625 0.6486270796875 0.5739178859375 0.6540379859375001 0.53996255625 0.6616132546875 0.5257134609375 0.6696213906249999 0.524803921875 0.6804432046875 0.526622953125 0.6901828375 0.5439038093749999 0.696675925 0.5790718359375 0.7077141890624999 0.569067128125 0.702952596875 0.5536053265625 0.6906157359375 0.48054070624999995 0.717237371875 0.47478043124999997 0.70468409375 0.4238474296875 0.6888842390625001 0.4156617609375 0.6737337 0.4114173375 0.67351725 0.42445376718750005 0.6672406125 0.42930452499999994 0.6631283031249999 0.4271823203125 0.6573185890625 0.442069521875 0.652090071875 0.41414589218750003 0.6259012703125 0.4271823203125 0.6176767015625 0.4787216734375 0.63109574375 0.48114705312500006
3 0.67734375 0.45390625 0.0125 0.01640625
2 0.6609375 0.5125 0.015625 0.0265625
4 0.7485885109375 0.40505686250000006 0.7455193890625 0.3955033953125 0.7257406343749999 0.4110277796875 0.71772681875 0.42917936250000005 0.7119296078125 0.48984388125 0.7385286234375 0.49533713281249997 0.7340954562500001 0.5581308578125 0.7424502656249999 0.5330530062500001 0.754044715625 0.5275597734375 0.7728004328125 0.5311423234375 0.7762105640625 0.5409346234375 0.781837284375 0.4778817375 0.777063096875 0.47740408125 0.7719479 0.42032209531250003 0.7734824625 0.40288701875 0.7828603203125 0.3892733328125 0.7740584828125 0.382570984375 0.777063096875 0.3900101546875 0.7681967609375 0.4203424046875 0.762570040625 0.42631332187500004 0.7485885109375 0.40505686250000006
4 0.6887193453125 0.36421500625 0.6876657640625 0.35654083124999997 0.68324071875 0.3639198515625 0.69525155625 0.37749724218749997 0.6992551734375 0.42029555625 0.7055766703125 0.42413265625 0.714426759375 0.46309388125 0.71737679375 0.4270842640625 0.72580545625 0.4102600953125 0.746244971875 0.39491173281249997 0.731916240625 0.367166615625 0.726648325 0.3535892234375 0.714237759375 0.3441031375 0.71800895 0.35211341875 0.7049445140625 0.38221982187500003 0.696094425 0.37513595781250003 0.6887193453125 0.36421500625
3 0.725 0.3984375 0.01484375 0.015625
4 0.8655688359375 0.6464890171875 0.8598524218750001 0.6208657953125 0.8552792953124999 0.611257096875 0.84727630625 0.6088549125 0.8361292953125 0.59364113125 0.8004017093750001 0.6605017140625 0.825268121875 0.6889274624999999 0.8395591578125 0.674514409375 0.853564375 0.714550684375 0.8527069046875001 0.7209564828125 0.8604240546874999 0.7389728078125 0.8738576390624999 0.7449782484374999 0.882146421875 0.7469800609374999 0.8772874796875 0.7649963859375 0.9058695484375001 0.73737135 0.9047262828125 0.722958296875 0.9424546046875 0.72415938125 0.9364523531250001 0.73697099375 0.9304501453125 0.762594215625 0.9190173171874999 0.774204740625 0.9607471125 0.8074348312499999 0.9707508359375 0.7758061984375 0.9770389265625001 0.8114384593749999 0.9761814546875 0.840664953125 0.9813262359375001 0.7910199640625 0.9733232484375 0.73817209375 0.9558881687499999 0.697335090625 0.954744903125 0.6821212921875001 0.9467419156249999 0.6472897453125 0.9450269734375001 0.6320759484375 0.9321650421875001 0.6072534703125 0.9138725359375 0.5944418515625001 0.8972949281249999 0.5844327828125 0.8912927187499999 0.5836320609375 0.884119684375 0.578785090625 0.8841472015624999 0.5940414953125 0.8770016843749999 0.6168621671875 0.8707135953125 0.6360795765625 0.8655688359375 0.6464890171875
3 0.8890625 0.69140625 0.01328125 0.028125
2 0.1578125 0.83203125 0.02890625 0.04375
4 0.7503413109375 0.64079294375 0.75081685 0.6108183328125001 0.74748810625 0.610596290625 0.7436838484375 0.6150369734375001 0.729576353125 0.6196996968749999 0.7254550656250001 0.6505624421875 0.724186971875 0.686531996875 0.7373434015625 0.685643840625 0.7476466265624999 0.7191710046875001 0.760486028125 0.74217986875 0.7839456828125 0.74528835 0.7839456828125 0.721308653125 0.7921882578125 0.7055442296875001 0.7898105906249999 0.6853391156249999 0.7963095578125 0.6653560390625 0.8064542625 0.6495916171875 0.8034425593750001 0.6260852953125 0.77548689375 0.5983640328125001 0.7696796671875 0.6194776578125001 0.7566817578125 0.6565573671875 0.7528774874999999 0.66166415 0.7503413109375 0.64079294375
4 0.5979742953125 0.5026723203125 0.6090125421875 0.49448665468749997 0.6163713953125 0.4947898234375 0.61240055625 0.41290626562500005 0.603601634375 0.4396124 0.59364556875 0.41778397656250005 0.5929962703125 0.46053131406250003 0.5979742953125 0.5026723203125
4 0.86038004375 0.3430101859375 0.8597738265625001 0.33366967812500004 0.8515900875 0.34725587812500003 0.825826440625 0.36805976406249996 0.8188550906250001 0.398628746875 0.8100651578125 0.4470296203125 0.8352225890625 0.460191275 0.8370411953125 0.483967140625 0.8458311500000001 0.5047710359375001 0.862501746875 0.5047710359375001 0.877656834375 0.5119886984375001 0.885537496875 0.53279259375 0.8837188687499999 0.549775359375 0.8915995328124999 0.562087871875 0.8882653953125 0.5769477921874999 0.89523674375 0.582467203125 0.9285779359375 0.6028465046875 0.970709059375 0.5879865828125 0.9594943046875001 0.4856654234375 0.946764040625 0.430895996875 0.977680409375 0.40584642656250003 0.9537353906250001 0.3510769984375 0.9407020062499999 0.3357925234375 0.9046329171874999 0.33154683125 0.8974069046875 0.318346203125 0.8964491328124999 0.329848540625 0.8852343765624999 0.3587192390625 0.8791723421875 0.36933346875 0.86038004375 0.3430101859375
4 0.800924571875 0.3873152984375 0.7940455156249999 0.38201559375 0.7916378421875 0.3702117140625 0.7887142500000001 0.37912484375 0.7716885828125 0.40730963124999997 0.7783956640625 0.47741025 0.7980009781249999 0.47837383750000007 0.8052239812499999 0.5449790125 0.8002366640625 0.5772590281250001 0.8253452296875 0.5847267890625 0.8210458203125001 0.4553658453125 0.8088354843750001 0.4459709125 0.824657321875 0.3706066140625 0.8502817968749999 0.3486851125 0.8244853484375 0.348926003125 0.8138423921875001 0.34343605781250003 0.8155425671875 0.3494946859375 0.8138228015625 0.38177470156250004 0.8084915359375 0.3969511421875 0.800924571875 0.3873152984375