4 0.44609375 0.26640625 0.3953125 0.1953125
3 0.36015625 0.31953125 0.028125 0.01875
4 0.4765625 0.384375 0.2484375 0.11875
3 0.4171875 0.403125 0.0203125 0.0125
2 0.56640625 0.428125 0.0484375 0.021875
2 0.4890625 0.3578125 0.0546875 0.0296875
1 0.759375 0.33515625 0.3234375 0.15625
0 0.93671875 0.33984375 0.1265625 0.0703125
0 0.928125 0.396875 0.0671875 0.0859375
0 0.853125 0.41171875 0.0453125 0.0578125
0 0.8296875 0.50703125 0.0359375 0.071875
1 0.5956099375 0.3583276828125 0.5968618640625001 0.36441823906250004 0.601917175 0.3657849734375 0.5971397656249999 0.3700093703125 0.5975845140625 0.37439860468749997 0.5967951703125001 0.3987753890625 0.5921708109375 0.41915989218750005 0.5915410859375 0.4270253984375 0.5646250875 0.42449182187499995 0.5893069125 0.4332895453125 0.5850938203125 0.43964110468750006 0.5747577453125 0.43678229375 0.5662681734375 0.43884408124999996 0.6002935703125 0.45657031562499995 0.619941915625 0.4652821109375 0.65525158125 0.4801597125 0.67081096875 0.4839220046875 0.7890722625000001 0.4955541671875 0.7942581328125 0.49344055625000005 0.797873690625 0.482654159375 0.8007049765625001 0.472582934375 0.7942632078125 0.4697789421875 0.76567346875 0.46517883906249996 0.75388861875 0.46261086718750005 0.74642245625 0.4594333421875 0.692205609375 0.4524055859375 0.6720683937499999 0.44497174375000004 0.6465310468750001 0.42819671875000004 0.6408268953125 0.42174811874999996 0.6340620875 0.418644309375 0.632179128125 0.416319465625 0.6324364953125 0.4104974484375 0.68793510625 0.41207671718750005 0.72069494375 0.4107343125 0.7430450046875 0.40723432812500004 0.7519034828125 0.40391152343750003 0.7645002421875 0.4055013625 0.7772438125 0.4023210296875 0.797740328125 0.4063363671875 0.8116655015625 0.4054071625 0.8317284234375 0.41017452812500005 0.8363234937499999 0.406935353125 0.8391271421875001 0.397127090625 0.83750155 0.3889802296875 0.8344093499999999 0.38466722343750004 0.7841052328125 0.37751898125 0.7756250703124999 0.38061568125 0.7210887296874999 0.3934943578125 0.703342359375 0.39029980625 0.693070775 0.3868274171875 0.67773249375 0.3809614296875 0.6562841046875 0.3691359078125 0.6486521125 0.367536153125 0.6391924359375001 0.3630856328125 0.5956099375 0.3583276828125