4 0.1625337546875 0.6575144296875 0.18376265625 0.6439979171875 0.191723496875 0.6281536640625001 0.19317091875 0.557867796875 0.1745956265625 0.5504337125000001 0.187863684375 0.43648573125 0.17893790781250002 0.4293895671875 0.1666348015625 0.44223026406250004 0.1454059015625 0.4459473 0.129484234375 0.42398296718750006 0.0694161125 0.430403315625 0.087026453125 0.5583365109375 0.057113007812500005 0.5688118156249999 0.07231097343750001 0.646869675 0.10294811875000001 0.66275158125 0.11211514843749999 0.668834015625 0.1207996921875 0.6813367859375 0.1314141421875 0.65869663125 0.138168778125 0.6570070671875 0.144923434375 0.6363943828124999 0.155537884375 0.663427409375 0.1544780703125 0.6727544937500001 0.1625337546875 0.6575144296875
3 0.16484375 0.60625 0.01484375 0.0234375
2 0.1453125 0.5640625 0.01796875 0.0390625
4 0.259519625 0.5799153109375 0.2746794390625 0.5636639796875 0.2748341296875 0.5196770468749999 0.26617138281249997 0.5203270984375 0.2658620046875 0.485657584375 0.270193371875 0.4326366265625 0.2503928109375 0.42895300000000003 0.22100134374999997 0.429819740625 0.1985710140625 0.43653695312499996 0.207697828125 0.49547511406250005 0.21728873593750003 0.5319009671875 0.19191925625 0.5342844999999999 0.19764285312500002 0.58173838125 0.212647978125 0.5960395578125001 0.2326032390625 0.5815216999999999 0.2454426625 0.5628868437500001 0.25147565 0.5771880125 0.2499079015625 0.5895697140625 0.259519625 0.5799153109375
2 0.2375 0.46328125 0.01875 0.03359375
3 0.2640625 0.5515625 0.01015625 0.0140625
4 0.17981453593750002 0.3668485984375 0.20393091718749998 0.352421290625 0.227796090625 0.2897857359375 0.2029260640625 0.2802848328125 0.1961433375 0.3056205703125 0.182326659375 0.266913196875 0.18684846875 0.24967083125 0.1941336328125 0.2489670578125 0.181070596875 0.22468697343750002 0.14464480625 0.2025181953125 0.11047991875 0.23137279843749997 0.0863635375 0.19477673125 0.0876195984375 0.21588984375 0.0961608140625 0.260931146875 0.0928950546875 0.265153771875 0.0938999078125 0.338345890625 0.125803878125 0.3619222078125 0.1356011640625 0.3640335140625 0.1579590484375 0.31054696718749997 0.16934542187499999 0.3475478453125 0.17981453593750002 0.3668485984375
3 0.1765625 0.28359375 0.0125 0.01875
4 0.3225651671875 0.4094318921875 0.3285960546875 0.4058749375 0.3363727515625 0.3985387171875 0.339229471875 0.33871004375 0.333039878125 0.3322630734375 0.32272387187499996 0.3307069046875 0.31907358750000003 0.3153675375 0.31193173750000003 0.296248915625 0.314629778125 0.26356940156249997 0.32018455 0.24089382812500001 0.313677521875 0.2393376515625 0.2957435484375 0.24667387500000001 0.285744953125 0.24845234062500002 0.25828851406250003 0.2533431625 0.2522576140625 0.24978621250000002 0.2421003125 0.24845234062500002 0.2413067734375 0.261790909375 0.257018846875 0.313706409375 0.2630497484375 0.358835265625 0.2592407578125 0.33593737031250004 0.245750596875 0.3390497078125 0.23368880781249998 0.3472751640625 0.25241631875000003 0.40463105 0.2589233359375 0.41085571718749997 0.2870146203125 0.41774731562499995 0.2874907375 0.4059649046875 0.2897126484375 0.38729089375000003 0.2952674203125 0.3757308015625 0.29780674218750003 0.3852901125 0.3036789375 0.3884024421875 0.31036525937500004 0.41450217812499995 0.3225651671875 0.4094318921875
3 0.315625 0.36484375 0.015625 0.0171875
2 0.2921875 0.284375 0.021875 0.03828125
4 0.397987690625 0.5940531484375 0.41144568125000003 0.584904753125 0.41857047812500003 0.5771424781250001 0.4266848625 0.5318264921875 0.41124775781249995 0.5265592078125 0.41619554531249997 0.49661902031249994 0.42252870781249996 0.4774905484375 0.42252870781249996 0.4680649234375 0.42054959375 0.4483820109375 0.40333129687499997 0.4406197265625 0.3995709890625 0.460579878125 0.397591875 0.44477808906250005 0.3922482546875 0.4650154609375 0.3781965390625 0.48164891093750006 0.3696863375 0.4822033515625 0.36454064062499997 0.49745067968749995 0.3639469 0.5246186578125 0.361967784375 0.5620439203125 0.349301459375 0.576182359375 0.3496972765625 0.5828357328125 0.371665453125 0.5997464078125 0.38710255781249997 0.5667567328125 0.39363364375 0.5778457 0.3951964 0.5933428546874999 0.397987690625 0.5940531484375
3 0.4078125 0.559375 0.01015625 0.0109375
4 0.40316211874999996 0.3983465609375 0.41177417343749995 0.39172358125 0.4041753109375 0.3444165015625 0.3997848578125 0.31863415 0.39049735937499996 0.2971094265625 0.393199175 0.27771353125 0.363648040625 0.26494061874999997 0.3563869 0.2566618796875 0.3389939546875 0.25618879843750003 0.317717128125 0.2621021828125 0.3315639515625 0.3079900578125 0.33865621875 0.3271494203125 0.3400071328125 0.38628326562500004 0.3550359984375 0.39811003437500003 0.367531896875 0.40686184531249997 0.3823919 0.36144705 0.38762667031250003 0.374693028125 0.3889156984375 0.406585284375 0.40316211874999996 0.3983465609375
3 0.3984375 0.3515625 0.0109375 0.01640625
4 0.6340504874999999 0.43177938125 0.6474314203125 0.42592209687500004 0.6478495671875 0.3849211125 0.638232028125 0.3796495578125 0.6365594046874999 0.318148071875 0.6424135515625 0.3122907875 0.6447134125 0.2876901875 0.6373957156250001 0.2868116078125 0.6284053968750001 0.28007572187499996 0.610215703125 0.2791971203125 0.5939076875 0.281832903125 0.586799065625 0.281247184375 0.5794813703125 0.2730469765625 0.5788541484375 0.281247184375 0.5926532296875 0.32693399843750004 0.5907715328124999 0.353877509375 0.576136140625 0.358270471875 0.5752998296875 0.4027858359375 0.5788541484375 0.4145004046875 0.5974620078124999 0.4268007 0.6037343171875 0.43382943906250004 0.610215703125 0.40220010625 0.6158607765624999 0.3878497546875 0.6219240125 0.398978603125 0.6284053968750001 0.43295085 0.6266040265624999 0.44088420624999997 0.6340504874999999 0.43177938125
3 0.6359375 0.37890625 0.0125 0.01875
2 0.61796875 0.303125 0.0171875 0.03125
4 0.7009601875 0.3961470015625 0.7183135875 0.3829681171875 0.7258403734375001 0.35221736875 0.7245858984375 0.320588034375 0.7107868328125 0.3156093390625 0.7130866609375001 0.28485859687500004 0.6959423515625 0.2549864546875 0.6854885000000001 0.253522134375 0.677543565625 0.23536453750000003 0.6677169515625 0.22482142968750002 0.6568449375000001 0.2318501765625 0.6608174046874999 0.2690439234375 0.6601901828125001 0.29628030625 0.6555904781249999 0.31297356875000004 0.63781893125 0.3161950703125 0.639073390625 0.3768179671875 0.644300315625 0.38179665625000003 0.6631172484375 0.40141856093749995 0.666253403125 0.3718392734375 0.6739892625 0.34899586562499996 0.68109786875 0.36217475625 0.6838484296875 0.3900288890625 0.7009601875 0.3961470015625
2 0.67734375 0.25 0.01875 0.0359375
3 0.69609375 0.34140625 0.01328125 0.02109375
4 0.6631283031249999 0.5728176796875 0.6672406125 0.5706954750000001 0.67351725 0.5755462328125 0.6737337 0.5885826625 0.6888842390625001 0.5843382390625 0.70468409375 0.5761525703125 0.717237371875 0.5252195687500001 0.6906157359375 0.51945929375 0.702952596875 0.4463946734375 0.7077141890624999 0.43093287187499996 0.696675925 0.4209281640625 0.6901828375 0.456096190625 0.6804432046875 0.47337704687500004 0.6696213906249999 0.47519607812500003 0.6616132546875 0.4742865390625 0.6540379859375001 0.46003744375 0.6486270796875 0.42608211406249996 0.6440819375 0.4257789234375 0.6330436734375 0.4369963265625 0.6386710140625 0.50763555625 0.6356409015625 0.5227941890625 0.63109574375 0.5188529468749999 0.6176767015625 0.5212783265625001 0.6259012703125 0.5728176796875 0.652090071875 0.5858541078124999 0.6573185890625 0.5579304781250001 0.6631283031249999 0.5728176796875
3 0.67734375 0.54609375 0.0125 0.01640625
2 0.6609375 0.4875 0.015625 0.0265625
4 0.7828603203125 0.6107266671875 0.7734824625 0.59711298125 0.7719479 0.5796779046875 0.777063096875 0.52259591875 0.781837284375 0.5221182625 0.7762105640625 0.4590653765625 0.7728004328125 0.4688576765625 0.754044715625 0.47244022656249995 0.7424502656249999 0.46694699375 0.7340954562500001 0.44186914218749995 0.7385286234375 0.5046628671875 0.7119296078125 0.51015611875 0.71772681875 0.5708206375 0.7257406343749999 0.5889722203125001 0.7455193890625 0.6044966046875 0.7485885109375 0.5949431374999999 0.762570040625 0.573686678125 0.7681967609375 0.5796575953125 0.777063096875 0.6099898453125 0.7740584828125 0.617429015625 0.7828603203125 0.6107266671875
4 0.726648325 0.6464107765625 0.731916240625 0.632833384375 0.746244971875 0.6050882671875 0.72580545625 0.5897399046875 0.71737679375 0.5729157359375 0.714426759375 0.5369061187499999 0.7055766703125 0.5758673437499999 0.6992551734375 0.5797044437500001 0.69525155625 0.6225027578125 0.68324071875 0.6360801484375 0.6876657640625 0.64345916875 0.6887193453125 0.63578499375 0.696094425 0.6248640421875 0.7049445140625 0.6177801781250001 0.71800895 0.64788658125 0.714237759375 0.6558968625 0.726648325 0.6464107765625
3 0.725 0.6015625 0.01484375 0.015625
4 0.8912927187499999 0.4163679390625 0.8972949281249999 0.41556721718749995 0.9138725359375 0.4055581484375 0.9321650421875001 0.3927465296875 0.9450269734375001 0.3679240515625 0.9467419156249999 0.3527102546875 0.954744903125 0.3178787078125 0.9558881687499999 0.302664909375 0.9733232484375 0.26182790625 0.9813262359375001 0.20898003593749997 0.9761814546875 0.159335046875 0.9770389265625001 0.188561540625 0.9707508359375 0.22419380156250002 0.9607471125 0.19256516875000002 0.9190173171874999 0.22579525937499997 0.9304501453125 0.237405784375 0.9364523531250001 0.26302900625 0.9424546046875 0.27584061875 0.9047262828125 0.277041703125 0.9058695484375001 0.26262865 0.8772874796875 0.23500361406249998 0.882146421875 0.2530199390625 0.8738576390624999 0.2550217515625 0.8604240546874999 0.2610271921875 0.8527069046875001 0.2790435171875 0.853564375 0.28544931562500003 0.8395591578125 0.325485590625 0.825268121875 0.31107253749999997 0.8004017093750001 0.33949828593750003 0.8361292953125 0.40635886875000005 0.84727630625 0.3911450875 0.8552792953124999 0.388742903125 0.8598524218750001 0.37913420468750003 0.8655688359375 0.3535109828125 0.8707135953125 0.36392042343750003 0.8770016843749999 0.3831378328125 0.8841472015624999 0.4059585046875 0.884119684375 0.421214909375 0.8912927187499999 0.4163679390625
3 0.8890625 0.30859375 0.01328125 0.028125
2 0.1578125 0.16796875 0.02890625 0.04375
4 0.8034425593750001 0.3739147046875 0.8064542625 0.35040838281250003 0.7963095578125 0.3346439609375 0.7898105906249999 0.314660884375 0.7921882578125 0.29445577031250003 0.7839456828125 0.27869134687499997 0.7839456828125 0.25471165 0.760486028125 0.25782013125000003 0.7476466265624999 0.2808289953125 0.7373434015625 0.314356159375 0.724186971875 0.313468003125 0.7254550656250001 0.3494375578125 0.729576353125 0.38030030312499996 0.7436838484375 0.38496302656250003 0.74748810625 0.389403709375 0.75081685 0.3891816671875 0.7503413109375 0.35920705625 0.7528774874999999 0.33833585 0.7566817578125 0.3434426328125 0.7696796671875 0.38052234218750003 0.77548689375 0.40163596718749994 0.8034425593750001 0.3739147046875
4 0.6163713953125 0.5052101765625 0.6090125421875 0.5055133453125 0.5979742953125 0.4973276796875 0.5929962703125 0.5394686859375 0.59364556875 0.5822160234375 0.603601634375 0.5603876 0.61240055625 0.587093734375 0.6163713953125 0.5052101765625
4 0.9046329171874999 0.6684531687499999 0.9407020062499999 0.6642074765625 0.9537353906250001 0.6489230015625 0.977680409375 0.5941535734375 0.946764040625 0.569104003125 0.9594943046875001 0.5143345765625 0.970709059375 0.41201341718749995 0.9285779359375 0.3971534953125 0.89523674375 0.41753279687499995 0.8882653953125 0.4230522078125 0.8915995328124999 0.43791212812499997 0.8837188687499999 0.450224640625 0.885537496875 0.46720740625 0.877656834375 0.48801130156249994 0.862501746875 0.49522896406249994 0.8458311500000001 0.49522896406249994 0.8370411953125 0.516032859375 0.8352225890625 0.539808725 0.8100651578125 0.5529703796875001 0.8188550906250001 0.6013712531250001 0.825826440625 0.6319402359375 0.8515900875 0.652744121875 0.8597738265625001 0.6663303218750001 0.86038004375 0.6569898140625 0.8791723421875 0.6306665312499999 0.8852343765624999 0.6412807609375 0.8964491328124999 0.670151459375 0.8974069046875 0.6816537968749999 0.9046329171874999 0.6684531687499999
4 0.8244853484375 0.651073996875 0.8502817968749999 0.6513148875 0.824657321875 0.6293933859374999 0.8088354843750001 0.5540290875 0.8210458203125001 0.5446341546875 0.8253452296875 0.4152732109375 0.8002366640625 0.422740971875 0.8052239812499999 0.45502098750000003 0.7980009781249999 0.5216261624999999 0.7783956640625 0.5225897500000001 0.7716885828125 0.59269036875 0.7887142500000001 0.62087515625 0.7916378421875 0.6297882859375 0.7940455156249999 0.61798440625 0.800924571875 0.6126847015625 0.8084915359375 0.6030488578125001 0.8138228015625 0.6182252984375001 0.8155425671875 0.6505053140625 0.8138423921875001 0.6565639421875 0.8244853484375 0.651073996875