1 0.22578125 0.246875 0.07578125 0.19609375
1 0.4859375 0.215625 0.07265625 0.1578125
4 0.19609375 0.08203125 0.0984375 0.16328125
3 0.1875 0.03203125 0.0125 0.0203125
4 0.48203125 0.071875 0.06796875 0.14375
2 0.46640625 0.071875 0.01171875 0.02734375
2 0.1828125 0.125 0.01484375 0.0203125
0 0.24765625 0.3484375 0.03125 0.03203125
0 0.2328125 0.33125 0.01953125 0.0296875
0 0.47578125 0.31484375 0.03359375 0.03828125
0 0.5275735296875 0.2791341140625 0.5251225484375001 0.27099609375 0.5165441171875 0.2978515625 0.518382353125 0.3076171875 0.526960784375 0.2791341140625 0.5275735296875 0.2791341140625