4 0.67975401875 0 0.67542634375 0.0016486375 0.66615275625 0.0103039875 0.6612068421874999 0.0309119609375 0.6608977234375 0.0436889046875 0.6615159625 0.1244721625 0.658115646875 0.164039471875 0.6556426890625 0.18835688125 0.658424765625 0.1875325625 0.66615275625 0.1941271140625 0.67759018125 0.1949514328125 0.714684534375 0.19866086875 0.7171574921875 0.19618791093750002 0.73384995 0.1941271140625 0.741268821875 0.1916541578125 0.7418870609375 0.1829988078125 0.7421961796875001 0.16280299375 0.739414103125 0.1459044546875 0.7400323421875 0.137661265625 0.7409597015625 0.12818159843750002 0.7406652515625 0.095203178125 0.7523971265625 0.0906750859375 0.754870084375 0.06264824062499999 0.74714209375 0.01277694375 0.737250265625 0 0.7316861125 0.001236478125 0.7273584390625001 0.028439003125 0.7205578078125 0.0094796671875 0.7137571765625 0 0.67975401875 0
3 0.73828125 0.06171875 0.01484375 0.02890625
4 0.5396077109374999 0.0145643109375 0.5394516640625 0.0168529875 0.536330740625 0.0210142203125 0.528372384375 0.027672190625 0.5176051984375001 0.0428606859375 0.513079859375 0.058049181250000005 0.5133919515625001 0.0649152125 0.5110512578125 0.076982784375 0.5112073046875001 0.08634555625 0.51167544375 0.088426171875 0.51011498125 0.09425189687499999 0.514328228125 0.095500265625 0.5232228609375 0.0994534359375 0.5275921546875 0.1023662984375 0.52649983125 0.1396093203125 0.5266558765625 0.14689147656249998 0.5252514609375 0.15417363125 0.525563553125 0.176228159375 0.529932846875 0.1751878515625 0.5497507125000001 0.17248305 0.5641069609375 0.16894600312500002 0.57097299375 0.16852988124999999 0.5826764578125 0.1668653875 0.5859534281250001 0.16436864843750001 0.5856413359375 0.1581268015625 0.5845490125 0.1523010765625 0.5848611046875 0.14668341406250002 0.582832503125 0.124420825 0.5814280875 0.1148499921875 0.580803903125 0.10881620624999999 0.58095995 0.094043834375 0.5862655203125 0.0923793421875 0.5906348125 0.088426171875 0.5978129375 0.0832246328125 0.5937557375 0.0653313359375 0.59094690625 0.0536798875 0.5890743515625 0.0397397625 0.5861094734375001 0.0295447453125 0.5792434421875 0.0214303421875 0.569724625 0.0174771734375 0.56738393125 0.012067571874999999 0.5627025453125001 0.0074902171875 0.5627025453125001 0.0124836953125 0.5645751 0.0193497265625 0.5634827765625 0.03245760625 0.5628585921875 0.0378672078125 0.557553021875 0.027672190625 0.556304653125 0.025591575 0.551311175 0.022054528125 0.5474100203125001 0.0151884953125 0.5430407265625 0.00977889375 0.5436649109375 0.0081144015625 0.54179235625 0.008530525 0.5396077109374999 0.0145643109375
3 0.58046875 0.05546875 0.0078125 0.0140625
2 0.7078125 0.15625 0.02421875 0.04140625
0 0.5526442312500001 0.31891025625 0.544471153125 0.3198717953125 0.541346153125 0.3301282046875 0.541346153125 0.340705128125 0.5451923078124999 0.3458333328125 0.5550480765625 0.3455128203125 0.5584134609375 0.34102564062499996 0.559134615625 0.334294871875 0.5579326921875001 0.32243589687499996 0.556490384375 0.3201923078125 0.5526442312500001 0.31891025625
0 0.7552884609375 0.42435897499999997 0.7485576921875 0.4195512828125 0.743990384375 0.41794871718750004 0.7420673078125 0.4246794875 0.7365384609375 0.42852564062500004 0.7298076921875001 0.42852564062500004 0.7245192312500001 0.4246794875 0.7204326921875001 0.4253205125 0.7192307687499999 0.427884615625 0.7175480765625 0.4362179484375 0.7204326921875001 0.44294871718750006 0.7521634609375 0.4522435890625 0.7557692312500001 0.45288461562500004 0.7564903843749999 0.4509615390625 0.7584134609375 0.4352564109375 0.7576923078125 0.428846153125 0.7552884609375 0.42435897499999997
0 0.6758708328125 0.42187987812500005 0.6761718890624999 0.41585875781250004 0.6698497125 0.4006052515625 0.6665380953125 0.39217568125 0.6650328156249999 0.3877601921875 0.655399021875 0.39217568125 0.6523884609375 0.39899961875 0.64967895625 0.399802434375 0.646668396875 0.39618976250000004 0.6478726203125 0.38655596875 0.6442599484375 0.39618976250000004 0.6433567796874999 0.3977953953125 0.6448620593750001 0.4090348203125 0.6526895171875 0.41866861406250006 0.6647317593750001 0.42388691874999995 0.6758708328125 0.42187987812500005
1 0.5397876734375 0.31485612343749997 0.54179235625 0.314797171875 0.5438209578125 0.31958258906250003 0.552403496875 0.319166465625 0.55770906875 0.3202067734375 0.5594255765625 0.3068908328125 0.555992559375 0.2862927359375 0.5594255765625 0.2825476265625 0.5645751 0.279426703125 0.573625778125 0.2659027 0.5769027484375 0.25903666875 0.5814280875 0.25175451249999997 0.5825204109375 0.24613685 0.5861094734375001 0.23323703281250002 0.5861094734375001 0.18309419062500001 0.5842369187500001 0.1664492640625 0.5834566890625 0.16561701874999998 0.5747181015625 0.1681137578125 0.56738393125 0.16894600312500002 0.5514672203125001 0.1716508046875 0.5380472484375 0.17414754375 0.5296207546875 0.1751878515625 0.52753615 0.176165684375 0.5311395390625 0.23317930625 0.533782025 0.2568815984375 0.536424509375 0.27481846875 0.539307221875 0.29499744687499996 0.54050835 0.30076286875 0.542910609375 0.303325278125 0.5400278984375 0.31101250937499997 0.5397876734375 0.31485612343749997
0 0.5582850703125 0.28474780625 0.5566034875 0.2914741328125 0.5582850703125 0.3055673875 0.5594862 0.309731303125 0.55780461875 0.319020040625 0.5575643921875 0.319020040625 0.559726425 0.32190275156250003 0.5626091375 0.3196606421875 0.5635700406249999 0.3119734125 0.5606873296875 0.2930756390625 0.5582850703125 0.28474780625
1 0.663083028125 0.2439273171875 0.6613215171875 0.2523154640625 0.6605665828125 0.2650654484375 0.66207645 0.274124646875 0.6625797390625 0.2761378015625 0.653520540625 0.29962461406249996 0.648739296875 0.340223246875 0.6439580515625 0.3741113609375 0.648739296875 0.3788087234375 0.66459289375 0.37679556718749996 0.665851115625 0.373775834375 0.6661027609375 0.3694139984375 0.6728971593749999 0.324118003125 0.6842211578125 0.29660488125 0.6998231125000001 0.25399309375 0.7068691546875 0.288216734375 0.7088823109375 0.29828251093749997 0.710643821875 0.3257956328125 0.712908621875 0.330828521875 0.712908621875 0.40196000937500004 0.7229743984375 0.399611328125 0.7393312843750001 0.3939073875 0.7395829296875001 0.3939073875 0.7393312843750001 0.33955219375 0.73832470625 0.2771443796875 0.7400862171875 0.23788785156249997 0.737066484375 0.191249753125 0.7161799984375 0.19695369375 0.7149217765625 0.198295796875 0.6960484453125 0.195947115625 0.6723938703125001 0.1952760640625 0.6693741375 0.195611590625 0.65956000625 0.18990765 0.65784011875 0.1888322375 0.65784011875 0.20112309375 0.6574211125 0.20726852187499997 0.65993515 0.21229659843749998 0.65981165 0.21842735000000002 0.66207645 0.2227891875 0.6600632953125001 0.2271510234375 0.66207645 0.23050628281250002 0.663083028125 0.2439273171875