4 0.83125 0.9578125 0.18125 0.084375
3 0.859375 0.98671875 0.0171875 0.0140625
4 0.859375 0.903125 0.15625 0.1171875
2 0.84453125 0.88046875 0.0296875 0.0140625
2 0.80859375 0.94453125 0.0296875 0.015625
3 0.90390625 0.92265625 0.015625 0.0125
0 0.56953125 0.9484375 0.0296875 0.0296875
1 0.659375 0.97265625 0.2 0.0546875
1 0.69921875 0.91953125 0.1453125 0.078125
0 0.6265625 0.88359375 0.0359375 0.0328125
0 0.64921875 0.9203125 0.059375 0.0359375
1 0.784375 0.52421875 0.2375 0.1375
1 0.73515625 0.846875 0.14375 0.1171875
0 0.66875 0.79140625 0.0359375 0.0421875
0 0.66171875 0.85390625 0.0328125 0.0484375