4 0.890625 0.08828125 0.08828125 0.1640625
3 0.89453125 0.0625 0.0109375 0.0140625
4 0.815625 0.071875 0.0875 0.14375
2 0.796875 0.0953125 0.009375 0.0265625
2 0.86328125 0.11796875 0.01015625 0.028125
3 0.825 0.03125 0.00859375 0.01328125
2 0.9640625 0.0875 0.015625 0.0296875
0 0.91015625 0.3421875 0.02421875 0.025
1 0.95078125 0.246875 0.0859375 0.18125
1 0.86015625 0.225 0.05 0.13203125
0 0.8390625 0.3 0.02734375 0.0296875
0 0.86953125 0.27265625 0.0234375 0.05390625
1 0.47265625 0.2171875 0.0921875 0.2140625
1 0.784375 0.2046875 0.0890625 0.1234375
0 0.7453125 0.27734375 0.0359375 0.02890625
0 0.8046875 0.271875 0.0421875 0.02421875