1 0.215625 0.2046875 0.09765625 0.18046875
1 0.30234375 0.17265625 0.0859375 0.1875
1 0.61484375 0.171875 0.07109375 0.17421875
1 0.64140625 0.1984375 0.04609375 0.13359375
1 0.68828125 0.2015625 0.08984375 0.1875
1 0.92109375 0.18828125 0.06328125 0.13671875
0 0.953125 0.27109375 0.0328125 0.0328125
0 0.89140625 0.2546875 0.03125 0.0234375
0 0.93359375 0.2375 0.02265625 0.0453125
0 0.62890625 0.27265625 0.0234375 0.0203125
0 0.190625 0.32734375 0.0765625 0.03671875
0 0.2734375 0.2859375 0.04140625 0.08359375
0 0.31484375 0.271875 0.04375 0.0328125
4 0.95078125 0.0640625 0.0921875 0.128125
4 0.65703125 0.0765625 0.059375 0.14296875
3 0.6625 0.04609375 0.00546875 0.0125
3 0.9625 0.03203125 0.009375 0.0125