4 0.32024598125 1 0.32457365625 0.9983513625 0.33384724375 0.9896960124999999 0.33879315781249997 0.9690880390625001 0.33910227656249997 0.9563110953124999 0.3384840375 0.8755278375 0.341884353125 0.835960528125 0.3443573109375 0.81164311875 0.341575234375 0.8124674375 0.33384724375 0.8058728859375 0.32240981875 0.8050485671875001 0.285315465625 0.80133913125 0.2828425078125 0.8038120890625 0.26615004999999997 0.8058728859375 0.258731178125 0.8083458421874999 0.2581129390625 0.8170011921875 0.25780382031250004 0.83719700625 0.260585896875 0.8540955453124999 0.2599676578125 0.862338734375 0.2590402984375 0.8718184015625001 0.25933474843750004 0.904796821875 0.24760287343749998 0.9093249140624999 0.24512991562500003 0.937351759375 0.25285790625 0.9872230562500001 0.262749734375 1 0.2683138875 0.9987635218750001 0.2726415609375 0.971560996875 0.2794421921875 0.9905203328125 0.28624282343749996 1 0.32024598125 1
3 0.26171875 0.93828125 0.01484375 0.02890625
4 0.46366925937500003 0.9789857796874999 0.471627615625 0.9723278093750001 0.4823948015625 0.9571393140625 0.486920140625 0.94195081875 0.4866080484375 0.9350847874999999 0.48894874218749995 0.9230172156249999 0.48879269531249997 0.9136544437499999 0.48832455625 0.911573828125 0.48988501875 0.9057481031249999 0.485671771875 0.904499734375 0.47677713906249997 0.9005465640624999 0.4724078453125 0.8976337015625001 0.47350016874999995 0.8603906796875 0.47334412343750004 0.8531085234375 0.47474853906250003 0.8458263687500001 0.474436446875 0.823771840625 0.470067153125 0.8248121484375 0.4502492875 0.82751695 0.4358930390625 0.8310539968749999 0.42902700625 0.8314701187500001 0.4173235421875 0.8331346125 0.414046571875 0.8356313515625 0.4143586640625 0.8418731984375001 0.4154509875 0.8476989234375001 0.41513889531250003 0.8533165859375 0.417167496875 0.875579175 0.41857191250000003 0.8851500078125 0.41919609687500003 0.89118379375 0.41904005 0.905956165625 0.41373447968750005 0.9076206578124999 0.4093651875 0.911573828125 0.4021870625 0.9167753671875 0.4062442625 0.9346686640625 0.40905309375 0.9463201124999999 0.4109256484375 0.9602602375 0.41389052656249997 0.9704552546875 0.4207565578125 0.9785696578125 0.430275375 0.9825228265625 0.43261606874999997 0.9879324281249999 0.4372974546875 0.9925097828125 0.4372974546875 0.9875163046875001 0.4354249 0.9806502734375 0.4365172234375 0.96754239375 0.43714140781250005 0.9621327921875 0.442446978125 0.9723278093750001 0.44369534687499995 0.974408425 0.44868882499999996 0.9779454718749999 0.4525899796875 0.9848115046875 0.4569592734375 0.9902211062499999 0.45633508906250003 0.9918855984375 0.45820764374999995 0.991469475 0.4603922890625 0.9854356890625 0.46054833593750005 0.9831470124999999 0.46366925937500003 0.9789857796874999
3 0.41953125 0.94453125 0.0078125 0.0140625
2 0.2921875 0.84375 0.02421875 0.04140625
0 0.458653846875 0.6698717953125 0.458653846875 0.659294871875 0.45480769218750006 0.6541666671875 0.4449519234375 0.6544871796875 0.4415865390625 0.6589743593749999 0.440865384375 0.665705128125 0.4420673078125 0.677564103125 0.443509615625 0.6798076921875 0.44735576874999994 0.6810897437500001 0.45552884687499995 0.6801282046875 0.458653846875 0.6698717953125
0 0.256009615625 0.5820512828125 0.2579326921875 0.5753205125 0.2634615390625 0.571474359375 0.27019230781250003 0.571474359375 0.27548076875 0.5753205125 0.2795673078125 0.5746794875 0.28076923125 0.572115384375 0.2824519234375 0.5637820515625 0.2795673078125 0.5570512828124999 0.2478365390625 0.5477564109374999 0.24423076875 0.547115384375 0.243509615625 0.5490384609375 0.2415865390625 0.5647435890625 0.24230769218749998 0.5711538468749999 0.2447115390625 0.575641025 0.2514423078125 0.5804487171875 0.256009615625 0.5820512828125
0 0.33015028750000003 0.5993947484375 0.3334619046875 0.60782431875 0.334967184375 0.6122398078125 0.344600978125 0.60782431875 0.3476115390625 0.60100038125 0.35032104375 0.600197565625 0.353331603125 0.6038102375000001 0.3521273796875 0.61344403125 0.3557400515625 0.6038102375000001 0.3566432203125 0.6022046046875 0.35513794062500004 0.5909651796875 0.3473104828125 0.5813313859375 0.335268240625 0.57611308125 0.3241291671875 0.578120121875 0.32382811093749997 0.5841412421875 0.33015028750000003 0.5993947484375
1 0.4561790421875 0.6804174109375001 0.44759650312500004 0.6808335343749999 0.44229093124999996 0.6797932265625 0.4405744234375 0.6931091671875 0.44400744062499997 0.7137072640625 0.4405744234375 0.7174523734375 0.4354249 0.7205732968749999 0.426374221875 0.7340973 0.4230972515625 0.7409633312499999 0.41857191250000003 0.7482454875 0.4174795890625 0.75386315 0.41389052656249997 0.7667629671875 0.41389052656249997 0.8169058093749999 0.41576308125 0.8335507359375001 0.41654331093749997 0.8343829812499999 0.42528189843749997 0.8318862421875 0.43261606874999997 0.8310539968749999 0.44853277968749994 0.8283491953125001 0.46195275156250004 0.82585245625 0.47037924531249997 0.8248121484375 0.47246385 0.823834315625 0.4688604609375 0.76682069375 0.466217975 0.7431184015625 0.463575490625 0.72518153125 0.460692778125 0.705002553125 0.45949165000000003 0.6992371312500001 0.45708939062500004 0.696674721875 0.45997210156249996 0.688987490625 0.4602123265625 0.6851438765625 0.45820764374999995 0.685202828125 0.4561790421875 0.6804174109375001
0 0.44171492968750004 0.6944326125 0.4405138 0.690268696875 0.44219538125 0.680979959375 0.4424356078125 0.680979959375 0.440273575 0.6780972484375 0.43739086250000003 0.6803393578125 0.436429959375 0.6880265875 0.4393126703125 0.7069243609375 0.44171492968750004 0.71525219375 0.4433965125 0.7085258671875 0.44171492968750004 0.6944326125
1 0.33943341718750003 0.7349345515625 0.33792355 0.725875353125 0.3374202609375 0.7238621984375 0.346479459375 0.7003753859375 0.351260703125 0.659776753125 0.35604194843750003 0.6258886390625 0.351260703125 0.6211912765625 0.33540710625000003 0.6232044328125 0.334148884375 0.6262241656249999 0.3338972390625 0.6305860015625 0.327102840625 0.6758819968750001 0.31577884218749996 0.7033951187499999 0.3001768875 0.74600690625 0.2931308453125 0.711783265625 0.2911176890625 0.7017174890625 0.289356178125 0.6742043671875 0.287091378125 0.669171478125 0.287091378125 0.598039990625 0.2770256015625 0.600388671875 0.260668715625 0.6060926125 0.2604170703125 0.6060926125 0.260668715625 0.66044780625 0.26167529375 0.7228556203125 0.2599137828125 0.7621121484375 0.262933515625 0.808750246875 0.2838200015625 0.8030463062500001 0.2850782234375 0.801704203125 0.3039515546875 0.804052884375 0.3276061296875 0.8047239359375 0.3306258625 0.804388409375 0.34043999375 0.81009235 0.34215988125 0.8111677625 0.34215988125 0.7988769062500001 0.3425788875 0.792731478125 0.34006485 0.7877034015625 0.34018835 0.78157265 0.33792355 0.7772108125 0.33993670468750004 0.7728489765625 0.33792355 0.7694937171875 0.33691697187499997 0.7560726828125001 0.3386784828125 0.7476845359375 0.33943341718750003 0.7349345515625