4 0.13515625 0.82109375 0.1765625 0.134375
3 0.07734375 0.86796875 0.0328125 0.0203125
4 0.0921875 0.66484375 0.1515625 0.1171875
3 0.03828125 0.7046875 0.0171875 0.0125
2 0.1703125 0.8171875 0.0484375 0.034375
0 0.321875 0.61640625 0.03125 0.0234375
0 0.46875 0.7921875 0.0453125 0.05
0 0.4203125 0.71640625 0.046875 0.0421875
1 0.20341629218750001 0.7720344203125 0.208930628125 0.7966531640625 0.21522833125 0.8159268515625 0.214079490625 0.8175166859375 0.21235795156249998 0.8405355921875 0.261788859375 0.8342068515625 0.30252076875 0.8243762390624999 0.36804848749999997 0.8127321593750001 0.42499386406250006 0.8019364031249999 0.4249426734375 0.80167305 0.427585646875 0.7833945156250001 0.42799640468750005 0.7723824921875 0.353542284375 0.7868549078125 0.3478135859375 0.7855087125 0.318656959375 0.78926305625 0.307711471875 0.78920420625 0.27045586250000003 0.7887934359375001 0.3118842625 0.76379569375 0.3383789671875 0.7463469421875 0.3844086375 0.730020459375 0.38892302968750003 0.7288696453125 0.39182786406250003 0.7269384796875 0.3907100328125 0.70993758125 0.384820625 0.70588958125 0.3503221859375 0.717788184375 0.3087997703125 0.7310521078125001 0.2860587328125 0.74531148125 0.283849159375 0.74519436875 0.2740596484375 0.7454574296875001 0.260867671875 0.7488416046874999 0.252446040625 0.752391734375 0.2381933296875 0.7540689625 0.23427181562500002 0.75264479375 0.23011576093750002 0.7556390828125 0.22508946093749999 0.7541563578125 0.21869745625 0.7555329671875 0.21292309375000001 0.7539249578125 0.2065758421875 0.755613809375 0.1937108671875 0.7581145078125 0.19518638125 0.759695621875 0.2031532015625 0.7688059046875 0.20341629218750001 0.7720344203125
1 0.23203125 0.64296875 0.175 0.0921875
0 0.4375 0.9828125 0.053125 0.034375
0 0.47734375 0.9421875 0.0578125 0.0703125
0 0.39609375 0.75546875 0.065625 0.053125