4 0.696875 0.11953125 0.16328125 0.2390625
4 0.91171875 0.159375 0.1765625 0.31875
1 0.67421875 0.3625 0.11875 0.28671875
1 0.86015625 0.4140625 0.16484375 0.31171875
1 0.1703125 0.31796875 0.1703125 0.2421875
1 0.34453125 0.30234375 0.16015625 0.2890625
0 0.11640625 0.453125 0.08203125 0.0484375
0 0.25390625 0.42890625 0.08046875 0.034375
0 0.33125 0.46484375 0.05625 0.059375
0 0.3765625 0.4484375 0.075 0.06171875
0 0.62890625 0.51015625 0.05078125 0.0578125
0 0.7609375 0.584375 0.10390625 0.05546875
0 0.6734375 0.4765625 0.05078125 0.0484375
0 0.90234375 0.5671875 0.04921875 0.0671875
2 0.89921875 0.22109375 0.0375 0.05390625
3 0.71796875 0.03671875 0.02734375 0.034375
3 0.95390625 0.06328125 0.03046875 0.034375