4 0.88203125 0.16328125 0.14375 0.2671875
4 0.6734375 0.134375 0.08671875 0.21171875
1 0.68125 0.321875 0.0890625 0.178125
1 0.86171875 0.42421875 0.1328125 0.290625
0 0.653125 0.428125 0.0390625 0.04609375
0 0.6765625 0.41015625 0.03359375 0.053125
0 0.828125 0.484375 0.0453125 0.04609375
0 0.92265625 0.61875 0.09453125 0.05859375
0 0.80625 0.55546875 0.0484375 0.04609375
0 0.97109375 0.50859375 0.03671875 0.0890625
0 0.940625 0.4703125 0.05234375 0.040625
0 0.85703125 0.51015625 0.0296875 0.034375
2 0.7046875 0.17734375 0.0171875 0.0328125
3 0.9390625 0.0984375 0.00625 0.03203125