1 0.74453125 0.78671875 0.2 0.0828125
1 0.78515625 0.5265625 0.1625 0.0796875
4 0.90859375 0.82265625 0.1640625 0.10625
3 0.95859375 0.8328125 0.0203125 0.0125
4 0.928125 0.53515625 0.1421875 0.0734375
2 0.9296875 0.55078125 0.028125 0.0140625
2 0.865625 0.834375 0.0203125 0.015625
0 0.64296875 0.7609375 0.0328125 0.0328125
0 0.66015625 0.7765625 0.0296875 0.0203125
0 0.6859375 0.5328125 0.0390625 0.0359375
0 0.6941668828124999 0.49050637343750003 0.703913153125 0.4926960484375 0.7311937875 0.4850185140625 0.7231041453125 0.48227024687500003 0.7230826453125 0.48288593906250005 0.6941668828124999 0.49050637343750003