4 0.8296875 0.08984375 0.340625 0.1484375
1 0.57890625 0.0453125 0.3171875 0.090625
0 0.39609375 0.03203125 0.0921875 0.0640625
2 0.8671875 0.0421875 0.05625 0.01875
3 0.94609375 0.075 0.0421875 0.03125
4 0.92265625 0.228125 0.1546875 0.128125
4 0.946875 0.4125 0.10625 0.078125
4 0.9140625 0.50390625 0.171875 0.1390625
1 0.7375 0.19921875 0.2671875 0.0984375
1 0.73515625 0.47109375 0.221875 0.09375
1 0.8 0.40625 0.215625 0.06875
2 0.92265625 0.4765625 0.0484375 0.025
2 0.9328125 0.41953125 0.046875 0.0265625
2 0.9421875 0.2171875 0.0328125 0.0140625
0 0.62421875 0.453125 0.053125 0.034375
0 0.67421875 0.484375 0.0890625 0.03125