4 0.116346153125 0.8298076921875 0.11514423124999999 0.83108974375 0.11466346093749999 0.8387820515625 0.106490384375 0.8490384609375001 0.10336538437500001 0.85673076875 0.1 0.8708333328125001 0.099278846875 0.88173076875 0.096875 0.8894230765625 0.09735576875 0.8951923078125 0.0951923078125 0.897435896875 0.093990384375 0.902564103125 0.08533653906250001 0.9083333328125001 0.0764423078125 0.9105769234375 0.074278846875 0.9080128203125 0.072596153125 0.9080128203125 0.06971153906250001 0.9108974359375 0.0673076921875 0.9432692312500001 0.06514423124999999 0.95576923125 0.065384615625 0.9612179484375 0.07235576875000001 0.9746794875000001 0.078365384375 0.98141025625 0.08509615312499999 0.99326923125 0.08653846093749999 0.9942307687499999 0.103125 0.9730769234375 0.10889423125 0.9682692312500001 0.11105769218749999 0.971153846875 0.109615384375 0.9826923078125 0.10985576875 0.9875 0.11105769218749999 0.988141025 0.11754807656249999 0.9810897437499999 0.12259615312500001 0.9801282046875001 0.1324519234375 0.971153846875 0.13966346093749998 0.95673076875 0.1425480765625 0.9455128203125 0.14951923125 0.9278846156249999 0.1490384609375 0.9246794875000001 0.1375 0.915384615625 0.1375 0.9121794875000001 0.141346153125 0.896794871875 0.144471153125 0.8894230765625 0.1516826921875 0.865705128125 0.15360576875 0.8419871796875 0.14495192343750002 0.8326923078125 0.1300480765625 0.8301282046875 0.116346153125 0.8298076921875
3 0.10546875 0.9375 0.0109375 0.0140625
4 0.2072115390625 1 0.2125 0.9916666671875 0.227884615625 0.9551282046875 0.22836538437499998 0.9503205124999999 0.221875 0.9483974359375 0.21514423124999998 0.9426282046875001 0.2134615390625 0.9429487171875 0.21105769218749998 0.9375 0.21322115312499998 0.9147435890625 0.21322115312499998 0.9019230765625 0.22139423125 0.8730769234375 0.22139423125 0.8653846156249999 0.2204326921875 0.8615384609375001 0.20985576875 0.85576923125 0.18173076875 0.859294871875 0.172115384375 0.8583333328125 0.16923076875 0.865064103125 0.1612980765625 0.8923076921875 0.16201923125 0.9259615390624999 0.14951923125 0.928205128125 0.14735576875 0.9471153843750001 0.1456730765625 0.9471153843750001 0.144471153125 0.9455128203125 0.143028846875 0.946794871875 0.14206730781250002 0.9512820515625 0.1425480765625 0.9709401703125 0.140625 0.9891025640625 0.14110576875 0.996153846875 0.1423076921875 1 0.2072115390625 1
2 0.203125 0.9046875 0.009375 0.0265625
2 0.13671875 0.88203125 0.01015625 0.028125
3 0.175 0.96875 0.00859375 0.01328125
2 0.0359375 0.9125 0.015625 0.0296875
0 0.08245192343749999 0.6647435890625 0.08846153906250001 0.6701923078124999 0.09326923125 0.6705128203124999 0.10144230781250001 0.6560897437500001 0.10168269218749999 0.650641025 0.09975961562499999 0.6480769234375 0.09326923125 0.6458333328125 0.0875 0.646153846875 0.08413461562499999 0.6471153843749999 0.08076923124999999 0.6503205125 0.077403846875 0.6576923078125 0.077403846875 0.6612179484375 0.078846153125 0.6634615390625 0.08245192343749999 0.6647435890625
1 0.0800480765625 0.663141025 0.0762019234375 0.6621794875 0.06826923124999999 0.6695512828125 0.0641826921875 0.671153846875 0.057211539062500004 0.677564103125 0.05528846093749999 0.6817307687499999 0.052884615625 0.6923076921875 0.0487980765625 0.6990384609375 0.04639423125 0.6996794875 0.044230768749999996 0.709294871875 0.04014423125 0.7173076921875 0.006490384375 0.8169871796875 0.00673076875 0.8201923078125001 0.010096153125 0.81923076875 0.0108173078125 0.822435896875 0.008653846875 0.8323717953124999 0.008894231249999999 0.836858975 0.033461539062500004 0.834615384375 0.0483173078125 0.834615384375 0.0665865390625 0.84358974375 0.06923076875 0.8387820515625 0.07211538437500001 0.8246794875000001 0.0771634609375 0.811858975 0.0793269234375 0.7983974359375 0.081009615625 0.7612179484375 0.0798076921875 0.7519230765625 0.07379807656250001 0.7323717953125 0.072596153125 0.7240384609375 0.0766826921875 0.7134615390625 0.08389423124999999 0.7009615390625 0.090625 0.683653846875 0.0923076921875 0.6724358968749999 0.091346153125 0.6695512828125 0.0800480765625 0.663141025
1 0.1487980765625 0.708974359375 0.1423076921875 0.7160256406250001 0.138221153125 0.7278846156250001 0.13701923124999998 0.734615384375 0.131009615625 0.746474359375 0.11706730781250001 0.8038461531250001 0.11658653906250001 0.8134615390625 0.11730769218749999 0.8211538468749999 0.11490384687499999 0.828846153125 0.14206730781250002 0.8326923078125 0.1454326921875 0.834294871875 0.1509615390625 0.840705128125 0.152884615625 0.841025640625 0.15576923125 0.834294871875 0.1634615390625 0.8041666671875 0.16514423125 0.79423076875 0.16514423125 0.7852564109375 0.16201923125 0.7759615390625 0.1540865390625 0.7586538468749999 0.150240384375 0.7451923078125 0.150240384375 0.740705128125 0.158653846875 0.7137820515625 0.15528846093749998 0.7121794875 0.15192307656249998 0.708653846875 0.1487980765625 0.708974359375
0 0.15576923125 0.711858975 0.15889423125 0.715064103125 0.166346153125 0.703525640625 0.174278846875 0.6948717953125 0.1735576921875 0.6887820515625 0.17139423125 0.6862179484375 0.16754807656249998 0.6852564109375 0.155528846875 0.6862179484375 0.14927884687499998 0.6916666671875 0.146875 0.7019230765625 0.147115384375 0.70673076875 0.14759615312500002 0.7076923078124999 0.1543269234375 0.7080128203125 0.15576923125 0.711858975
0 0.125 0.7544871796875 0.12764423125 0.752884615625 0.128365384375 0.7519230765625 0.127884615625 0.7429487171875 0.1300480765625 0.7375 0.135096153125 0.7323717953125 0.1394230765625 0.725641025 0.14206730781250002 0.7054487171875 0.140384615625 0.7019230765625 0.1358173078125 0.7009615390625 0.12860576875000002 0.7096153843749999 0.1240384609375 0.7189102562499999 0.12307692343750001 0.733653846875 0.118509615625 0.7442307687499999 0.11826923125 0.7519230765625 0.1209134609375 0.7544871796875 0.125 0.7544871796875