4 0.70546875 0.09921875 0.09921875 0.1984375
3 0.73828125 0.06171875 0.01484375 0.02890625
4 0.55390625 0.0921875 0.0875 0.16875
3 0.58046875 0.05546875 0.0078125 0.0140625
2 0.7078125 0.15625 0.02421875 0.04140625
0 0.55 0.33203125 0.01796875 0.0265625
0 0.73828125 0.43515625 0.040625 0.03515625
0 0.659375 0.40546875 0.0328125 0.0375
1 0.65981165 0.21842735000000002 0.66207645 0.2227891875 0.6600632953125001 0.2271510234375 0.66207645 0.23050628281250002 0.663083028125 0.2439273171875 0.6613215171875 0.2523154640625 0.6605665828125 0.2650654484375 0.66207645 0.274124646875 0.6625797390625 0.2761378015625 0.653520540625 0.29962461406249996 0.648739296875 0.340223246875 0.6439580515625 0.3741113609375 0.648739296875 0.3788087234375 0.66459289375 0.37679556718749996 0.665851115625 0.373775834375 0.6661027609375 0.3694139984375 0.6728971593749999 0.324118003125 0.6842211578125 0.29660488125 0.6998231125000001 0.25399309375 0.7068691546875 0.288216734375 0.7088823109375 0.29828251093749997 0.710643821875 0.3257956328125 0.712908621875 0.330828521875 0.712908621875 0.40196000937500004 0.7229743984375 0.399611328125 0.7393312843750001 0.3939073875 0.7395829296875001 0.3939073875 0.7393312843750001 0.33955219375 0.73832470625 0.2771443796875 0.7400862171875 0.23788785156249997 0.737066484375 0.191249753125 0.7161799984375 0.19695369375 0.7149217765625 0.198295796875 0.6960484453125 0.195947115625 0.6723938703125001 0.1952760640625 0.6693741375 0.195611590625 0.65956000625 0.18990765 0.65784011875 0.1888322375 0.65784011875 0.20112309375 0.6574211125 0.20726852187499997 0.65993515 0.21229659843749998 0.65981165 0.21842735000000002
1 0.55859375 0.24453125 0.05859375 0.1546875
0 0.93203125 0.37265625 0.07109375 0.04140625
0 0.878125 0.4171875 0.05859375 0.04296875
0 0.69140625 0.37578125 0.03984375 0.05546875
4 0.9359375 0.0859375 0.0765625 0.171875
3 0.971875 0.00703125 0.0078125 0.01328125