4 0.08359375 0.225 0.1671875 0.371875
1 0.09296875 0.49296875 0.07734375 0.28125
0 0.109375 0.65703125 0.05078125 0.078125
2 0.06796875 0.2328125 0.0234375 0.0484375
3 0.09609375 0.1578125 0.02421875 0.0359375
4 0.2359375 0.13203125 0.1 0.19375
3 0.24765625 0.08203125 0.0125 0.0203125
4 0.40078125 0.1 0.0609375 0.140625
3 0.421875 0.04921875 0.01015625 0.0125
4 0.48671875 0.109375 0.1109375 0.21875
3 0.49921875 0.059375 0.01640625 0.0203125
1 0.228125 0.33359375 0.06484375 0.2359375
1 0.4734375 0.31015625 0.06484375 0.1953125
1 0.40859375 0.25859375 0.0421875 0.1921875
2 0.4609375 0.14140625 0.01796875 0.04296875
2 0.40859375 0.1375 0.01875 0.040625
2 0.225 0.1484375 0.009375 0.02890625
0 0.46796875 0.41171875 0.0265625 0.0453125
0 0.490625 0.3640625 0.0203125 0.0796875