1 0.244117646875 0.8509114578125001 0.24607843125 0.849609375 0.24705882343750002 0.8460286453125001 0.2443627453125 0.8232421875 0.24705882343750002 0.8190104171874999 0.2482843140625 0.8151041671874999 0.2485294125 0.798828125 0.24926470625000002 0.7962239578125 0.248774509375 0.7779947921875 0.24975490156250002 0.767578125 0.25073529375 0.7643229171875 0.25 0.7594401046875 0.2517156859375 0.751953125 0.2529411765625 0.7405598953125 0.2556372546875 0.7311197921875 0.25955882343750003 0.7073567703125 0.2588235296875 0.6868489578125 0.2620098046875 0.6819661453125 0.26323529375 0.6780598953125 0.2629901953125 0.6735026046875 0.261274509375 0.669921875 0.2610294125 0.6656901046875 0.2544117640625 0.6608072921875 0.2517156859375 0.6549479171875 0.2485294125 0.6572265625 0.2450980390625 0.6549479171875 0.2431372546875 0.6549479171875 0.2416666671875 0.65625 0.24117647031249997 0.6585286453125 0.2431372546875 0.662109375 0.24338235312499998 0.6663411453125 0.24019607812500002 0.673828125 0.236274509375 0.6663411453125 0.23333333281250002 0.6673177078125 0.2311274515625 0.673828125 0.23259803906249998 0.6774088546875 0.23259803906249998 0.6930338546875 0.2296568625 0.697265625 0.21838235312499998 0.7080078125 0.211274509375 0.712890625 0.206617646875 0.7184244796875 0.2 0.7236328125 0.194852940625 0.7294921875 0.1943627453125 0.7327473953125 0.19558823593750002 0.7340494796875 0.20098039218750002 0.7360026046875 0.20490196093750002 0.7356770828125 0.21274509843749997 0.7405598953125 0.2166666671875 0.7415364578125 0.21887254843749998 0.73828125 0.22107843124999998 0.7369791671875 0.2225490203125 0.7395833328125 0.2220588234375 0.7444661453125 0.2227941171875 0.7467447921875 0.2299019609375 0.7516276046875 0.2311274515625 0.7561848953125 0.2225490203125 0.7737630203125 0.217647059375 0.7874348953125 0.2149509796875 0.7913411453125 0.2095588234375 0.802734375 0.19877450937500002 0.8190104171874999 0.19289215625 0.826171875 0.18823529375 0.833984375 0.1877450984375 0.837890625 0.1892156859375 0.8424479171874999 0.19044117656249998 0.841796875 0.1924019609375 0.8375651046874999 0.196568628125 0.8365885421874999 0.21642156875000002 0.8388671875 0.23039215624999998 0.8434244796874999 0.2438725484375 0.8509114578125001 0.244117646875 0.8509114578125001
1 0.44975490156250003 0.86328125 0.481617646875 0.85595703125 0.5091911765625 0.85595703125 0.52267156875 0.7403971359375 0.4889705875 0.83154296875 0.4834558828125 0.79248046875 0.487132353125 0.75341796875 0.490196078125 0.7086588546875 0.47242647031249996 0.7054036453125 0.44975490156250003 0.86328125
4 0.219975490625 1 0.23651960781249998 0.9462890625 0.23223039218750002 0.9446614578125001 0.21323529375 0.9348958328125001 0.2138480390625 0.92919921875 0.2248774515625 0.9031575515625001 0.23284313750000002 0.8811848953125001 0.2450980390625 0.8543294265625001 0.22916666718749998 0.8445638015625001 0.21017156875 0.8388671875 0.1942401953125 0.8396809890625001 0.191789215625 0.8567708328125001 0.18504902031249998 0.83642578125 0.1685049015625 0.8518880203125001 0.1666666671875 0.9072265625 0.16176470625 0.92919921875 0.155024509375 0.9300130203125001 0.146446078125 0.9373372390625001 0.1482843140625 0.9959309890625001 0.1611519609375 1 0.1697303921875 0.9869791671874999 0.17892156875 1 0.1911764703125 1 0.219975490625 1
3 0.1875 0.96796875 0.0125 0.0203125
4 0.5122549015625 0.9983723953125001 0.515931371875 0.9943033859374999 0.5049019609375 0.9674479171874999 0.49571078437500005 0.96337890625 0.504289215625 0.9397786453125001 0.5079656859375 0.9202473953125001 0.509803921875 0.85595703125 0.47610294062499997 0.8575846359374999 0.4479166671875 0.8714192703125001 0.4583333328125 0.9405924484374999 0.455882353125 0.9772135421874999 0.4485294125 1 0.5122549015625 0.9983723953125001
2 0.46640625 0.928125 0.01171875 0.02734375
2 0.1828125 0.875 0.01484375 0.0203125
0 0.2607843140625 0.6676432296875 0.2627450984375 0.6666666671875 0.2634803921875 0.6647135421875 0.2629901953125 0.6546223953125 0.2544117640625 0.642578125 0.2482843140625 0.638671875 0.23897058750000003 0.6354166671875 0.2357843140625 0.6354166671875 0.23259803906249998 0.6380208328125 0.232352940625 0.6416015625 0.2330882359375 0.6442057296875 0.2357843140625 0.6500651046875 0.23946078437499999 0.6546223953125 0.24019607812500002 0.658203125 0.24289215625 0.662109375 0.2438725484375 0.6673177078125 0.24705882343750002 0.662109375 0.246568628125 0.6585286453125 0.2482843140625 0.6565755203125 0.253186275 0.6598307296875 0.257352940625 0.6663411453125 0.259068628125 0.6676432296875 0.2607843140625 0.6676432296875
0 0.2330882359375 0.6822916671875 0.2345588234375 0.681640625 0.2345588234375 0.6780598953125 0.23529411718749998 0.6770833328125 0.24240196093750002 0.673828125 0.23995097968749998 0.6715494796875 0.23431372499999997 0.6578776046875 0.228431371875 0.6536458328125 0.223774509375 0.6536458328125 0.2227941171875 0.6546223953125 0.2240196078125 0.6591796875 0.2240196078125 0.6624348953125 0.230882353125 0.6761067703125 0.232352940625 0.6832682296875 0.2330882359375 0.6822916671875
0 0.48676470624999996 0.7044270828125 0.4884803921875 0.7027994796875 0.490686275 0.6969401046875 0.49264705937500003 0.6858723953125 0.4921568625 0.681640625 0.490196078125 0.6793619796875 0.4794117640625 0.6751302078125 0.47083333281249995 0.6686197921875 0.4661764703125 0.6663411453125 0.46176470625 0.6663411453125 0.460539215625 0.669921875 0.460539215625 0.677734375 0.459313725 0.681640625 0.459313725 0.685546875 0.463725490625 0.6904296875 0.4705882359375 0.7027994796875 0.4747549015625 0.7027994796875 0.478431371875 0.7008463546875 0.48235294062499995 0.7008463546875 0.48602941250000004 0.7044270828125 0.48676470624999996 0.7044270828125
0 0.5275735296875 0.7208658859375 0.526960784375 0.7208658859375 0.518382353125 0.6923828125 0.5165441171875 0.7021484375 0.5251225484375001 0.72900390625 0.5275735296875 0.7208658859375