4 0.93203125 0.25 0.1359375 0.31875
4 0.75859375 0.16875 0.14375 0.246875
1 0.7203125 0.36953125 0.1375 0.2109375
1 0.8875 0.52265625 0.2125 0.3421875
0 0.6640625 0.47578125 0.053125 0.0578125
0 0.69375 0.4625 0.05 0.065625
0 0.83671875 0.57890625 0.059375 0.059375
0 0.90390625 0.74375 0.115625 0.0859375
0 0.796875 0.6484375 0.0625 0.0609375
0 0.971875 0.6359375 0.040625 0.0984375
0 0.96015625 0.590625 0.0640625 0.0546875
0 0.86171875 0.6125 0.0390625 0.04375
2 0.78203125 0.22109375 0.0265625 0.0390625