4 0.1140625 0.05625 0.103125 0.1125
4 0.19609375 0.04453125 0.1015625 0.0890625
2 0.215625 0.03671875 0.0109375 0.028125
2 0.14296875 0.05546875 0.0125 0.0296875
2 0.03984375 0.015625 0.0140625 0.03125
0 0.07578125 0.29140625 0.0265625 0.028125
1 0.053125 0.18828125 0.0796875 0.1984375
1 0.13828125 0.17109375 0.0625 0.1453125
0 0.1546875 0.2515625 0.03125 0.0328125
0 0.12421875 0.2203125 0.028125 0.0578125
1 0.55390625 0.19140625 0.1140625 0.2359375
1 0.22109375 0.1546875 0.1046875 0.1375
0 0.2578125 0.2359375 0.0390625 0.034375
0 0.19453125 0.225 0.046875 0.028125