4 0.090625 0.3796875 0.18125 0.20625
4 0.11328125 0.1546875 0.2265625 0.215625
1 0.30234375 0.36328125 0.3265625 0.1796875
1 0.32109375 0.15625 0.3640625 0.234375
1 0.3484375 0.896875 0.290625 0.20625
1 0.29921875 0.72578125 0.3375 0.225
0 0.503125 0.93984375 0.065625 0.096875
0 0.4515625 0.79765625 0.0515625 0.0921875
0 0.475 0.709375 0.0734375 0.071875
0 0.4484375 0.6640625 0.078125 0.0921875
0 0.4671875 0.384375 0.0703125 0.0640625
0 0.521875 0.23046875 0.078125 0.121875
0 0.4234375 0.34296875 0.0609375 0.0625
0 0.4765625 0.0828125 0.0796875 0.0640625
2 0.11015625 0.15078125 0.0640625 0.05