4 0.8574519234375 0.9455128203125 0.8603365390625 0.95673076875 0.8675480765625 0.971153846875 0.877403846875 0.9801282046875001 0.8824519234375 0.9810897437499999 0.8889423078125 0.988141025 0.8901442312500001 0.9875 0.8903846156249999 0.9826923078125 0.8889423078125 0.971153846875 0.8911057687499999 0.9682692312500001 0.896875 0.9730769234375 0.9134615390624999 0.9942307687499999 0.9149038468749999 0.99326923125 0.9216346156249999 0.98141025625 0.9276442312500001 0.9746794875000001 0.934615384375 0.9612179484375 0.93485576875 0.95576923125 0.9326923078125 0.9432692312500001 0.9302884609375001 0.9108974359375 0.927403846875 0.9080128203125 0.925721153125 0.9080128203125 0.9235576921875 0.9105769234375 0.9146634609375001 0.9083333328125001 0.9060096156249999 0.902564103125 0.9048076921874999 0.897435896875 0.90264423125 0.8951923078125 0.903125 0.8894230765625 0.900721153125 0.88173076875 0.9 0.8708333328125001 0.8966346156249999 0.85673076875 0.893509615625 0.8490384609375001 0.8853365390624999 0.8387820515625 0.8848557687499999 0.83108974375 0.8836538468749999 0.8298076921875 0.8699519234374999 0.8301282046875 0.8550480765625 0.8326923078125 0.84639423125 0.8419871796875 0.8483173078125 0.865705128125 0.855528846875 0.8894230765625 0.858653846875 0.896794871875 0.8625 0.9121794875000001 0.8625 0.915384615625 0.8509615390624999 0.9246794875000001 0.85048076875 0.9278846156249999 0.8574519234375 0.9455128203125
3 0.89453125 0.9375 0.0109375 0.0140625
4 0.8576923078125 1 0.8588942312500001 0.996153846875 0.859375 0.9891025640625 0.8574519234375 0.9709401703125 0.8579326921874999 0.9512820515625 0.856971153125 0.946794871875 0.855528846875 0.9455128203125 0.8543269234374999 0.9471153843750001 0.85264423125 0.9471153843750001 0.85048076875 0.928205128125 0.8379807687499999 0.9259615390624999 0.8387019234374999 0.8923076921875 0.83076923125 0.865064103125 0.8278846156249999 0.8583333328125 0.8182692312500001 0.859294871875 0.79014423125 0.85576923125 0.7795673078124999 0.8615384609375001 0.77860576875 0.8653846156249999 0.77860576875 0.8730769234375 0.786778846875 0.9019230765625 0.786778846875 0.9147435890625 0.7889423078125 0.9375 0.7865384609375 0.9429487171875 0.78485576875 0.9426282046875001 0.778125 0.9483974359375 0.771634615625 0.9503205124999999 0.7721153843749999 0.9551282046875 0.7875 0.9916666671875 0.7927884609375 1 0.8576923078125 1
2 0.796875 0.9046875 0.009375 0.0265625
2 0.86328125 0.88203125 0.01015625 0.028125
3 0.825 0.96875 0.00859375 0.01328125
2 0.9640625 0.9125 0.015625 0.0296875
0 0.9067307687499999 0.6705128203124999 0.9115384609375001 0.6701923078124999 0.9175480765625 0.6647435890625 0.921153846875 0.6634615390625 0.922596153125 0.6612179484375 0.922596153125 0.6576923078125 0.91923076875 0.6503205125 0.9158653843750001 0.6471153843749999 0.9125 0.646153846875 0.9067307687499999 0.6458333328125 0.9002403843750001 0.6480769234375 0.8983173078125001 0.650641025 0.8985576921874999 0.6560897437500001 0.9067307687499999 0.6705128203124999
1 0.9228365390625 0.811858975 0.9278846156249999 0.8246794875000001 0.93076923125 0.8387820515625 0.9334134609375001 0.84358974375 0.9516826921874999 0.834615384375 0.9665384609375 0.834615384375 0.99110576875 0.836858975 0.9913461531250001 0.8323717953124999 0.9891826921875 0.822435896875 0.989903846875 0.81923076875 0.99326923125 0.8201923078125001 0.993509615625 0.8169871796875 0.95985576875 0.7173076921875 0.95576923125 0.709294871875 0.9536057687499999 0.6996794875 0.9512019234375 0.6990384609375 0.9471153843750001 0.6923076921875 0.9447115390624999 0.6817307687499999 0.9427884609375001 0.677564103125 0.9358173078125 0.671153846875 0.9317307687499999 0.6695512828125 0.9237980765625 0.6621794875 0.9199519234375 0.663141025 0.908653846875 0.6695512828125 0.9076923078125001 0.6724358968749999 0.909375 0.683653846875 0.9161057687499999 0.7009615390625 0.9233173078125001 0.7134615390625 0.927403846875 0.7240384609375 0.9262019234375 0.7323717953125 0.9201923078125 0.7519230765625 0.918990384375 0.7612179484375 0.9206730765625 0.7983974359375 0.9228365390625 0.811858975
1 0.8442307687499999 0.834294871875 0.8471153843750001 0.841025640625 0.8490384609375001 0.840705128125 0.8545673078125 0.834294871875 0.8579326921874999 0.8326923078125 0.885096153125 0.828846153125 0.8826923078125001 0.8211538468749999 0.8834134609375001 0.8134615390625 0.8829326921874999 0.8038461531250001 0.8689903843750001 0.746474359375 0.86298076875 0.734615384375 0.861778846875 0.7278846156250001 0.8576923078125 0.7160256406250001 0.8512019234375 0.708974359375 0.8480769234375 0.708653846875 0.8447115390625 0.7121794875 0.841346153125 0.7137820515625 0.8497596156249999 0.740705128125 0.8497596156249999 0.7451923078125 0.8459134609375001 0.7586538468749999 0.8379807687499999 0.7759615390625 0.83485576875 0.7852564109375 0.83485576875 0.79423076875 0.8365384609375001 0.8041666671875 0.8442307687499999 0.834294871875
0 0.833653846875 0.703525640625 0.84110576875 0.715064103125 0.8442307687499999 0.711858975 0.8456730765625 0.7080128203125 0.8524038468749999 0.7076923078124999 0.852884615625 0.70673076875 0.853125 0.7019230765625 0.8507211531250001 0.6916666671875 0.844471153125 0.6862179484375 0.8324519234375 0.6852564109375 0.8286057687499999 0.6862179484375 0.8264423078125 0.6887820515625 0.825721153125 0.6948717953125 0.833653846875 0.703525640625
0 0.864903846875 0.7323717953125 0.8699519234374999 0.7375 0.872115384375 0.7429487171875 0.8716346156249999 0.7519230765625 0.87235576875 0.752884615625 0.875 0.7544871796875 0.8790865390624999 0.7544871796875 0.88173076875 0.7519230765625 0.881490384375 0.7442307687499999 0.8769230765625 0.733653846875 0.8759615390625 0.7189102562499999 0.87139423125 0.7096153843749999 0.8641826921875 0.7009615390625 0.8596153843750001 0.7019230765625 0.8579326921874999 0.7054487171875 0.8605769234375 0.725641025 0.864903846875 0.7323717953125