1 0.75390625 0.15859375 0.2015625 0.1296875
1 0.80078125 0.2421875 0.2046875 0.11875
1 0.85234375 0.56171875 0.190625 0.103125
1 0.8296875 0.59296875 0.1453125 0.0703125
1 0.834375 0.6421875 0.20625 0.1234375
1 0.8859375 0.87890625 0.1484375 0.0875
0 0.80546875 0.925 0.0390625 0.0390625
0 0.8125 0.85859375 0.0296875 0.034375
0 0.83671875 0.9 0.05 0.03125
0 0.7515625 0.59296875 0.025 0.028125
0 0.6234375 0.153125 0.05 0.0828125
0 0.6796875 0.23125 0.09375 0.05625
0 0.7015625 0.27109375 0.040625 0.05
4 0.97265625 0.8828125 0.0546875 0.1
4 0.93984375 0.58984375 0.1203125 0.0828125
3 0.9890625 0.59140625 0.0140625 0.0078125