4 0.88984375 0.72578125 0.203125 0.1109375
3 0.925 0.7609375 0.028125 0.0171875
4 0.9046875 0.575 0.1734375 0.096875
3 0.93984375 0.60390625 0.0140625 0.0078125
2 0.83203125 0.72578125 0.0421875 0.0265625
0 0.66484375 0.55859375 0.028125 0.0203125
0 0.55234375 0.74140625 0.0359375 0.0421875
0 0.5859375 0.6640625 0.0390625 0.034375
1 0.651773371875 0.6568975234375001 0.61818193125 0.6503492640624999 0.613240775 0.654878115625 0.614421459375 0.670815346875 0.617371203125 0.672229884375 0.6217138906249999 0.672709465625 0.66659221875 0.6818651625000001 0.6934749828125 0.6946135671875 0.735211828125 0.71242426875 0.7006663296875 0.717669528125 0.6905089875 0.7191531234374999 0.6629413796875 0.71947229375 0.6577968578125 0.7214705890625 0.5867628546875 0.7177478546875 0.5885815140624999 0.72792275625 0.5934215843749999 0.7445557468749999 0.5934084140625 0.7448070484375 0.6477022859375 0.747400478125 0.7100772531249999 0.749661453125 0.749187790625 0.7534750765625 0.7959200140625 0.7529003328125 0.7913170046875 0.73174395 0.7900425906249999 0.7304172109375 0.7933758078125 0.711692665625 0.795283925 0.6881056296875 0.7951068984375 0.685072475 0.801316653125 0.6755703140625 0.8024806046874999 0.6739090671875 0.7902065921875 0.6732658125000001 0.784091515625 0.6725257546875001 0.7789387546875 0.674773196875 0.77282286875 0.6743290078124999 0.768348478125 0.6763624234375001 0.7640979812500001 0.674123746875 0.760641959375 0.675958540625 0.7471866375 0.6762613375 0.7389021765625 0.6740632390625 0.7262091765625 0.6726420562500001 0.7170833734375 0.6736757328125 0.7150466375 0.674072971875 0.692066134375 0.6637969828125 0.651773371875 0.6568975234375001
1 0.75234375 0.571875 0.1578125 0.0671875
0 0.6046875 0.93828125 0.04375 0.0734375
0 0.56328125 0.88203125 0.046875 0.0609375
0 0.6140625 0.69765625 0.0578125 0.04375
4 0.890625 0.95703125 0.175 0.0859375
3 0.9671875 0.99609375 0.0125 0.0078125