1 0.1924019609375 0.1624348953125 0.19044117656249998 0.158203125 0.1892156859375 0.1575520828125 0.1877450984375 0.162109375 0.18823529375 0.166015625 0.19289215625 0.173828125 0.19877450937500002 0.1809895828125 0.2095588234375 0.197265625 0.2149509796875 0.20865885468749998 0.217647059375 0.21256510468749998 0.2225490203125 0.22623697968749998 0.2311274515625 0.24381510468749998 0.2299019609375 0.24837239531250002 0.2227941171875 0.2532552078125 0.2220588234375 0.2555338546875 0.2225490203125 0.2604166671875 0.22107843124999998 0.2630208328125 0.21887254843749998 0.26171875 0.2166666671875 0.2584635421875 0.21274509843749997 0.2594401046875 0.20490196093750002 0.2643229171875 0.20098039218750002 0.2639973953125 0.19558823593750002 0.2659505203125 0.1943627453125 0.2672526046875 0.194852940625 0.2705078125 0.2 0.2763671875 0.206617646875 0.2815755203125 0.211274509375 0.287109375 0.21838235312499998 0.2919921875 0.2296568625 0.302734375 0.23259803906249998 0.3069661453125 0.23259803906249998 0.3225911453125 0.2311274515625 0.326171875 0.23333333281250002 0.3326822921875 0.236274509375 0.3336588546875 0.24019607812500002 0.326171875 0.24338235312499998 0.3336588546875 0.2431372546875 0.337890625 0.24117647031249997 0.3414713546875 0.2416666671875 0.34375 0.2431372546875 0.3450520828125 0.2450980390625 0.3450520828125 0.2485294125 0.3427734375 0.2517156859375 0.3450520828125 0.2544117640625 0.3391927078125 0.2610294125 0.3343098953125 0.261274509375 0.330078125 0.2629901953125 0.3264973953125 0.26323529375 0.3219401046875 0.2620098046875 0.3180338546875 0.2588235296875 0.3131510421875 0.25955882343750003 0.2926432296875 0.2556372546875 0.2688802078125 0.2529411765625 0.2594401046875 0.2517156859375 0.248046875 0.25 0.24055989531250002 0.25073529375 0.23567708281250002 0.24975490156250002 0.232421875 0.248774509375 0.22200520781250002 0.24926470625000002 0.20377604218749998 0.2485294125 0.201171875 0.2482843140625 0.1848958328125 0.24705882343750002 0.1809895828125 0.2443627453125 0.1767578125 0.24705882343750002 0.1539713546875 0.24607843125 0.150390625 0.244117646875 0.1490885421875 0.2438725484375 0.1490885421875 0.23039215624999998 0.1565755203125 0.21642156875000002 0.1611328125 0.196568628125 0.1634114578125 0.1924019609375 0.1624348953125
1 0.4889705875 0.16845703125 0.52267156875 0.2596028640625 0.5091911765625 0.14404296875 0.481617646875 0.14404296875 0.44975490156250003 0.13671875 0.47242647031249996 0.2945963546875 0.490196078125 0.2913411453125 0.487132353125 0.24658203125 0.4834558828125 0.20751953125 0.4889705875 0.16845703125
4 0.17892156875 0 0.1697303921875 0.013020832812499999 0.1611519609375 0 0.1482843140625 0.0040690109375 0.146446078125 0.06266276093749999 0.155024509375 0.06998697968749999 0.16176470625 0.07080078125 0.1666666671875 0.0927734375 0.1685049015625 0.1481119796875 0.18504902031249998 0.16357421875 0.191789215625 0.1432291671875 0.1942401953125 0.1603190109375 0.21017156875 0.1611328125 0.22916666718749998 0.1554361984375 0.2450980390625 0.1456705734375 0.23284313750000002 0.1188151046875 0.2248774515625 0.09684244843749999 0.2138480390625 0.07080078125 0.21323529375 0.06510416718749999 0.23223039218750002 0.05533854218749999 0.23651960781249998 0.0537109375 0.219975490625 0 0.1911764703125 0 0.17892156875 0
3 0.1875 0.03203125 0.0125 0.0203125
4 0.47610294062499997 0.1424153640625 0.509803921875 0.14404296875 0.5079656859375 0.07975260468749999 0.504289215625 0.06022135468749999 0.49571078437500005 0.03662109375 0.5049019609375 0.0325520828125 0.515931371875 0.0056966140625 0.5122549015625 0.0016276046874999998 0.4485294125 0 0.455882353125 0.0227864578125 0.4583333328125 0.05940755156250001 0.4479166671875 0.1285807296875 0.47610294062499997 0.1424153640625
2 0.46640625 0.071875 0.01171875 0.02734375
2 0.1828125 0.125 0.01484375 0.0203125
0 0.246568628125 0.3414713546875 0.24705882343750002 0.337890625 0.2438725484375 0.3326822921875 0.24289215625 0.337890625 0.24019607812500002 0.341796875 0.23946078437499999 0.3453776046875 0.2357843140625 0.3499348953125 0.2330882359375 0.3557942703125 0.232352940625 0.3583984375 0.23259803906249998 0.3619791671875 0.2357843140625 0.3645833328125 0.23897058750000003 0.3645833328125 0.2482843140625 0.361328125 0.2544117640625 0.357421875 0.2629901953125 0.3453776046875 0.2634803921875 0.3352864578125 0.2627450984375 0.3333333328125 0.2607843140625 0.3323567703125 0.259068628125 0.3323567703125 0.257352940625 0.3336588546875 0.253186275 0.3401692703125 0.2482843140625 0.3434244796875 0.246568628125 0.3414713546875
0 0.2227941171875 0.3453776046875 0.223774509375 0.3463541671875 0.228431371875 0.3463541671875 0.23431372499999997 0.3421223953125 0.23995097968749998 0.3284505203125 0.24240196093750002 0.326171875 0.23529411718749998 0.3229166671875 0.2345588234375 0.3219401046875 0.2345588234375 0.318359375 0.2330882359375 0.3177083328125 0.232352940625 0.3167317703125 0.230882353125 0.3238932296875 0.2240196078125 0.3375651046875 0.2240196078125 0.3408203125 0.2227941171875 0.3453776046875
0 0.4705882359375 0.2972005203125 0.463725490625 0.3095703125 0.459313725 0.314453125 0.459313725 0.318359375 0.460539215625 0.322265625 0.460539215625 0.330078125 0.46176470625 0.3336588546875 0.4661764703125 0.3336588546875 0.47083333281249995 0.3313802078125 0.4794117640625 0.3248697921875 0.490196078125 0.3206380203125 0.4921568625 0.318359375 0.49264705937500003 0.3141276046875 0.490686275 0.3030598953125 0.4884803921875 0.2972005203125 0.48676470624999996 0.2955729171875 0.48602941250000004 0.2955729171875 0.48235294062499995 0.2991536453125 0.478431371875 0.2991536453125 0.4747549015625 0.2972005203125 0.4705882359375 0.2972005203125
0 0.5275735296875 0.2791341140625 0.5251225484375001 0.27099609375 0.5165441171875 0.2978515625 0.518382353125 0.3076171875 0.526960784375 0.2791341140625 0.5275735296875 0.2791341140625