4 0.90546875 0.30859375 0.1890625 0.2046875
4 0.87734375 0.10859375 0.2453125 0.1515625
1 0.68515625 0.29921875 0.33125 0.171875
1 0.65703125 0.1015625 0.3609375 0.203125
1 0.6578125 0.8546875 0.2890625 0.221875
1 0.70078125 0.66796875 0.3390625 0.2171875
0 0.5015625 0.89296875 0.065625 0.096875
0 0.54921875 0.746875 0.05 0.09375
0 0.521875 0.65703125 0.0734375 0.0703125
0 0.546875 0.61015625 0.0796875 0.0921875
0 0.51796875 0.3265625 0.0703125 0.0640625
0 0.4578125 0.17109375 0.0765625 0.121875
0 0.5609375 0.2828125 0.0609375 0.0625
0 0.4984375 0.0265625 0.08125 0.053125
2 0.8734375 0.0765625 0.0640625 0.0484375