4 0.858653846875 0.103205128125 0.855528846875 0.1105769234375 0.8483173078125 0.134294871875 0.84639423125 0.1580128203125 0.8550480765625 0.1673076921875 0.8699519234374999 0.16987179531250002 0.8836538468749999 0.1701923078125 0.8848557687499999 0.16891025625 0.8853365390624999 0.16121794843749998 0.893509615625 0.1509615390625 0.8966346156249999 0.14326923125 0.9 0.1291666671875 0.900721153125 0.11826923125 0.903125 0.1105769234375 0.90264423125 0.1048076921875 0.9048076921874999 0.102564103125 0.9060096156249999 0.09743589687500001 0.9146634609375001 0.0916666671875 0.9235576921875 0.08942307656250001 0.925721153125 0.0919871796875 0.927403846875 0.0919871796875 0.9302884609375001 0.0891025640625 0.9326923078125 0.05673076875000001 0.93485576875 0.044230768749999996 0.934615384375 0.038782051562499996 0.9276442312500001 0.025320512499999996 0.9216346156249999 0.018589743750000002 0.9149038468749999 0.00673076875 0.9134615390624999 0.00576923125 0.896875 0.0269230765625 0.8911057687499999 0.03173076875 0.8889423078125 0.028846153125000003 0.8903846156249999 0.0173076921875 0.8901442312500001 0.0125 0.8889423078125 0.011858974999999999 0.8824519234375 0.01891025625 0.877403846875 0.019871795312500003 0.8675480765625 0.028846153125000003 0.8603365390625 0.04326923125 0.8574519234375 0.0544871796875 0.85048076875 0.07211538437500001 0.8509615390624999 0.0753205125 0.8625 0.084615384375 0.8625 0.0878205125 0.858653846875 0.103205128125
3 0.89453125 0.0625 0.0109375 0.0140625
4 0.7927884609375 0 0.7875 0.0083333328125 0.7721153843749999 0.044871795312500004 0.771634615625 0.0496794875 0.778125 0.0516025640625 0.78485576875 0.057371795312499994 0.7865384609375 0.05705128281250001 0.7889423078125 0.0625 0.786778846875 0.0852564109375 0.786778846875 0.09807692343749999 0.77860576875 0.1269230765625 0.77860576875 0.134615384375 0.7795673078124999 0.1384615390625 0.79014423125 0.14423076875000002 0.8182692312500001 0.140705128125 0.8278846156249999 0.1416666671875 0.83076923125 0.13493589687500002 0.8387019234374999 0.10769230781250001 0.8379807687499999 0.0740384609375 0.85048076875 0.071794871875 0.85264423125 0.052884615625 0.8543269234374999 0.052884615625 0.855528846875 0.0544871796875 0.856971153125 0.053205128125 0.8579326921874999 0.048717948437500005 0.8574519234375 0.0290598296875 0.859375 0.0108974359375 0.8588942312500001 0.003846153125 0.8576923078125 0 0.7927884609375 0
2 0.796875 0.0953125 0.009375 0.0265625
2 0.86328125 0.11796875 0.01015625 0.028125
3 0.825 0.03125 0.00859375 0.01328125
2 0.9640625 0.0875 0.015625 0.0296875
0 0.9125 0.353846153125 0.9158653843750001 0.352884615625 0.91923076875 0.3496794875 0.922596153125 0.3423076921875 0.922596153125 0.3387820515625 0.921153846875 0.3365384609375 0.9175480765625 0.33525641093749997 0.9115384609375001 0.3298076921875 0.9067307687499999 0.32948717968749996 0.8985576921874999 0.34391025625 0.8983173078125001 0.349358975 0.9002403843750001 0.3519230765625 0.9067307687499999 0.3541666671875 0.9125 0.353846153125
1 0.927403846875 0.2759615390625 0.9233173078125001 0.2865384609375 0.9161057687499999 0.2990384609375 0.909375 0.316346153125 0.9076923078125001 0.327564103125 0.908653846875 0.3304487171875 0.9199519234375 0.336858975 0.9237980765625 0.3378205125 0.9317307687499999 0.3304487171875 0.9358173078125 0.328846153125 0.9427884609375001 0.32243589687499996 0.9447115390624999 0.31826923125 0.9471153843750001 0.3076923078125 0.9512019234375 0.3009615390625 0.9536057687499999 0.3003205125 0.95576923125 0.290705128125 0.95985576875 0.2826923078125 0.993509615625 0.1830128203125 0.99326923125 0.17980769218749998 0.989903846875 0.18076923125 0.9891826921875 0.17756410312499998 0.9913461531250001 0.1676282046875 0.99110576875 0.163141025 0.9665384609375 0.165384615625 0.9516826921874999 0.165384615625 0.9334134609375001 0.15641025625 0.93076923125 0.16121794843749998 0.9278846156249999 0.1753205125 0.9228365390625 0.18814102500000002 0.9206730765625 0.20160256406250002 0.918990384375 0.23878205156250001 0.9201923078125 0.24807692343749999 0.9262019234375 0.2676282046875 0.927403846875 0.2759615390625
1 0.8459134609375001 0.241346153125 0.8497596156249999 0.2548076921875 0.8497596156249999 0.259294871875 0.841346153125 0.2862179484375 0.8447115390625 0.2878205125 0.8480769234375 0.291346153125 0.8512019234375 0.29102564062499997 0.8576923078125 0.28397435937500004 0.861778846875 0.272115384375 0.86298076875 0.26538461562500004 0.8689903843750001 0.253525640625 0.8829326921874999 0.19615384687499998 0.8834134609375001 0.18653846093749998 0.8826923078125001 0.17884615312500002 0.885096153125 0.171153846875 0.8579326921874999 0.1673076921875 0.8545673078125 0.165705128125 0.8490384609375001 0.159294871875 0.8471153843750001 0.15897435937499999 0.8442307687499999 0.165705128125 0.8365384609375001 0.19583333281249998 0.83485576875 0.20576923125 0.83485576875 0.21474358906250002 0.8379807687499999 0.2240384609375 0.8459134609375001 0.241346153125
0 0.844471153125 0.3137820515625 0.8507211531250001 0.3083333328125 0.853125 0.2980769234375 0.852884615625 0.29326923125 0.8524038468749999 0.29230769218749997 0.8456730765625 0.2919871796875 0.8442307687499999 0.288141025 0.84110576875 0.284935896875 0.833653846875 0.296474359375 0.825721153125 0.3051282046875 0.8264423078125 0.3112179484375 0.8286057687499999 0.3137820515625 0.8324519234375 0.3147435890625 0.844471153125 0.3137820515625
0 0.87139423125 0.290384615625 0.8759615390625 0.28108974375 0.8769230765625 0.266346153125 0.881490384375 0.25576923125 0.88173076875 0.24807692343749999 0.8790865390624999 0.24551282031250002 0.875 0.24551282031250002 0.87235576875 0.24711538437499997 0.8716346156249999 0.24807692343749999 0.872115384375 0.2570512828125 0.8699519234374999 0.2625 0.864903846875 0.2676282046875 0.8605769234375 0.274358975 0.8579326921874999 0.2945512828125 0.8596153843750001 0.2980769234375 0.8641826921875 0.2990384609375 0.87139423125 0.290384615625