4 0.59140625 0.24140625 0.25234375 0.4828125
3 0.66875 0.08203125 0.028125 0.0453125
2 0.634375 0.33984375 0.0390625 0.0828125
4 0.3359375 0.24296875 0.33125 0.4859375
2 0.40390625 0.32734375 0.0453125 0.09453125
3 0.4109375 0.08359375 0.0359375 0.034375
1 0.36328125 0.69140625 0.19765625 0.4296875
1 0.5875 0.65234375 0.18203125 0.3375
0 0.5203125 0.87578125 0.046875 0.1171875
0 0.66015625 0.8453125 0.0765625 0.11328125
0 0.34609375 0.94375 0.065625 0.10546875
0 0.4375 0.90234375 0.06484375 0.096875