4 0.721875 0.928125 0.41875 0.14375
1 0.4359375 0.921875 0.321875 0.1390625
0 0.26015625 0.87265625 0.0953125 0.0703125
2 0.7140625 0.98984375 0.05625 0.0203125
3 0.80078125 0.98203125 0.04375 0.0328125
4 0.84765625 0.834375 0.2140625 0.14375
3 0.91171875 0.83203125 0.0234375 0.0171875
4 0.9109375 0.66015625 0.14375 0.0890625
3 0.978125 0.6484375 0.0078125 0.0125
4 0.89921875 0.5609375 0.2015625 0.153125
3 0.98515625 0.56328125 0.025 0.021875
1 0.634375 0.80546875 0.26875 0.115625
1 0.70703125 0.54296875 0.225 0.1078125
1 0.7515625 0.62265625 0.2171875 0.0828125
2 0.8890625 0.5890625 0.05 0.028125
2 0.8828125 0.646875 0.0484375 0.0296875
2 0.8359375 0.84375 0.0328125 0.015625
0 0.5953125 0.5296875 0.0546875 0.0375
0 0.65234375 0.51328125 0.090625 0.0375