4 0.5065076140625 0.1997962359375 0.4992128578125 0.21395429687499998 0.46959174687500005 0.2946590609375 0.49678126875000006 0.3158961453125 0.4970023265625 0.3629504359375 0.5098234109375 0.3844824875 0.5098234109375 0.423417171875 0.5173392 0.471495578125 0.5266234375 0.4703157359375 0.5376760890625001 0.469725825 0.5575708640625 0.4712006234375 0.5856445921875 0.4824090984375 0.6119499078125 0.50061095 0.6205709796875001 0.35018153750000003 0.6203499296875 0.336023478125 0.655939465625 0.30682247500000004 0.63206573125 0.2474335125 0.6287499359375001 0.22000226875 0.61040254375 0.1993767296875 0.5951498796875 0.17047067968750002 0.5923000703125 0.172155403125 0.5942656640624999 0.19124240312500002 0.5847603765625 0.22044341093750003 0.576139321875 0.195371840625 0.5637603390625 0.170595228125 0.5542550687500001 0.15319260625 0.5420971515625 0.172954903125 0.5177813171875 0.1874079296875 0.5065076140625 0.1997962359375
3 0.61171875 0.26328125 0.01640625 0.03359375
2 0.59765625 0.384375 0.0328125 0.059375
4 0.338992284375 0.23234361250000002 0.3339858171875 0.2402963828125 0.3120526953125 0.2466586 0.2984637109375 0.2463404875 0.2903579921875 0.2632003609375 0.2765305984375 0.29723822499999997 0.28749715 0.31791542968750003 0.293218834375 0.3217327625 0.304900603125 0.2985106734375 0.3194432140625 0.2956476703125 0.350435653125 0.3010555578125 0.374514390625 0.3236414234375 0.376898425 0.39525928593750004 0.3819048921875 0.48146732343750004 0.40479161250000006 0.48210355937499993 0.39382506093749997 0.391441953125 0.398354728125 0.3405442171875 0.4157581640625 0.353207075 0.44245935156250005 0.33825587343749997 0.41695018125 0.2692258109375 0.40979807968750004 0.2638179296875 0.40288439531250003 0.2638179296875 0.39859312812500003 0.2638179296875 0.382620109375 0.2501391625 0.37352130156249996 0.23494605625 0.37642160625 0.25174837499999997 0.37618320625 0.2654271390625 0.36974632343749997 0.2803783515625 0.35758775468750004 0.2931027859375 0.3492436359375 0.280060234375 0.3423299359375 0.26924446562500004 0.3401843015625 0.2482491546875 0.338992284375 0.23234361250000002
3 0.39765625 0.296875 0.01484375 0.02421875
0 0.8880852421875 0.8814539078125 0.8964768140625001 0.8768205703125 0.8927150578124999 0.864465025 0.8883745812500001 0.8613761234374999 0.881429834375 0.8579011328125 0.86956584375 0.8559705765625001 0.8591487234375 0.8536539 0.849889046875 0.846703903125 0.8354207875 0.83280390625 0.8270291703125 0.83125945625 0.8102460031250001 0.8331900125 0.7992501171875 0.8347344624999999 0.7844924984375 0.8281705703125001 0.774977125 0.8249250874999999 0.7677093078125 0.8532677953125001 0.7651050171875 0.8706427984375 0.7694454953125 0.8764344656249999 0.8015650484375 0.8837705843749999 0.8050374218749999 0.877592796875 0.8449698031249999 0.8853150203125001 0.8623317140625 0.8860872453124999 0.8880852421875 0.8814539078125
0 0.63538009375 0.863810546875 0.6414567578125 0.863810546875 0.6492696312499999 0.8522272125000001 0.6437716890625 0.8418022234375 0.6324864421874999 0.8290605421875 0.6298821515624999 0.8001022046875 0.6287246859375 0.7862022078125 0.61686071875 0.7800244421875 0.6032605640625001 0.7719160921875 0.59409365625 0.7491952078125 0.572298475 0.7676688671874999 0.5633281593749999 0.7765494296875 0.57143039375 0.7989438734375 0.5945796078125001 0.8197938828125 0.6058648546875001 0.8302188875000001 0.6067329359375 0.837554990625 0.62004373125 0.8529994375 0.63538009375 0.863810546875
1 0.76954 0.5630527375 0.786458634375 0.615209046875 0.801043615625 0.6377841453124999 0.79112575625 0.6564670718750001 0.7812079859375001 0.8246127265625001 0.797543184375 0.8300618671875 0.8436316953125 0.8316188078125 0.8564665515625001 0.6447902875 0.8488823421875 0.5583820359375 0.8121281671875 0.538920728125 0.7648727875 0.4774229859375 0.7333692609375 0.4743091640625 0.723451490625 0.4735307234375 0.7054476453125 0.49616679843749995 0.7071162921874999 0.5755079624999999 0.7018656890625 0.6074245234375 0.68261349375 0.6159874875 0.5991874187499999 0.7498813171875 0.6353581593750001 0.7833547296875001 0.718784278125 0.6844912828124999 0.75728866875 0.62455048125 0.76954 0.5630527375
0 0.7845874921875 0.7867007203124999 0.7865616890625 0.772212315625 0.7816261812499999 0.7647485875 0.7710971078125 0.760797221875 0.756948640625 0.741040303125 0.7451034265625001 0.7441135890624999 0.727780034375 0.74659295625 0.7260194515625 0.7621143296875 0.7286517328125 0.772212315625 0.7286517328125 0.7888959328125 0.7421421171875 0.7888959328125 0.7424711453125 0.7761637140625 0.7487227937500001 0.7783589281250001 0.7566196125 0.7858226312500001 0.7845874921875 0.7867007203124999
0 0.6829160187500001 0.7906521109375 0.6848902171875 0.78450550625 0.6829160187500001 0.7766027421875 0.673045003125 0.7647485875 0.6697781203125001 0.755917140625 0.6526449125 0.7629924359375 0.6424448671875 0.7739685015625 0.643102925 0.7858226312500001 0.6480384328125 0.7840664703125 0.6533029703125 0.7893349859375001 0.6710708046875 0.7906521109375 0.6829160187500001 0.7906521109375
0 0.37092692656250004 0.800384571875 0.36783080625000003 0.7848922515625001 0.35931644218750003 0.7690556640625 0.3541562265625 0.7676785625 0.34564188281249997 0.7697442 0.3399656328125 0.7783510453125 0.3386755796875 0.7883349890625 0.3358571515625 0.7811291703125 0.3342894046875 0.7904006265625 0.3324833359375 0.8007288406249999 0.333773390625 0.805892946875 0.33712751875 0.814499790625 0.34744795 0.815876890625 0.35905843437499996 0.8096799656250001 0.3706689203125 0.8079585968749999 0.37092692656250004 0.800384571875
2 0.31385581875 0.6958205578125 0.3180172984375 0.7176351921874999 0.32336775 0.7493655703125001 0.3242595046875 0.77356000625 0.3352576765625 0.7727667296875 0.349228353125 0.7644375125 0.35784853125 0.7636442640625 0.35190356875 0.7227913906250001 0.3489310875 0.6498115171875 0.34803935625000004 0.5673125390625 0.35071459374999997 0.5280461984375 0.3611182796875 0.5835743515625 0.361712765625 0.6240305859374999 0.358740284375 0.676385740625 0.353389809375 0.70295990625 0.36409076093750004 0.72199814375 0.38252013749999997 0.7184284703125 0.40184126718749996 0.6147359625 0.4036247515625 0.4859604 0.38816785625 0.48397725156250004 0.374297965625 0.4856855609375 0.353092565625 0.50781808125 0.3260429890625 0.5066281874999999 0.2930484484375 0.49036637499999997 0.2992906546875 0.5292361 0.3070191015625 0.5542237609375 0.31177506875 0.63949915 0.31385581875 0.6958205578125
0 0.364969553125 0.7846612265624999 0.3734467171875 0.7871748703125 0.37933364062499997 0.7818333671875 0.38168840937500004 0.7664372828125 0.3823948296875 0.7488417421875 0.3807464984375 0.7387871609375 0.3774736890625 0.7215433328125 0.36591144531249997 0.7215058390625 0.360966434375 0.7145932937499999 0.3553149859375 0.7042245125 0.35343118125 0.7045387078124999 0.3548440390625 0.736273503125 0.356963334375 0.7526122156249999 0.359318103125 0.7667514843750001 0.364969553125 0.7846612265624999
1 0.5954071640625 0.750889065625 0.5954071640625 0.72991293125 0.6014534109375 0.7110882015625 0.5954071640625 0.6938770359374999 0.5929886718749999 0.660530409375 0.5966163953125 0.63847855 0.60588731875 0.5610282265625 0.6123366421875 0.5029404828125 0.587748578125 0.48841855624999997 0.5833146703125001 0.4798129828125 0.5409909421875 0.46959382656250004 0.521676728125 0.475851965625 0.532526203125 0.5115460765625001 0.5438125125 0.5615660671875 0.545827928125 0.58361790625 0.533735434375 0.704634025 0.5192244484375 0.7481998187500001 0.545827928125 0.749813384375 0.5692067609375 0.7492755421874999 0.5954071640625 0.750889065625
0 0.5611376625 0.7824650234375 0.5582498499999999 0.758455928125 0.5422558578125 0.75341698125 0.5318153203125 0.7543062265625 0.5241131796875 0.751399234375 0.5207083765625 0.7569738859374999 0.522263359375 0.77683325625 0.5242626125000001 0.7963962125 0.5258175781250001 0.8115130421875 0.5493642953125 0.8275191062499999 0.5586941375000001 0.82870474375 0.564247609375 0.8138843187499999 0.5611376625 0.7824650234375
4 0.0448748234375 0.428805528125 0.0478918 0.428805528125 0.050085967187500004 0.40666431718749996 0.052142999999999995 0.3900126671875 0.051045921875 0.38287623593750003 0.0467947125 0.3786675765625 0.0436406015625 0.3786675765625 0.0367241703125 0.3834035671875 0.035001059375 0.39306706406249997 0.0307498609375 0.3815389953125 0.022247462500000002 0.362930846875 0.0245787625 0.35927114375 0.016762040625 0.36311382812500004 0.0195047515625 0.45387450625000003 0.0299270484375 0.4476530125 0.0448748234375 0.428805528125
3 0.04296875 0.41328125 0.00625 0.01328125
0 0.040591328125 0.6618493171875001 0.035463371875 0.6604238078125 0.025430426562500004 0.6664625375 0.0239254375 0.6755342125 0.0247801015625 0.6798107421874999 0.03802735 0.6815213499999999 0.048496957812500005 0.6815213499999999 0.05383859375 0.6769597218750001 0.051060935937499996 0.6706874968750001 0.0455056390625 0.6701172703125 0.040591328125 0.6618493171875001