4 0.5951498796875 0.8295293203125 0.61040254375 0.8006232703125 0.6287499359375001 0.77999773125 0.63206573125 0.7525664875 0.655939465625 0.6931775250000001 0.6203499296875 0.663976521875 0.6205709796875001 0.6498184625000001 0.6119499078125 0.49938905 0.5856445921875 0.5175909015625 0.5575708640625 0.5287993765625 0.5376760890625001 0.530274175 0.5266234375 0.5296842640625 0.5173392 0.528504421875 0.5098234109375 0.5765828281250001 0.5098234109375 0.6155175125000001 0.4970023265625 0.6370495640625 0.49678126875000006 0.6841038546875 0.46959174687500005 0.7053409390625001 0.4992128578125 0.786045703125 0.5065076140625 0.8002037640624999 0.5177813171875 0.8125920703125 0.5420971515625 0.8270450968749999 0.5542550687500001 0.84680739375 0.5637603390625 0.8294047718750001 0.576139321875 0.8046281593750001 0.5847603765625 0.7795565890625 0.5942656640624999 0.808757596875 0.5923000703125 0.8278445968750001 0.5951498796875 0.8295293203125
3 0.61171875 0.73671875 0.01640625 0.03359375
2 0.59765625 0.615625 0.0328125 0.059375
4 0.382620109375 0.7498608375 0.39859312812500003 0.7361820703124999 0.40288439531250003 0.7361820703124999 0.40979807968750004 0.7361820703124999 0.41695018125 0.7307741890624999 0.44245935156250005 0.6617441265624999 0.4157581640625 0.646792925 0.398354728125 0.6594557828125 0.39382506093749997 0.608558046875 0.40479161250000006 0.5178964406250001 0.3819048921875 0.5185326765625 0.376898425 0.6047407140625001 0.374514390625 0.6763585765625 0.350435653125 0.6989444421875 0.3194432140625 0.7043523296875 0.304900603125 0.7014893265625 0.293218834375 0.6782672375 0.28749715 0.6820845703125 0.2765305984375 0.702761775 0.2903579921875 0.7367996390625 0.2984637109375 0.7536595125 0.3120526953125 0.7533413999999999 0.3339858171875 0.7597036171875 0.338992284375 0.7676563875 0.3401843015625 0.7517508453125 0.3423299359375 0.730755534375 0.3492436359375 0.7199397656250001 0.35758775468750004 0.7068972140625001 0.36974632343749997 0.7196216484375 0.37618320625 0.7345728609375 0.37642160625 0.748251625 0.37352130156249996 0.76505394375 0.382620109375 0.7498608375
3 0.39765625 0.703125 0.01484375 0.02421875
0 0.7844924984375 0.17182942968749998 0.7992501171875 0.1652655375 0.8102460031250001 0.1668099875 0.8270291703125 0.16874054375 0.8354207875 0.16719609375 0.849889046875 0.153296096875 0.8591487234375 0.14634609999999998 0.86956584375 0.1440294234375 0.881429834375 0.1420988671875 0.8883745812500001 0.1386238765625 0.8927150578124999 0.135534975 0.8964768140625001 0.1231794296875 0.8880852421875 0.11854609218750001 0.8623317140625 0.11391275468749999 0.8449698031249999 0.1146849796875 0.8050374218749999 0.122407203125 0.8015650484375 0.116229415625 0.7694454953125 0.123565534375 0.7651050171875 0.1293572015625 0.7677093078125 0.14673220468749998 0.774977125 0.1750749125 0.7844924984375 0.17182942968749998
0 0.6032605640625001 0.22808390781250001 0.61686071875 0.2199755578125 0.6287246859375 0.2137977921875 0.6298821515624999 0.19989779531250002 0.6324864421874999 0.1709394578125 0.6437716890625 0.1581977765625 0.6492696312499999 0.1477727875 0.6414567578125 0.136189453125 0.63538009375 0.136189453125 0.62004373125 0.1470005625 0.6067329359375 0.162445009375 0.6058648546875001 0.1697811125 0.5945796078125001 0.1802061171875 0.57143039375 0.2010561265625 0.5633281593749999 0.22345057031249999 0.572298475 0.2323311328125 0.59409365625 0.25080479218749996 0.6032605640625001 0.22808390781250001
1 0.723451490625 0.5264692765625 0.7333692609375 0.5256908359375 0.7648727875 0.5225770140625 0.8121281671875 0.461079271875 0.8488823421875 0.4416179640625 0.8564665515625001 0.3552097125 0.8436316953125 0.1683811921875 0.797543184375 0.1699381328125 0.7812079859375001 0.1753872734375 0.79112575625 0.343532928125 0.801043615625 0.3622158546875 0.786458634375 0.384790953125 0.76954 0.43694726250000004 0.75728866875 0.37544951875 0.718784278125 0.3155087171875 0.6353581593750001 0.2166452703125 0.5991874187499999 0.2501186828125 0.68261349375 0.3840125125 0.7018656890625 0.39257547656249997 0.7071162921874999 0.42449203750000003 0.7054476453125 0.5038332015625 0.723451490625 0.5264692765625
0 0.7451034265625001 0.2558864109375 0.756948640625 0.258959696875 0.7710971078125 0.239202778125 0.7816261812499999 0.23525141249999998 0.7865616890625 0.22778768437500002 0.7845874921875 0.2132992796875 0.7566196125 0.21417736875 0.7487227937500001 0.221641071875 0.7424711453125 0.2238362859375 0.7421421171875 0.21110406718750002 0.7286517328125 0.21110406718750002 0.7286517328125 0.22778768437500002 0.7260194515625 0.2378856703125 0.727780034375 0.25340704375 0.7451034265625001 0.2558864109375
0 0.6829160187500001 0.2233972578125 0.6848902171875 0.21549449375 0.6829160187500001 0.20934788906250001 0.6710708046875 0.20934788906250001 0.6533029703125 0.2106650140625 0.6480384328125 0.21593352968750001 0.643102925 0.21417736875 0.6424448671875 0.22603149843749998 0.6526449125 0.2370075640625 0.6697781203125001 0.24408285937500002 0.673045003125 0.23525141249999998 0.6829160187500001 0.2233972578125
0 0.3386755796875 0.2116650109375 0.3399656328125 0.2216489546875 0.34564188281249997 0.23025579999999998 0.3541562265625 0.2323214375 0.35931644218750003 0.2309443359375 0.36783080625000003 0.2151077484375 0.37092692656250004 0.199615428125 0.3706689203125 0.192041403125 0.35905843437499996 0.190320034375 0.34744795 0.184123109375 0.33712751875 0.185500209375 0.333773390625 0.194107053125 0.3324833359375 0.199271159375 0.3342894046875 0.2095993734375 0.3358571515625 0.2188708296875 0.3386755796875 0.2116650109375
2 0.4036247515625 0.5140396 0.40184126718749996 0.3852640375 0.38252013749999997 0.2815715296875 0.36409076093750004 0.27800185625 0.353389809375 0.29704009375 0.358740284375 0.323614259375 0.361712765625 0.3759694140625 0.3611182796875 0.41642564843749996 0.35071459374999997 0.4719538015625 0.34803935625000004 0.43268746093750005 0.3489310875 0.35018848281250003 0.35190356875 0.277208609375 0.35784853125 0.2363557359375 0.349228353125 0.23556248750000003 0.3352576765625 0.2272332703125 0.3242595046875 0.22643999374999998 0.32336775 0.2506344296875 0.3180172984375 0.2823648078125 0.31385581875 0.30417944218750004 0.31177506875 0.36050085 0.3070191015625 0.44577623906249997 0.2992906546875 0.4707639 0.2930484484375 0.509633625 0.3260429890625 0.49337181250000006 0.353092565625 0.49218191874999995 0.374297965625 0.5143144390625001 0.38816785625 0.5160227484375 0.4036247515625 0.5140396
0 0.3807464984375 0.26121283906250004 0.3823948296875 0.2511582578125 0.38168840937500004 0.23356271718750002 0.37933364062499997 0.21816663281249998 0.3734467171875 0.21282512968749998 0.364969553125 0.2153387734375 0.359318103125 0.233248515625 0.356963334375 0.247387784375 0.3548440390625 0.263726496875 0.35343118125 0.2954612921875 0.3553149859375 0.2957754875 0.360966434375 0.28540670625 0.36591144531249997 0.2784941609375 0.3774736890625 0.2784566671875 0.3807464984375 0.26121283906250004
1 0.5409909421875 0.5304061734375 0.5833146703125001 0.5201870171875 0.587748578125 0.51158144375 0.6123366421875 0.49705951718749997 0.60588731875 0.4389717734375 0.5966163953125 0.36152145 0.5929886718749999 0.339469590625 0.5954071640625 0.3061229640625 0.6014534109375 0.2889117984375 0.5954071640625 0.27008706875 0.5954071640625 0.24911093437499998 0.5692067609375 0.25072445781249997 0.545827928125 0.250186615625 0.5192244484375 0.25180018125000003 0.533735434375 0.295365975 0.545827928125 0.41638209374999996 0.5438125125 0.4384339328125 0.532526203125 0.48845392343749994 0.521676728125 0.524148034375 0.5409909421875 0.5304061734375
0 0.5318153203125 0.24569377343749998 0.5422558578125 0.24658301875 0.5582498499999999 0.24154407187500002 0.5611376625 0.2175349765625 0.564247609375 0.18611568125 0.5586941375000001 0.17129525625 0.5493642953125 0.17248089375 0.5258175781250001 0.1884869578125 0.5242626125000001 0.2036037875 0.522263359375 0.22316674375 0.5207083765625 0.2430261140625 0.5241131796875 0.248600765625 0.5318153203125 0.24569377343749998
4 0.0436406015625 0.6213324234375001 0.0467947125 0.6213324234375001 0.051045921875 0.6171237640625 0.052142999999999995 0.6099873328125 0.050085967187500004 0.5933356828125 0.0478918 0.5711944718749999 0.0448748234375 0.5711944718749999 0.0299270484375 0.5523469875 0.0195047515625 0.54612549375 0.016762040625 0.636886171875 0.0245787625 0.64072885625 0.022247462500000002 0.637069153125 0.0307498609375 0.6184610046875 0.035001059375 0.6069329359375 0.0367241703125 0.6165964328125 0.0436406015625 0.6213324234375001
3 0.04296875 0.58671875 0.00625 0.01328125
0 0.035463371875 0.3395761921875 0.040591328125 0.3381506828125 0.0455056390625 0.3298827296875 0.051060935937499996 0.329312503125 0.05383859375 0.323040278125 0.048496957812500005 0.31847865 0.03802735 0.31847865 0.0247801015625 0.32018925781249996 0.0239254375 0.3244657875 0.025430426562500004 0.3335374625 0.035463371875 0.3395761921875