1 0.6015625 0.5578125 0.0734375 0.2015625
1 0.42890625 0.58671875 0.09375 0.24140625
1 0.26328125 0.56640625 0.0890625 0.2328125
0 0.25859375 0.7015625 0.02890625 0.046875
0 0.29921875 0.6421875 0.04140625 0.05703125
0 0.4015625 0.7140625 0.040625 0.021875
0 0.46875 0.64765625 0.02421875 0.0703125
0 0.590625 0.671875 0.04453125 0.03359375
0 0.6375 0.66484375 0.02421875 0.05
1 0.65859375 0.4640625 0.04765625 0.1140625
1 0.696875 0.48515625 0.0546875 0.15
4 0.60078125 0.37734375 0.1 0.1765625
3 0.61640625 0.334375 0.01015625 0.0140625
4 0.42890625 0.3890625 0.10078125 0.178125
3 0.43828125 0.34609375 0.0140625 0.0203125
3 0.55625 0.3359375 0.00625 0.009375
3 0.38046875 0.34375 0.0046875 0.0078125
4 0.48671875 0.34921875 0.04765625 0.1109375
3 0.4859375 0.32890625 0.00625 0.00703125
3 0.66484375 0.33359375 0.00546875 0.00625
4 0.2453125 0.35 0.1328125 0.2015625
3 0.2703125 0.3109375 0.01640625 0.0171875
2 0.4203125 0.46015625 0.01328125 0.034375
2 0.65546875 0.37734375 0.01328125 0.021875
4 0.69765625 0.34296875 0.06015625 0.1484375
3 0.68203125 0.3125 0.00859375 0.01015625
1 0.4859375 0.453125 0.02734375 0.10234375
0 0.4765625 0.51015625 0.025 0.015625
0 0.49140625 0.5140625 0.0140625 0.01796875