4 0.5499053828125 0.98642030625 0.578566409375 0.9994112890625001 0.6035183609375 0.870800575 0.5721598265625001 0.881842909375 0.5829498609375 0.782461903125 0.58564736875 0.7013087515625 0.5303484468749999 0.7013087515625 0.5016874203125 0.71101150625 0.5067452484375 0.87863564375 0.48415361562500003 0.8961329875 0.504384928125 1 0.5256278078125 0.9994112890625001 0.5310228234375 0.9818734640625 0.532371578125 0.9312086374999999 0.5499053828125 0.98642030625
2 0.52734375 0.80859375 0.02578125 0.04921875
4 0.2442165375 0.8927188515625 0.24802271406249998 0.9016221124999999 0.2637911640625 0.9356639875000001 0.286628228125 0.91942863125 0.296143671875 0.90057466875 0.302668546875 0.8644379093750001 0.3053872453125 0.8225402140625 0.29233749375 0.8168445609375 0.2795596125 0.8100361859375 0.28282205 0.7927533875 0.31055277187499997 0.6848668250000001 0.291521884375 0.669155190625 0.259441246875 0.6633942578124999 0.2510132828125 0.6654891421875 0.249925803125 0.6859142687500001 0.254547590625 0.702149625 0.24911019375 0.6942938078124999 0.2485664546875 0.6812007765625 0.242041578125 0.6696789109375 0.226545 0.7010695421875 0.222738821875 0.7220183890625 0.232254265625 0.7319690921875 0.231710525 0.7393011890625 0.233885484375 0.742443515625 0.23415735468749999 0.7612974765625 0.23089491718750002 0.7785802765625001 0.229263696875 0.7979579593749999 0.22736060937499997 0.8157644796874999 0.2208357328125 0.8178593640624999 0.22002012343750002 0.89065660625 0.22736060937499997 0.9121291749999999 0.2363323125 0.9246984828125001 0.24176970937500003 0.925745925 0.240410359375 0.921032434375 0.23959475000000002 0.9058445203125001 0.2442165375 0.8927188515625
3 0.26171875 0.8609375 0.015625 0.03515625
3 0.5578125 0.92734375 0.01875 0.03203125
0 0.5605313093750001 0.457268078125 0.5624288421875 0.45434623749999997 0.5685009484375 0.4550766984375 0.57039848125 0.4499634765625 0.5738140421875 0.40102264375 0.572296015625 0.3929875828125 0.5677419359375 0.3878743609375 0.5533206828125 0.3886048203125 0.5495256171875 0.39883126406249997 0.5499051234375 0.4105186265625 0.55711575 0.45142439687499997 0.5563567359375 0.45580715781250003 0.560151803125 0.4579985390625 0.5605313093750001 0.457268078125
0 0.5525616703125 0.4726077421875 0.554459203125 0.465303140625 0.554838709375 0.4463111765625 0.5525616703125 0.4324324328125 0.5476280828125 0.420014609375 0.54535104375 0.4163623078125 0.5373814046875001 0.4127100078125 0.5305502843750001 0.4127100078125 0.5256166984374999 0.4156318484375 0.5252371921875 0.43170197187500003 0.5354838703125 0.457268078125 0.537001896875 0.46749452187499996 0.54535104375 0.46822498125 0.548387096875 0.4726077421875 0.5504743828125 0.4726077421875 0.5525616703125 0.4726077421875
1 0.22428842499999999 0.706355003125 0.233017078125 0.68955441875 0.238709678125 0.674945215625 0.24440227656250002 0.672023375 0.24781783750000003 0.67786705625 0.2497153703125 0.6734842953125 0.2500948765625 0.66617969375 0.251612903125 0.6639883125 0.2800759015625 0.6654492328125 0.2861480078125 0.6676406140625 0.2891840609375 0.66617969375 0.29108159375 0.6362308249999999 0.294117646875 0.6194302406250001 0.29753320625 0.6084733375 0.2922201140625 0.542731921875 0.29032258125 0.534696859375 0.29070208750000004 0.5295836375 0.288045540625 0.5252008765625 0.2861480078125 0.5259313375 0.2827324484375 0.546384221875 0.2717267546875 0.576333090625 0.26944971562500003 0.579985390625 0.2648956359375 0.5814463109375 0.263757115625 0.5850986125000001 0.2626185953125 0.5843681515625 0.263377609375 0.5566106640624999 0.2607210625 0.5456537625 0.26110056875 0.541271 0.2584440234375 0.534696859375 0.2584440234375 0.5259313375 0.2561669828125 0.521548575 0.257685009375 0.49525200937499997 0.257305503125 0.4470416359375 0.2535104359375 0.4156318484375 0.251233396875 0.4068663265625 0.25426945 0.3856829796875 0.251233396875 0.3718042359375 0.24905632187500001 0.37229481249999996 0.2477508453125 0.37187740156250004 0.245793884375 0.3738659765625 0.2414439671875 0.37648458125 0.23546283125 0.37491341718750004 0.23002543593749997 0.377008303125 0.23111954531249998 0.3856829796875 0.2261859578125 0.3929875828125 0.22466793125 0.4112490875 0.22542694531250002 0.498904309375 0.227703984375 0.557341125 0.22542694531250002 0.5734112484375 0.2261859578125 0.5836376921875 0.22466793125 0.59094229375 0.2250474390625 0.596785975 0.221252371875 0.6113951796875 0.220872865625 0.6179693203125 0.220872865625 0.6990504015625 0.22163187812500001 0.7034331625 0.22390891875 0.706355003125 0.22428842499999999 0.706355003125
0 0.2254575203125 0.3566894875 0.23089491718750002 0.3540708828125 0.23334174531250002 0.3608792578125 0.24176970937500003 0.3676876328125 0.2461196265625 0.373448565625 0.25264450156249996 0.3724011234375 0.25264450156249996 0.35249971874999997 0.2477508453125 0.35040483437500003 0.238779140625 0.3467387859375 0.22355443125000002 0.3373118046875 0.21240776874999998 0.3346931984375 0.2094172015625 0.3388829671875 0.211592159375 0.34726250625 0.2194535265625 0.354837428125 0.2254575203125 0.3566894875
0 0.3168057765625 0.42267835624999994 0.3317586171875 0.4294867296875 0.33665227343750004 0.4321053375 0.33692414375 0.4190123078125 0.3328460953125 0.4122039328125 0.3325742265625 0.403300671875 0.3303992671875 0.3854941515625 0.318436996875 0.37920949843749996 0.3097371625 0.37920949843749996 0.3097371625 0.38863647968750004 0.3168057765625 0.42267835624999994
2 0.234375 0.78046875 0.01875 0.04296875
1 0.4996642890625 0.717019371875 0.5569863421875 0.7079256859374999 0.58160110625 0.7072761359374999 0.5795779750000001 0.704028390625 0.5714854500000001 0.6319284453125 0.5738457703125001 0.617638365625 0.5718226390625001 0.5916564046875 0.5745201468750001 0.58126361875 0.5758689015625 0.5247528515625 0.5758689015625 0.4656438859375 0.5532772671874999 0.4740880234375 0.5428244234374999 0.6098437765625 0.5512541359375 0.4747375734375 0.5397897265625 0.4649943375 0.5337203328125 0.47278892656249993 0.519221225 0.5877591093750001 0.4996642890625 0.717019371875
1 0.6352462203125 0.811806559375 0.62509504375 0.7582116562500001 0.6209593796874999 0.672749515625 0.6220872875000001 0.6524703625 0.6130640203125 0.6379852546875 0.613815959375 0.67492228125 0.6134399890625 0.640158021875 0.614191928125 0.6741980265625 0.6149438671875 0.8147035812500001 0.6348702515625 0.8357069890625001 0.6352462203125 0.811806559375
4 0.6010329953125 0.9674312031250001 0.6021609046874999 0.955843115625 0.6055446296875 0.9442550296875 0.61268805 0.9435307734375 0.6123120796875 0.9580158828125 0.616071775 0.977570778125 0.6198314703125 0.9768465234375 0.6344942812500001 0.970328225 0.626974890625 0.9652584375 0.6239671343750001 0.9507733281249999 0.6303586171875 0.9087665125 0.6367500984375 0.8776235281250001 0.6363741296875001 0.8385137359374999 0.6341183125 0.833443946875 0.6153198359375 0.8153375625000001 0.6153198359375 0.8196830937499999 0.6119361109375 0.9022482140625 0.6029128421875 0.9391852406250001 0.5965213609375 0.9674312031250001 0.5998090890625 0.976946840625 0.6010329953125 0.9674312031250001
0 0.6104851484375 0.6400943078125 0.6231622406249999 0.651123028125 0.6231622406249999 0.633004415625 0.609667271875 0.6227634625 0.612120903125 0.6369432453125 0.6104851484375 0.6400943078125