4 0.29296875 0.49921875 0.234375 0.38125
1 0.2296875 0.19765625 0.1875 0.3296875
1 0.678125 0.134375 0.1375 0.26875
1 0.39296875 0.215625 0.103125 0.2453125
0 0.37890625 0.0953125 0.0359375 0.0359375
0 0.35078125 0.11484375 0.021875 0.03125
0 0.59609375 0.0125 0.0359375 0.025
0 0.571875 0.01953125 0.034375 0.0390625
0 0.16640625 0.190625 0.021875 0.0296875
0 0.146875 0.18828125 0.0171875 0.021875
4 0.709375 0.4 0.1453125 0.3171875
3 0.7171875 0.46328125 0.0203125 0.034375
4 0.43515625 0.42578125 0.1140625 0.228125
2 0.43046875 0.3703125 0.01875 0.0390625
2 0.22890625 0.40703125 0.0609375 0.0890625
3 0.2671875 0.6265625 0.0234375 0.040625
3 0.428125 0.4515625 0.015625 0.0265625
1 0.60546875 0.15390625 0.1015625 0.2640625