4 0.49296875 0.8359375 0.2328125 0.1640625
4 0.5375 0.7390625 0.159375 0.0921875
4 0.55 0.59609375 0.16875 0.1
4 0.603125 0.33125 0.1625 0.11875
4 0.59765625 0.2484375 0.171875 0.09375
4 0.5921875 0.103125 0.309375 0.20625
4 0.83125 0.1515625 0.275 0.2453125
4 0.790625 0.26875 0.1796875 0.1078125
4 0.78125 0.34921875 0.1828125 0.1125
4 0.7265625 0.40625 0.165625 0.1015625
4 0.71953125 0.6484375 0.1703125 0.10625
4 0.703125 0.7234375 0.1828125 0.125
4 0.71640625 0.853125 0.153125 0.1578125
2 0.48203125 0.82265625 0.0375 0.0234375
2 0.58203125 0.74609375 0.0390625 0.0234375
2 0.6046875 0.6 0.0390625 0.0234375
2 0.74609375 0.72265625 0.040625 0.0265625
2 0.78203125 0.40859375 0.0375 0.0234375
2 0.78125 0.41015625 0.04375 0.025
2 0.615625 0.34296875 0.0328125 0.0234375
2 0.61015625 0.2421875 0.0359375 0.0203125
2 0.83359375 0.3625 0.0359375 0.0203125
0 0.86484375 0.9203125 0.0625 0.0625
0 0.86171875 0.8421875 0.0453125 0.0421875
0 0.8375 0.6859375 0.059375 0.0296875
0 0.98046875 0.2390625 0.0390625 0.10625
3 0.52890625 0.0765625 0.0234375 0.015625
3 0.82109375 0.14921875 0.0328125 0.0265625
3 0.75390625 0.33046875 0.025 0.01875
3 0.55859375 0.31875 0.028125 0.0234375
3 0.5171875 0.2546875 0.0171875 0.0171875
3 0.7140625 0.384375 0.0296875 0.01875
3 0.70078125 0.61875 0.025 0.01875
3 0.515625 0.57265625 0.0203125 0.015625
3 0.4484375 0.7984375 0.0296875 0.01875
3 0.72578125 0.834375 0.0296875 0.01875
3 0.67578125 0.68984375 0.0265625 0.01875
3 0.50703125 0.70625 0.025 0.0125