4 0.4546875 0.55 0.1 0.18203125
4 0.359375 0.5859375 0.1 0.1546875
4 0.296875 0.56484375 0.0578125 0.1609375
4 0.32890625 0.4921875 0.0484375 0.07421875
4 0.24765625 0.57890625 0.096875 0.10625
4 0.634375 0.6875 0.06796875 0.12890625
4 0.7 0.68828125 0.07109375 0.12265625
4 0.646875 0.5671875 0.0640625 0.11796875
4 0.6765625 0.5375 0.034375 0.08203125
4 0.70703125 0.540625 0.04296875 0.10234375
4 0.74609375 0.57109375 0.06484375 0.13515625
4 0.7859375 0.59609375 0.0578125 0.1515625
4 0.853125 0.59921875 0.08359375 0.1609375
4 0.89375 0.5375 0.08203125 0.18125
0 0.9171875 0.8046875 0.02890625 0.04140625
0 0.84375 0.8796875 0.0421875 0.034375
0 0.8328125 0.86328125 0.02734375 0.0328125
0 0.7859375 0.83125 0.025 0.03125
0 0.803125 0.840625 0.02265625 0.03203125
3 0.27265625 0.58515625 0.0109375 0.01640625
3 0.31328125 0.5328125 0.01171875 0.01796875
3 0.37734375 0.559375 0.01171875 0.0171875
3 0.47109375 0.51640625 0.01171875 0.01953125
3 0.703125 0.66875 0.0125 0.01640625
3 0.65625 0.54453125 0.00859375 0.01640625
3 0.6875 0.5265625 0.0078125 0.01484375
3 0.8640625 0.56171875 0.01484375 0.015625
2 0.79296875 0.6078125 0.01171875 0.02421875
2 0.7484375 0.61953125 0.009375 0.02421875
1 0.85 0.76484375 0.08125 0.20078125
1 0.79375 0.74296875 0.05625 0.1671875
2 0.45234375 0.55625 0.0171875 0.02578125