4 0.465625 0.3953125 0.1828125 0.121875
4 0.49375 0.26171875 0.221875 0.1546875
4 0.4953125 0.0640625 0.228125 0.128125
4 0.565625 0.03671875 0.221875 0.0734375
1 0.30234375 0.04609375 0.2765625 0.0921875
1 0.2875 0.225 0.290625 0.175
1 0.29921875 0.35625 0.2171875 0.1421875
0 0.18203125 0.37265625 0.040625 0.0578125
0 0.24140625 0.27578125 0.075 0.05
0 0.1296875 0.19296875 0.0578125 0.065625
0 0.15078125 0.03359375 0.0828125 0.0671875
3 0.53203125 0.31484375 0.0171875 0.015625
2 0.4203125 0.4078125 0.03125 0.0234375
3 0.546875 0.09921875 0.0203125 0.015625
3 0.6140625 0.0421875 0.0171875 0.015625