1 0.4375 0.7984375 0.1125 0.403125
1 0.1265625 0.81953125 0.08515625 0.30859375
0 0.14453125 0.9671875 0.04296875 0.0546875
0 0.10078125 0.97890625 0.0421875 0.04140625
4 0.459375 0.39453125 0.19921875 0.47265625
3 0.46875 0.28828125 0.02109375 0.04453125
2 0.41953125 0.46015625 0.03515625 0.078125
4 0.7984375 0.4453125 0.19296875 0.49765625
1 0.8265625 0.84453125 0.125 0.3109375
1 0.628125 0.68046875 0.04921875 0.17265625
0 0.621875 0.78125 0.0140625 0.03203125
0 0.640625 0.7703125 0.015625 0.0328125
4 0.6234375 0.54140625 0.0578125 0.1265625