1 0.30703125 0.59609375 0.334375 0.16875
4 0.61171875 0.54375 0.3453125 0.21875
4 0.70859375 0.7140625 0.5828125 0.396875
3 0.8796875 0.625 0.05625 0.046875
2 0.54921875 0.73828125 0.159375 0.08125
3 0.67109375 0.4859375 0.040625 0.0265625
2 0.571875 0.5578125 0.0671875 0.0390625
2 0.5109375 0.484375 0.04375 0.025
3 0.55390625 0.47421875 0.0203125 0.0140625
4 0.48828125 0.3359375 0.153125 0.1046875
3 0.51875 0.31015625 0.0140625 0.0125
0 0.1265625 0.6 0.0640625 0.0578125
0 0.2390625 0.38828125 0.0265625 0.021875
1 0.33515625 0.3703125 0.178125 0.0921875
0 0.2625 0.396875 0.0375 0.0203125
0 0.1546875 0.65859375 0.053125 0.040625