4 0.66796875 0.1625 0.33125 0.190625
3 0.603125 0.16328125 0.0296875 0.0265625
2 0.734375 0.20859375 0.05625 0.0265625
2 0.62578125 0.29609375 0.021875 0.0109375
4 0.63203125 0.35625 0.2171875 0.1046875
2 0.625 0.3328125 0.03125 0.0171875
4 0.61171875 0.54453125 0.15625 0.0703125
3 0.58046875 0.52890625 0.0125 0.009375
4 0.59375 0.571875 0.1484375 0.0578125
3 0.55859375 0.57734375 0.0125 0.00625
4 0.61171875 0.61875 0.15 0.0640625
1 0.9138673609374999 0.359340578125 0.91378430625 0.351304978125 0.918008221875 0.34804146875 0.9179419734375 0.3467773796875 0.90899065625 0.34369733125 0.9098092609374999 0.33351395 0.9074816374999999 0.3278051609375 0.8789551984375 0.3189061765625 0.8735475953125 0.31893606406249997 0.8601677125 0.3216653703125 0.831873859375 0.32365521249999996 0.8119483421875 0.3176011296875 0.7903576828125 0.31847913437500003 0.78899584375 0.31829699375 0.7868139656250001 0.3153691984375 0.78375314375 0.3150225859375 0.7562587375 0.3129143375 0.7373785046875 0.313903809375 0.733722884375 0.3151094390625 0.7314821031250001 0.31750848125000003 0.7354630546875 0.32896140156250003 0.7376066203125 0.34405978125000003 0.735414365625 0.3667372390625 0.7316276859374999 0.378343728125 0.7329041203125 0.383347075 0.7393231625000001 0.383264178125 0.74596010625 0.3808882546875 0.766690978125 0.3765061390625 0.773771065625 0.3761350875 0.7775326812500001 0.3769519984375 0.8091980046874999 0.374785465625 0.8221420890625 0.3766422140625 0.8322962468749999 0.37687059375 0.8622625859375 0.3745395875 0.8957520453125 0.3684747765625 0.902171090625 0.3683918796875 0.904650365625 0.3705435546875 0.9090597765625 0.3708194921875 0.9190549406249999 0.368014059375 0.9143937875000001 0.36293458749999996 0.9138673609374999 0.359340578125
1 0.8140625 0.4484375 0.203125 0.0703125
1 0.753125 0.53515625 0.14375 0.0640625
1 0.76875 0.6578125 0.1390625 0.059375
1 0.78203125 0.71953125 0.1953125 0.075
1 0.778125 0.84140625 0.2171875 0.0671875
1 0.7453125 0.9015625 0.15 0.0609375
0 0.9125 0.31484375 0.040625 0.059375
0 0.93671875 0.3546875 0.05 0.028125
0 0.92421875 0.42421875 0.0390625 0.0640625
0 0.83046875 0.484375 0.0328125 0.028125
0 0.83359375 0.5609375 0.0296875 0.040625
0 0.83125 0.5109375 0.0296875 0.0234375
0 0.784375 0.58515625 0.0234375 0.028125
0 0.80703125 0.61171875 0.0171875 0.0359375
0 0.84765625 0.634375 0.0265625 0.0421875
0 0.802167390625 0.5825267296875001 0.8062396546875 0.582820334375 0.809531628125 0.5811267390625 0.810806625 0.5732010468750001 0.810475384375 0.56688060625 0.8089545515625 0.5636646546875 0.8021453624999999 0.5627539484375 0.7985559921875 0.5652236671875001 0.802167390625 0.5825267296875001
0 0.88828125 0.8359375 0.03125 0.0640625
0 0.86953125 0.96328125 0.034375 0.0375
2 0.603125 0.6125 0.021875 0.0109375
0 0.85078125 0.821875 0.028125 0.0296875
0 0.84296875 0.66640625 0.0328125 0.0265625
0 0.76171875 0.4953125 0.021875 0.01875
0 0.8046875 0.28828125 0.021875 0.015625
0 0.9046875 0.44453125 0.0375 0.0625
4 0.675 0.059375 0.31875 0.11875
1 0.73984375 0.79921875 0.1390625 0.0484375
0 0.81484375 0.790625 0.0296875 0.028125
0 0.7828125 0.76796875 0.0359375 0.0265625