4 0.77421875 0.40859375 0.20234375 0.49921875
4 0.5265625 0.48671875 0.1140625 0.2546875
4 0.60546875 0.5109375 0.05859375 0.1453125
4 0.33046875 0.50625 0.06640625 0.16484375
4 0.3765625 0.50546875 0.04765625 0.171875
4 0.42890625 0.5 0.0609375 0.1546875
1 0.32265625 0.65546875 0.07265625 0.18203125
1 0.42734375 0.63984375 0.04296875 0.14765625
1 0.603125 0.64296875 0.05 0.13671875
1 0.5265625 0.72109375 0.0890625 0.259375
0 0.28515625 0.7671875 0.03046875 0.03828125
0 0.34140625 0.7625 0.01484375 0.03515625
0 0.4109375 0.72890625 0.03125 0.03828125
0 0.33359375 0.7390625 0.0359375 0.03125
0 0.496875 0.825 0.03125 0.0546875
0 0.54609375 0.8671875 0.04609375 0.04375
0 0.5984375 0.7109375 0.01484375 0.03203125
0 0.60859375 0.7203125 0.015625 0.03515625
3 0.609375 0.4734375 0.00703125 0.0140625
3 0.55546875 0.43828125 0.01015625 0.0203125
3 0.43515625 0.46328125 0.00703125 0.01171875
3 0.37109375 0.46484375 0.00859375 0.0125
3 0.34140625 0.4703125 0.0078125 0.01484375