4 0.23359375 0.49921875 0.18125 0.26875
1 0.22890625 0.7546875 0.1234375 0.28046875
1 0.621875 0.775 0.08515625 0.3109375
0 0.18046875 0.87890625 0.0296875 0.0453125
0 0.26484375 0.89453125 0.0609375 0.04296875
0 0.13671875 0.86484375 0.02578125 0.028125
0 0.609375 0.93828125 0.04453125 0.04375
0 0.65078125 0.9484375 0.0484375 0.046875
4 0.6296875 0.5125 0.1484375 0.271875
3 0.67265625 0.45703125 0.0125 0.02265625
1 0.39375 0.71484375 0.09296875 0.20078125
4 0.39453125 0.56328125 0.090625 0.17578125
3 0.4125 0.52578125 0.00625 0.01015625
3 0.27421875 0.43828125 0.01484375 0.0234375
0 0.41953125 0.84921875 0.0265625 0.025
0 0.378125 0.8421875 0.025 0.0234375
2 0.2765625 0.51328125 0.02734375 0.04453125
4 0.92421875 0.4109375 0.1515625 0.3
1 0.93359375 0.73984375 0.1328125 0.3765625