4 0.35078125 0.50234375 0.08515625 0.2734375
4 0.446875 0.4828125 0.121875 0.30703125
4 0.84140625 0.38671875 0.08203125 0.228125
3 0.26640625 0.446875 0.0140625 0.0265625
3 0.36484375 0.4390625 0.01484375 0.02109375
3 0.45546875 0.47109375 0.01328125 0.03984375
3 0.834375 0.33984375 0.0109375 0.0203125
3 0.5390625 0.35703125 0.01015625 0.01796875
2 0.34453125 0.5203125 0.01796875 0.0421875
2 0.24140625 0.56875 0.01328125 0.0375
0 0.80703125 0.6765625 0.0484375 0.03125
0 0.85234375 0.6921875 0.01953125 0.03828125
1 0.8328125 0.5828125 0.065625 0.16953125