4 0.71875 0.3890625 0.1125 0.0828125
4 0.7765625 0.8109375 0.146875 0.096875
4 0.79140625 0.86328125 0.1234375 0.0671875
3 0.809375 0.83203125 0.0140625 0.0109375
3 0.7375 0.40234375 0.0203125 0.0140625
3 0.81875 0.86796875 0.0125 0.0109375
1 0.64375 0.38671875 0.128125 0.0640625
1 0.671875 0.79140625 0.1484375 0.0703125
1 0.61796875 0.59453125 0.228125 0.15625
0 0.584375 0.35390625 0.0359375 0.021875
0 0.56796875 0.37421875 0.0359375 0.025
0 0.48515625 0.52734375 0.06875 0.065625
0 0.49296875 0.64609375 0.040625 0.0546875
0 0.5890625 0.77421875 0.0359375 0.0296875
0 0.61796875 0.790625 0.05 0.01875
0 0.6203125 0.815625 0.0265625 0.0265625