4 0.6375 0.178125 0.140625 0.3546875
3 0.6640625 0.09921875 0.01796875 0.02890625
4 0.540625 0.1921875 0.07578125 0.340625
3 0.5484375 0.121875 0.01875 0.02890625
2 0.6296875 0.23515625 0.01796875 0.0609375
1 0.6421875 0.4984375 0.10625 0.31328125
0 0.64609375 0.69453125 0.03984375 0.053125
0 0.6921875 0.67109375 0.03203125 0.09453125
1 0.5578125 0.503125 0.08125 0.3015625
0 0.57421875 0.68359375 0.02890625 0.05234375
0 0.55078125 0.61953125 0.02890625 0.09921875
0 0.4515625 0.68359375 0.065625 0.04375
0 0.5171875 0.67109375 0.03515625 0.0546875
1 0.48203125 0.51484375 0.10234375 0.2890625
4 0.48203125 0.20859375 0.08671875 0.34765625
0 0.328125 0.83359375 0.08515625 0.08203125