4 0.2 0.44765625 0.3203125 0.190625
3 0.2921875 0.48828125 0.0375 0.028125
4 0.128125 0.27109375 0.25625 0.3078125
3 0.06953125 0.3734375 0.0625 0.0375
4 0.38359375 0.06875 0.1984375 0.1375
3 0.4078125 0.096875 0.0328125 0.0203125
3 0.53984375 0.265625 0.0171875 0.0125
3 0.571875 0.4390625 0.015625 0.009375
3 0.55234375 0.53515625 0.015625 0.0109375
3 0.71875 0.62109375 0.0078125 0.0078125
1 0 0.54374433125 0.013359571875 0.6195102296874999 0.016936784375 0.6183696328125 0.0304591375 0.609346765625 0.04402295 0.6032375328125 0.0497545 0.5982438 0.0723470328125 0.5870905359374999 0.082564315625 0.5834301703125 0.09057821875 0.5833448046874999 0.0941063875 0.581926071875 0.10772745937499999 0.5681060703125 0.1156209265625 0.556623703125 0.118306053125 0.53703133125 0.11376504375 0.511277990625 0.1147542 0.4927812859375 0.1130952515625 0.47667668125 0.10384194843750001 0.47107231250000003 0.095745125 0.46533040937500003 0.0912672921875 0.458684840625 0.0657349515625 0.44513013125 0.0592847375 0.440691128125 0.052080321875 0.4353229515625 0.035155175 0.4230387359375 0.029625995312499997 0.43051941875 0.0328580109375 0.44349209062500006 0.03133973125 0.44827399218749997 0.0219891890625 0.4541713921875 0.004291078125 0.46897582499999996 0 0.47037016875 0 0.54374433125