4 0.5234375 0.83359375 0.29375 0.2390625
3 0.571875 0.8859375 0.025 0.021875
4 0.55625 0.4546875 0.2109375 0.1453125
3 0.609375 0.475 0.0203125 0.015625
4 0.6046875 0.33671875 0.271875 0.20625
3 0.65078125 0.390625 0.0203125 0.015625
4 0.5421875 0.2296875 0.1546875 0.096875
3 0.578125 0.24375 0.0140625 0.0140625
1 0.2625 0.78984375 0.3078125 0.18125
1 0.4 0.128125 0.3125 0.1703125
1 0.3875 0.2984375 0.265625 0.1484375
1 0.39453125 0.409375 0.2078125 0.1375
1 0.375 0.525 0.20625 0.1203125
1 0.40859375 0.184375 0.178125 0.090625
0 0.23359375 0.1015625 0.0640625 0.1015625
0 0.24296875 0.13046875 0.05 0.06875
0 0.33828125 0.14609375 0.05 0.03125
0 0.3140625 0.16875 0.0453125 0.0484375
0 0.2765625 0.25234375 0.0578125 0.0625
0 0.25 0.29140625 0.053125 0.0578125
0 0.278125 0.36484375 0.0484375 0.0453125
0 0.2703125 0.39375 0.0390625 0.034375
0 0.26640625 0.4828125 0.0375 0.034375
0 0.26171875 0.51328125 0.0359375 0.0359375
0 0.1109375 0.71796875 0.0515625 0.0609375
0 0.0796875 0.80859375 0.0671875 0.0765625