4 0.72578125 0.40625 0.2734375 0.38125
4 0.525 0.36171875 0.196875 0.328125
4 0.33671875 0.2953125 0.2765625 0.4375
4 0.06171875 0.3328125 0.11875 0.2578125
4 0.12265625 0.32265625 0.134375 0.2515625
1 0.03125 0.540625 0.0625 0.25625
1 0.0734375 0.55546875 0.134375 0.271875
1 0.2921875 0.671875 0.3234375 0.4671875
1 0.475 0.66796875 0.1890625 0.45
1 0.6828125 0.7421875 0.2125 0.4203125
3 0.81015625 0.325 0.028125 0.0375
3 0.43671875 0.234375 0.0234375 0.0390625
3 0.07578125 0.2703125 0.0234375 0.0234375
3 0.13984375 0.2734375 0.028125 0.028125
0 0.02734375 0.64921875 0.053125 0.0609375
0 0.065625 0.66640625 0.0546875 0.0765625
0 0.1671875 0.85546875 0.096875 0.1
0 0.38984375 0.9359375 0.13125 0.0859375
0 0.6328125 0.92734375 0.075 0.103125
0 0.68046875 0.9234375 0.0765625 0.078125
2 0.35 0.38203125 0.059375 0.0953125
2 0.7578125 0.4671875 0.0515625 0.0703125
2 0.5359375 0.46015625 0.059375 0.06875