2 0.284375 0.546875 0.028125 0.059375
4 0.38591073124999997 0.44541248906249997 0.3879096578125 0.5691074109375001 0.3814281765625 0.5790002390625 0.3828131203125 0.5869883890625001 0.3814281765625 0.599610296875 0.3892664765625 0.5993992625 0.395780028125 0.6070299171875 0.4223076640625 0.6191647296875 0.42979355625000004 0.6035362203125 0.43559484218750005 0.627639975 0.45457632343750004 0.6193959515625 0.459205953125 0.609503125 0.458280028125 0.564160996875 0.45550225 0.5410777328124999 0.45735410156249995 0.5056284343749999 0.459205953125 0.5006820203125 0.458280028125 0.48666718124999997 0.45965654218749996 0.46424059843750004 0.46641210156249996 0.46282534062499997 0.46482255781250004 0.4210752578125 0.4552852984375 0.37861754375 0.4499280296875 0.3718665671875 0.43819770625 0.3651726015625 0.427070903125 0.402676915625 0.42031534375 0.4005540296875 0.41198229218750004 0.38243879375 0.41094975624999996 0.3723262296875 0.4122404265625 0.3635926515625 0.38307125468750003 0.3930110203125 0.378682971875 0.3994462875 0.377650434375 0.402663921875 0.3795763234375 0.4174173859375 0.38023177812500003 0.4233487125 0.38591073124999997 0.44541248906249997
2 0.43984375 0.5390625 0.0234375 0.04609375
3 0.4484375 0.4359375 0.01640625 0.02734375
1 0.26527777812500003 0.858202803125 0.271759259375 0.901896125 0.266203703125 0.92168178125 0.2671296296875 0.9480626546875 0.27578611249999996 0.9482950375 0.28001596093750003 0.94904825 0.29270550625 0.9513078890625 0.2939744609375 0.924192225 0.29820430937500003 0.9106343921875 0.29661900937499996 0.8586136984375001 0.3006822828125 0.7814349390625 0.30745440625 0.6970206703125 0.3092019140625 0.6688530515625 0.3135493171875 0.6632549640625001 0.3092019140625 0.77204321875 0.3003192328125 0.8880380046875 0.3015881875 0.931724353125 0.30454908125 0.9550739531250001 0.32592592656249997 0.9480626546875 0.3295051859375 0.9204261593749999 0.334259259375 0.9101401484375 0.3421296296875 0.7996702390625 0.340740740625 0.7906018140625 0.3481481484375 0.70321516875 0.35046296250000003 0.6826051109375 0.35555555625 0.66281945625 0.35615323125 0.611608871875 0.3416666671875 0.6108821109375 0.31851851875000003 0.624072546875 0.29722222187499997 0.62489695 0.26435185156249996 0.6199505359375 0.2629629625 0.6232481453125 0.26574074062499997 0.7304204453125 0.26732641562500004 0.7916267546875 0.26527777812500003 0.858202803125
0 0.290277778125 0.9777411375 0.2925925921875 0.9711459187499999 0.29305555625 0.9571310796875 0.291203703125 0.9513602640625001 0.2870370375 0.9530090687499999 0.26805555625 0.9472382515625 0.253703703125 0.9769167359375001 0.253240740625 0.9876339656249999 0.25509259218749997 0.9917559765625 0.272222221875 0.990931575 0.290277778125 0.9777411375
0 0.32592592656249997 0.9472382515625 0.3134259265625 0.9505358609375 0.3062410203125 0.953567528125 0.30555555624999997 0.9629018968749999 0.308796296875 0.9991755984375 0.333796296875 0.9991755984375 0.3333333328125 0.9736191265624999 0.32592592656249997 0.9472382515625
0 0.41851851875 0.924979390625 0.42083333281249996 0.8961253093750001 0.4175925921875 0.8862324812500001 0.409259259375 0.8845836765625 0.4 0.8961253093750001 0.397222221875 0.9109645499999999 0.3981481484375 0.9233305859375 0.4078703703125 0.9282769984374999 0.41851851875 0.924979390625
1 0.396947459375 0.888243259375 0.4006511625 0.8931896734375 0.415928940625 0.8816480406249999 0.41846387187499995 0.8097463765624999 0.419288159375 0.73048419375 0.42313484062500006 0.7754972859375 0.41983768593750004 0.8097463765624999 0.42478341718749996 0.8219781953125 0.4319272515625 0.8263816500000001 0.43769727343750003 0.8209996500000001 0.44099442812499995 0.8126820125 0.4401701390625 0.798493103125 0.45111412656249994 0.736553234375 0.44972523750000004 0.7241872 0.45666968125 0.6664790375 0.45620671875 0.6186637046875 0.460570196875 0.61705209375 0.42679239999999996 0.6283741515625 0.40970480781249996 0.621297865625 0.4001882 0.60629766875 0.384910421875 0.6030000609374999 0.3886141265625 0.6368005546875 0.3918548671875 0.8058030281249999 0.396757603125 0.8567165593749999 0.396947459375 0.888243259375
0 0.434722221875 0.8565539984375 0.434405425 0.8353131015624999 0.42594572968750005 0.8368195281249999 0.414102153125 0.8345598890625 0.4129629625 0.8623248140625 0.4129629625 0.882934871875 0.4236111109375 0.8878812859374999 0.4263888890625 0.8854080796874999 0.434722221875 0.8565539984375
4 0.5319444437499999 0.7367408625 0.5324074078125001 0.8285243203125001 0.5291666671875 0.8722176421875 0.5273148140624999 0.9991755984375 0.5600296171875 0.9998512921874999 0.56684736875 0.8732439296875001 0.5790219249999999 0.8004013375 0.5853526953125 0.7388320046875 0.592170446875 0.6920046234375 0.616032578125 0.7579098265625 0.6135976671875001 0.7795891687500001 0.6223633484375 0.78826090625 0.6184674890624999 0.803002859375 0.6243112765625 0.8125417703125001 0.6165195609375 0.8272837234375 0.60872784375 0.869775234375 0.5907095 0.977304775 0.60694444375 0.9868095625000001 0.6083333328125 0.9802143453125 0.6141203703125 0.97526793125 0.6226851859375 0.9777411375 0.6268518515625 0.971970321875 0.6319444437499999 0.9439406437500001 0.6398148140625 0.9167353671875 0.6555555562500001 0.8730420437499999 0.6583333328125 0.8483099749999999 0.66805555625 0.813685078125 0.671759259375 0.751030503125 0.6675925921875 0.722176421875 0.6587962968750001 0.6949711453125 0.6587962968750001 0.652926628125 0.64305555625 0.650453421875 0.6240740734375 0.6603462484375 0.6180555562500001 0.6603462484375 0.584259259375 0.655399834375 0.5527777781250001 0.6422093984374999 0.54444444375 0.63643858125 0.5356481484375 0.6034624890625 0.534259259375 0.5762572140625 0.5328703703125 0.5754328109375 0.5296296296875 0.5877988453125 0.5254629625 0.63643858125 0.528240740625 0.6570486390625 0.5291666671875 0.7081615828125 0.5319444437499999 0.7367408625