4 0.5625 0.3265625 0.18671875 0.34765625
3 0.61171875 0.26328125 0.01640625 0.03359375
2 0.59765625 0.384375 0.0328125 0.059375
4 0.359375 0.35703125 0.165625 0.25
3 0.39765625 0.296875 0.01484375 0.02421875
0 0.83046875 0.85546875 0.13125 0.0609375
0 0.6109375 0.8078125 0.096875 0.13046875
1 0.72578125 0.65 0.25703125 0.3578125
0 0.75625 0.76484375 0.06015625 0.04765625
0 0.66796875 0.77734375 0.0421875 0.034375
0 0.3515625 0.79140625 0.03828125 0.0484375
1 0.3484375 0.62890625 0.1109375 0.28984375
0 0.36796875 0.7453125 0.02890625 0.0828125
1 0.565625 0.61015625 0.09296875 0.28125
0 0.540625 0.78203125 0.04375 0.07734375
4 0.034375 0.40625 0.03515625 0.09453125
3 0.04296875 0.41328125 0.00625 0.01328125
0 0.048496957812500005 0.6815213499999999 0.05383859375 0.6769597218750001 0.051060935937499996 0.6706874968750001 0.0455056390625 0.6701172703125 0.040591328125 0.6618493171875001 0.035463371875 0.6604238078125 0.025430426562500004 0.6664625375 0.0239254375 0.6755342125 0.0247801015625 0.6798107421874999 0.03802735 0.6815213499999999 0.048496957812500005 0.6815213499999999