4 0.67199334375 0.0872752671875 0.6604018171875 0.053303098437499995 0.6575039515625 0.051093532812499995 0.6397026953125 0.062693778125 0.623143390625 0.0707034765625 0.607714146875 0.0933515921875 0.608956090625 0.111580559375 0.6027463515625 0.143895575 0.60150440625 0.1648864953125 0.608128121875 0.1789725125 0.614544865625 0.1900203734375 0.6313111578124999 0.185601234375 0.62510141875 0.257834321875 0.6236524703125 0.3286143359375 0.6290342578125 0.3788821140625 0.6462145265625 0.3879965875 0.6913386375 0.3924157265625 0.7124517453125 0.3855108140625 0.7683393984375 0.3747391765625 0.7685464015625 0.3076234046875 0.7548849625 0.2239642140625 0.7544709859375 0.20960198124999999 0.792764378125 0.183639509375 0.77558409375 0.108143084375 0.77392815625 0.088256934375 0.763164615625 0.0711327578125 0.748882228125 0.0581515203125 0.7302530093749999 0.0526275890625 0.7163845828125 0.0462750765625 0.708080346875 0.0304328078125 0.7049049484375 0.048883953125000004 0.6862757312500001 0.0834085125 0.6784100703125 0.0950087671875 0.67199334375 0.0872752671875
3 0.71796875 0.1375 0.0234375 0.03515625
2 0.67890625 0.19921875 0.03203125 0.05234375
4 0.39116588281250003 0.0949127125 0.384563534375 0.07771265625 0.38330593749999997 0.0974297765625 0.3776467796875 0.1028834453125 0.360040509375 0.10498101093750001 0.33927895 0.11630786875000002 0.3295326234375 0.130571321875 0.28991849531249997 0.22789835625000002 0.307524778125 0.24132277968750002 0.325759846875 0.2589423515625 0.350282871875 0.26649356874999997 0.3546844453125 0.2526496546875 0.35531323125 0.2778204421875 0.35814281718749996 0.3297933015625 0.356570828125 0.3486713921875 0.346195715625 0.3683885296875 0.34902527656250004 0.41324566875 0.378578671875 0.4203774109375 0.3933553828125 0.4203774109375 0.41221925 0.42499205 0.44931817343749997 0.41408471406249997 0.48547391875 0.3180161828125 0.49647784218749996 0.2903283234375 0.49270507812500003 0.27103072500000003 0.53231919375 0.25089408125 0.5008794156249999 0.1667195859375 0.49301947031250004 0.1339975484375 0.47101162656250006 0.11469994375 0.4502613765625 0.1071487015625 0.443973421875 0.0941438046875 0.4379506953125 0.10072892343749999 0.435181571875 0.114629809375 0.4200904921875 0.1343469296875 0.40122662499999995 0.1074981078125 0.39116588281250003 0.0949127125
2 0.40234375 0.22890625 0.04453125 0.059375
3 0.4625 0.165625 0.02265625 0.0296875
1 0.6648020203125 0.608252971875 0.664441171875 0.6462885796875 0.6712968640625 0.665065665625 0.67093604375 0.67228761875 0.6781525546875 0.6953978828125 0.6850082468750001 0.6891388421875 0.6994412703124999 0.6958793390625 0.70918355 0.70117543125 0.7164000609375 0.6718061625 0.7142351125 0.651584671875 0.7135134734374999 0.622215403125 0.7099052171875 0.5942905578125 0.7019670375 0.5172563546875 0.7034103453125 0.4888499984375 0.7174825484375 0.5090714703125 0.7200083171875 0.5355519656250001 0.7268640078125 0.5716617312500001 0.7243382406250001 0.5942905578125 0.734441340625 0.622215403125 0.756812515625 0.622696859375 0.76186410625 0.6092159015624999 0.7658331546875 0.5942905578125 0.76294659375 0.58225396875 0.758977490625 0.580328071875 0.7658331546875 0.5254412375 0.7701631046874999 0.49896074375 0.7719672328125 0.48114658906249996 0.7676372828125 0.3800392453125 0.757895003125 0.3853353453125 0.7062969609375 0.3930387546875 0.6669669687499999 0.3954460734375 0.63160605 0.381965096875 0.6329938390625001 0.39047853125 0.6366576140625 0.42722266875 0.6402658703124999 0.4585177984375 0.65578138125 0.5524031890625001 0.6648020203125 0.608252971875
0 0.6603919125 0.7442037390625 0.6605997609375 0.7547428296875001 0.665796053125 0.756406903125 0.6770200484375 0.75668424375 0.688451890625 0.756406903125 0.6967659578125 0.746977184375 0.7005072953125 0.73421934375 0.7094449078125 0.7292271343750001 0.707574240625 0.7109223921875001 0.7063271328125 0.7017700171875 0.6957267 0.6959457890625 0.686789071875 0.6923403031250001 0.6775018765625 0.69856770625 0.674110121875 0.712586459375 0.6670431609375 0.728395096875 0.6628861265625 0.7339419875 0.6603919125 0.7442037390625
0 0.7549693953125 0.697896878125 0.7645894484375 0.6972386109375 0.7695228078125 0.6636664984375 0.767056128125 0.6452347171875 0.76014941875 0.6146248203125 0.7539827203125 0.61890363125 0.7458426890625 0.62318243125 0.7330962828125 0.6230228828125 0.7352359609375 0.6380110390625 0.7342492859374999 0.6571010859374999 0.7448560140625 0.6909849734375 0.7549693953125 0.697896878125
1 0.40198901875 0.6691547328125 0.3957083640625 0.685915775 0.3998954671875 0.6976484953125001 0.41790002499999995 0.7004420031249999 0.43674198906250006 0.7177617390625 0.45014070625 0.69541368125 0.4434413484375 0.6009932 0.4379981328125 0.5417708171875 0.4970362828125 0.6574220125 0.511272440625 0.668037346875 0.5284395578125001 0.6512763046875001 0.5229963109375 0.6043453578125 0.5062478968749999 0.5333902953125 0.49243047500000003 0.5054552250000001 0.49452402656250005 0.45796560625 0.4819627171875 0.4194152 0.4505594421875 0.4160630109375 0.4250180875 0.42444353125 0.40492001093749996 0.42220870625 0.3789599515625 0.42332610312499996 0.357638378125 0.42101380937500005 0.37184188749999997 0.49265586250000004 0.382309646875 0.550202103125 0.3915212609375 0.6093737 0.40198901875 0.6691547328125
0 0.373060821875 0.74667391875 0.38207904375 0.7492072546874999 0.394419753125 0.7479405921875 0.4131681515625 0.742557271875 0.4231356453125 0.7324238953125 0.4423586796875 0.7241905515625 0.4421213625 0.7042405203125 0.4316792140625 0.7093071906249999 0.41720260937500003 0.702023846875 0.40509921875000005 0.7017071734375 0.39704581562499996 0.7014812421875 0.3925211734375 0.7102571890625 0.38018046562499996 0.72609055 0.3749594015625 0.73400723125 0.373060821875 0.74667391875
0 0.5043245015625 0.722651709375 0.5188235984375 0.718008496875 0.529842921875 0.696340190625 0.5278130562500001 0.657646771875 0.5176636671875 0.6665462609375 0.5017146609375 0.6665462609375 0.49457433906250003 0.6652330703125 0.49388515625 0.6924708500000001 0.49504508906250005 0.7091090140625 0.502004659375 0.72652105 0.5043245015625 0.722651709375