1 0.7078125 0.78828125 0.146875 0.421875
1 0.52890625 0.71171875 0.1015625 0.36484375
4 0.5359375 0.4296875 0.1203125 0.2703125
2 0.5484375 0.48671875 0.028125 0.05390625
3 0.5640625 0.3578125 0.0125 0.01953125
4 0.3921875 0.4578125 0.09921875 0.1921875
3 0.40625 0.41484375 0.009375 0.01875
2 0.3890625 0.496875 0.015625 0.0359375
4 0.72265625 0.3640625 0.2265625 0.44921875
3 0.7609375 0.22578125 0.01328125 0.02734375
1 0.38671875 0.653125 0.06640625 0.209375
0 0.38125 0.753125 0.015625 0.0359375
0 0.39453125 0.77421875 0.02421875 0.0375
0 0.50859375 0.89609375 0.0328125 0.0375
0 0.559375 0.87265625 0.03203125 0.04296875