4 0.28984375 0.3953125 0.13046875 0.26796875
4 0.315625 0.24765625 0.0671875 0.08203125
4 0.6140625 0.409375 0.10625 0.209375
4 0.69296875 0.42421875 0.071875 0.21875
3 0.665625 0.3890625 0.00625 0.021875
1 0.628125 0.67265625 0.11796875 0.2609375
0 0.66796875 0.81171875 0.06875 0.05234375
0 0.61015625 0.825 0.0484375 0.0484375
0 0.70546875 0.746875 0.04375 0.04375
1 0.29296875 0.6625 0.0984375 0.3015625
0 0.2671875 0.80859375 0.06640625 0.05078125
0 0.32734375 0.76875 0.03203125 0.046875
2 0.240625 0.40078125 0.01796875 0.0453125
3 0.28359375 0.33984375 0.01796875 0.02421875
3 0.31640625 0.24609375 0.009375 0.0109375