4 0.43984375 0.7015625 0.14375 0.2359375
1 0.52265625 0.31015625 0.23125 0.39375
0 0.596875 0.1921875 0.059375 0.1453125
0 0.4109375 0.11875 0.1109375 0.0671875
0 0.38515625 0.3234375 0.0578125 0.0421875
0 0.390625 0.471875 0.1515625 0.2703125
0 0.3703125 0.3515625 0.0453125 0.0515625
4 0.584375 0.6828125 0.2734375 0.4390625
0 0.65 0.43828125 0.15625 0.2671875
0 0.66171875 0.28671875 0.05 0.0375
0 0.58984375 0.32265625 0.0375 0.0328125
3 0.52890625 0.75859375 0.025 0.0421875
2 0.5203125 0.6296875 0.04375 0.0734375
2 0.4046875 0.67109375 0.0296875 0.053125