4 0.68984375 0.34140625 0.1859375 0.346875
3 0.6703125 0.2421875 0.021875 0.040625
4 0.88828125 0.31015625 0.1453125 0.271875
3 0.8625 0.2390625 0.0171875 0.0296875
4 0.78515625 0.24921875 0.1359375 0.2578125
3 0.7484375 0.1890625 0.0140625 0.0265625
1 0.646875 0.68046875 0.15625 0.4109375
0 0.63359375 0.9078125 0.0640625 0.103125
0 0.571875 0.921875 0.0359375 0.0640625
0 0.85078125 0.671875 0.0234375 0.0328125
0 0.81015625 0.66953125 0.0140625 0.0328125
1 0.8546875 0.5328125 0.0953125 0.253125
0 0.71875 0.67578125 0.0375 0.0515625
0 0.74609375 0.625 0.0265625 0.0984375
1 0.7546875 0.5 0.0921875 0.2890625