1 0.28828125 0.590625 0.3265625 0.11875
1 0.32578125 0.45546875 0.271875 0.1
1 0.37109375 0.38984375 0.2140625 0.08125
1 0.4125 0.290625 0.13125 0.05
4 0.5390625 0.47734375 0.2296875 0.13125
4 0.571875 0.396875 0.1796875 0.0921875
3 0.5765625 0.46484375 0.0265625 0.015625
3 0.59765625 0.3921875 0.0234375 0.0125
0 0.12890625 0.58515625 0.040625 0.0359375
0 0.11640625 0.5453125 0.0578125 0.04375
0 0.1671875 0.45546875 0.05625 0.03125
0 0.20078125 0.41640625 0.05625 0.040625
0 0.26328125 0.39140625 0.0515625 0.025
0 0.259375 0.36796875 0.0421875 0.0328125
2 0.47578125 0.47578125 0.0453125 0.021875