1 0.178027265625 0.058487875 0.14955894218750002 0.050641940625000006 0.123496390625 0.0599144078125 0.11655493125000001 0.07992207812499999 0.12387941093749999 0.08894244999999999 0.1206896546875 0.10342367968749999 0.11507618281250001 0.1162624828125 0.11106655937500001 0.1398002859375 0.1054530875 0.23894436562500002 0.09703287968749999 0.33166904375 0.0886126703125 0.3659058484375 0.09182036875 0.44008559218750004 0.09462710468749999 0.4543509265625 0.0958299921875 0.4835948640625 0.099438653125 0.48787446562500003 0.099839615625 0.494293865625 0.1319166 0.51141226875 0.177225340625 0.5021397999999999 0.2253408171875 0.5028530671875 0.2269446671875 0.48644793125 0.22253408125 0.45506419375 0.217722534375 0.44365192656249997 0.2097032875 0.41369472187499995 0.20529270312499998 0.3930099859375 0.19887730625 0.373038515625 0.19967922968750002 0.35449358124999997 0.20930232499999998 0.341654778125 0.22453889375 0.333095578125 0.2325581390625 0.3188302421875 0.23736968749999998 0.29814550624999997 0.244587009375 0.2888730390625 0.2642341625 0.2460770328125 0.2794707296875 0.2346647640625 0.2870890140625 0.2196861625 0.29966695 0.2142253921875 0.294032734375 0.195182384375 0.258219728125 0.12553494999999998 0.25461106718750004 0.1383737515625 0.2149157984375 0.1854493578125 0.17923015312499999 0.24750356562500003 0.1692060953125 0.26676176875 0.16960705625 0.1954350921875 0.1672012828125 0.1711840234375 0.17080994375 0.12910128437499999 0.18203688906249998 0.0848787453125 0.178027265625 0.058487875
0 0.08951069375000001 0 0.0872570078125 0.006756840625000001 0.109793871875 0.020788529687499998 0.11655493125000001 0.0398315375 0.12049888281250001 0.055867753124999996 0.1452894328125 0.0528609625 0.15993839375000002 0.0528609625 0.1734605125 0.054865490625 0.1774044640625 0.0538632265625 0.1751507765625 0.021790793750000002 0.1757141984375 0.0077591046875 0.1526139125 0 0.08951069375000001 0
0 0.28839851875 0.1811506953125 0.2991035296875 0.2142253921875 0.30079379375 0.20119596562500003 0.29966695 0.1661167421875 0.300230371875 0.13203978125 0.2985401078125 0.1009696125 0.2906522046875 0.06488812499999999 0.274312978125 0.0398315375 0.264171390625 0.0388292734375 0.2596640171875 0.0508564359375 0.2585371734375 0.128030728125 0.2793837734375 0.16010316093750002 0.28839851875 0.1811506953125
1 0.39574980000000004 0.3580599140625 0.3961507625 0.3637660484375 0.39053728906249996 0.373038515625 0.3849238171875 0.40014265312499997 0.38219888125 0.44220923125 0.3732959109375 0.3437945796875 0.373696871875 0.3131241078125 0.3708901359375 0.2974322390625 0.3708901359375 0.26462196875 0.373696871875 0.25249643437499997 0.373156175 0.22602783125 0.3704891734375 0.2246790296875 0.3456295109375 0.22325249687499998 0.3424218125 0.243223965625 0.3432237375 0.3480741796875 0.3417547828125 0.4459220484375 0.344231715625 0.4657498875 0.342822775 0.4793152640625 0.3849238171875 0.494293865625 0.41579791562499996 0.5171184015625 0.4246190859375 0.49786020000000003 0.4246190859375 0.476462196875 0.4454691265625 0.3445078453125 0.46030473125000004 0.292439371875 0.4631114671875 0.288159771875 0.4631114671875 0.2817403703125 0.4382871 0.25602219375 0.427826784375 0.288159771875 0.42341619843749995 0.3031383734375 0.40176423437500003 0.350927246875 0.39574980000000004 0.3580599140625
0 0.3724939859375 0.19757489374999998 0.3656776265625 0.194008559375 0.323576584375 0.188302425 0.3203688859375 0.1968616265625 0.322373696875 0.205420828125 0.3315958296875 0.20827389375 0.34202085000000004 0.2189728953125 0.3660785890625 0.22039942968749998 0.3732959109375 0.216119828125 0.3724939859375 0.19757489374999998
0 0.4574979953125 0.2831669046875 0.4574979953125 0.2988587734375 0.4631114671875 0.2974322390625 0.4651162796875 0.29101283906250003 0.46672012812499997 0.26890156875 0.46391339218749994 0.22895863125 0.4570970328125 0.21326676249999998 0.4494787484375 0.20827389375 0.4430633515625 0.20970042812499998 0.441058540625 0.21540656249999998 0.441058540625 0.2261055640625 0.4434643140625 0.25392296718749996 0.45184226718750004 0.2666084390625 0.4574979953125 0.2831669046875
4 0.3396150765625 0.5064194015625 0.3424218125 0.5249643359375 0.34340092968749997 0.54832019375 0.3463764546875 0.5759620562500001 0.344392771875 0.6130139156250001 0.338441721875 0.611837665625 0.3336006421875 0.615549215625 0.3319967921875 0.688302425 0.335605453125 0.7132667625 0.346045840625 0.7341676140625 0.3526581171875 0.757692603125 0.353649959375 0.744753859375 0.3605928484375 0.7253457421875 0.3664795515625 0.7496433671875 0.3708901359375 0.76034236875 0.376102646875 0.7831669046874999 0.3853247796875 0.7760342375 0.39574980000000004 0.7746077031249999 0.4041700078125 0.7774607703124999 0.41259021718750005 0.772467903125 0.4198075375 0.7539229671875 0.427425821875 0.72895863125 0.414152290625 0.6906463828125 0.4190056140625 0.527817403125 0.41977272499999996 0.5224427046875 0.40423387499999996 0.5071514609375 0.3936542328125 0.5036227125 0.3734867890625 0.4930364671875 0.34670706875 0.48186209687500003 0.3404170015625 0.48430813125 0.3396150765625 0.5064194015625
3 0.3453125 0.6859375 0.01015625 0.021875
2 0.365625 0.596875 0.01953125 0.0453125
3 0.47109375 0.74765625 0.0171875 0.03046875
4 0.24478552343749999 0.775769528125 0.22077581406250002 0.7689746640624999 0.2496966 0.7039381203125 0.243148496875 0.6379308828125 0.23496336874999998 0.4923266796875 0.22672774687500002 0.50880820625 0.226778240625 0.5049457109375 0.16402559375 0.5020336265625 0.1351048078125 0.5156233515624999 0.1252826546875 0.53309585625 0.1514750640625 0.606868653125 0.1471096625 0.6884070062500001 0.13237643125 0.7495607703125 0.12037157812499999 0.7515021609375 0.11818887656249999 0.7845057796875 0.1078210484375 0.7971248109375 0.104001321875 0.8233335671875001 0.1083667234375 0.831099125 0.11218645000000001 0.8699269125000001 0.123099953125 0.900018446875 0.13019373125 0.9184616468750001 0.1454726375 0.9495238765625 0.1492923625 0.950494571875 0.1465639875 0.9291392875 0.1454726375 0.9106960890625 0.16566261875 0.9534066546875 0.18148720000000002 0.97379124375 0.2022228578125 0.97379124375 0.208225284375 0.9660256859375 0.207133934375 0.9611722125 0.22786959218749997 0.94175831875 0.2529706515625 0.9106960890625 0.2622471296875 0.8825459421874999 0.2655211796875 0.8301284296875 0.26115577968750003 0.76120910625 0.24478552343749999 0.775769528125
2 0.1171875 0.8484375 0.015625 0.03984375
1 0.546110665625 0.182596290625 0.54089815625 0.1854493578125 0.5372894953125 0.191868759375 0.532878909375 0.1932952921875 0.5288692859374999 0.20898716093749997 0.526864475 0.22895863125 0.52606255 0.231811696875 0.5228548515625 0.231811696875 0.51162790625 0.1954350921875 0.49919807499999996 0.14194008593750002 0.49398556562499996 0.13908701875 0.48837209374999996 0.1526390875 0.481154771875 0.1590584875 0.4831595828125 0.1711840234375 0.47955092187500004 0.1833095578125 0.49278267812500004 0.2582025671875 0.49358460312499997 0.317403709375 0.4971932640625 0.337375178125 0.4951884515625 0.3445078453125 0.4971932640625 0.353067046875 0.4967923015625 0.366619115625 0.47834803593749997 0.42938659062499995 0.4727345625 0.46718972968749994 0.4727345625 0.49072753281250003 0.47433841250000003 0.4928673328125 0.48275862031249994 0.4914407984375 0.49278267812500004 0.4714693296875 0.4995990375 0.46718972968749994 0.507618284375 0.4728958625 0.5168404171875001 0.48502139843750003 0.5412991171875 0.5092724671875 0.545308740625 0.509985734375 0.5517241375 0.49500713281250003 0.5505212515625 0.456490728125 0.53397565625 0.35521849687499996 0.5617481953125 0.2246790296875 0.5629510828125001 0.20756062812499998 0.56696070625 0.189728959375 0.56495589375 0.1868758921875 0.559342421875 0.1868758921875 0.5541299125 0.16975748906250002 0.5489174015625 0.16833095625 0.546110665625 0.182596290625
0 0.519246190625 0.142653353125 0.526864475 0.1519258203125 0.54049719375 0.188302425 0.5517241375 0.1790299578125 0.5625501203125001 0.1932952921875 0.56455493125 0.2025677609375 0.5685645546875 0.1911554921875 0.5685645546875 0.1733238234375 0.56655974375 0.17475035625 0.56455493125 0.16690442187500001 0.5533279875 0.1519258203125 0.5485164390625 0.13124108437499998 0.5376904578125 0.12696148437500002 0.5248596625 0.12696148437500002 0.519647153125 0.1305278171875 0.518444265625 0.1362339515625 0.519246190625 0.142653353125
0 0.46591820312500004 0.162624821875 0.4707297515625 0.158345221875 0.48275862031249994 0.16191155468750001 0.4911788296875 0.14479315312500002 0.4979951890625 0.13908701875 0.4971932640625 0.10342367968749999 0.494787490625 0.09557774531249999 0.49037690468750006 0.0920114125 0.478748996875 0.10199714687500001 0.4727345625 0.1126961484375 0.46110665624999997 0.12339515000000001 0.45509222187500004 0.1362339515625 0.45509222187500004 0.1519258203125 0.45910184374999996 0.162624821875 0.46591820312500004 0.162624821875
0 0.8183640734375001 0.29529243906249997 0.8187650359375 0.28388017187500003 0.8159582999999999 0.2717546359375 0.8111467515624999 0.26676176875 0.8043303921874999 0.26818830312499997 0.8023255812500001 0.2774607703125 0.8031275062500001 0.2931526390625 0.8131515640625 0.2974322390625 0.8147554124999999 0.309557775 0.8151563749999999 0.30099857343749997 0.8183640734375001 0.29529243906249997
0 0.7662389734375 0.2824536375 0.7718524453125 0.278887303125 0.7746591828125 0.2717546359375 0.7746591828125 0.2532097 0.7734562953124999 0.2503566328125 0.7638332 0.2460770328125 0.7542101046874999 0.2460770328125 0.75100240625 0.24893010000000002 0.75060144375 0.2560627671875 0.757818765625 0.2717546359375 0.7598235765625 0.28102710468750003 0.7662389734375 0.2824536375