4 0.46875 0.39765625 0.15 0.31484375
1 0.4609375 0.73515625 0.125 0.43359375
0 0.4296875 0.89921875 0.0296875 0.0828125
0 0.465625 0.9703125 0.05390625 0.059375
0 0.51484375 0.80234375 0.02265625 0.040625
0 0.5328125 0.796875 0.01953125 0.03671875
3 0.503125 0.3296875 0.01640625 0.02265625
3 0.54609375 0.42265625 0.00859375 0.0171875
2 0.46484375 0.50625 0.01875 0.05859375
1 0.53125 0.6671875 0.053125 0.23203125
1 0.65546875 0.6171875 0.03515625 0.1265625
4 0.65703125 0.50390625 0.04921875 0.12890625
3 0.6703125 0.4796875 0.00546875 0.0109375
0 0.653125 0.690625 0.01953125 0.0234375
0 0.66328125 0.69296875 0.01796875 0.021875