4 0.11826895156249999 0.5040061375 0.11198302812500001 0.48785234062500005 0.1069193640625 0.479775425 0.107443190625 0.472319825 0.10552249375 0.47325177187499995 0.0987523453125 0.49033753437499994 0.09002189375 0.49903573437500004 0.07430708124999999 0.5164321359375 0.06382762187499999 0.5956479125 0.0694151125 0.605899375 0.076224859375 0.6093165453125 0.0811139109375 0.6335199 0.0790186078125 0.6732831234375001 0.07395494375 0.6847771687499999 0.0708119828125 0.7325881390625 0.07919321406249999 0.7304135984375 0.1006701234375 0.726996428125 0.12162320468750001 0.7276177421875001 0.13471888125 0.7266857828125 0.1451954234375 0.7207834265625 0.1589895390625 0.7139491328124999 0.15497352656250002 0.6673516171875 0.1506083 0.59849388125 0.1699899125 0.584514625 0.1582911 0.5085820734375 0.1514813453125 0.499573221875 0.1408301984375 0.49460281874999995 0.135941153125 0.49056436875 0.13209974687499998 0.47844901562500003 0.1312406078125 0.48401949218749996 0.12595175 0.5207812421875 0.1245548734375 0.5210918875 0.1226341765625 0.5111510984375001 0.11826895156249999 0.5040061375
3 0.14375 0.54921875 0.01015625 0.01953125
4 0.2525742546875 0.5350251375 0.24937030937500002 0.522455475 0.24953461875 0.50535489375 0.24822018125 0.5044779390625 0.24468762656249998 0.5131013156249999 0.239265565625 0.5147090578125 0.24583776093749998 0.56995709375 0.23934772031249998 0.5746341828125 0.243537490625 0.6239617156249999 0.24690573906250002 0.633315878125 0.24912385625 0.633608203125 0.253313628125 0.634192828125 0.26612939999999996 0.632000446875 0.2702370203125 0.6311234953125 0.2711406953125 0.6032071609375 0.273933878125 0.55686580625 0.27064778125 0.5548195859375 0.2728659 0.542396084375 0.2764806 0.5244185531250001 0.2786165671875 0.5163798125 0.27401602812500003 0.5140412703125 0.27007271718750003 0.511556571875 0.2664580109375 0.5081949171875 0.263671096875 0.5038061671875 0.261035953125 0.51222435625 0.2588178359375 0.522455475 0.25586034999999996 0.5275710328125001 0.2525742546875 0.5350251375
3 0.26796875 0.54453125 0.00625 0.0140625
2 0.30234375 0.6203125 0.0125 0.028125
4 0.3474397984375 0.4826762484375 0.34361665 0.4750895828125 0.3403816796875 0.4661948671875 0.33699965625 0.45651532812499995 0.33699965625 0.45180636406249997 0.334352865625 0.455992109375 0.3312649265625 0.4596546375 0.3265595140625 0.46462521562500003 0.3158252828125 0.47299670625 0.3118550859375 0.4787521109375 0.3059733140625 0.490001303125 0.30479696093749997 0.4965415328125 0.30376765 0.5088371656249999 0.30009154374999997 0.5274114140624999 0.3117080390625 0.5381373953125 0.3165605046875 0.538660615625 0.31509006093749997 0.5671760109374999 0.310090553125 0.614178978125 0.30612035625 0.6426943734375 0.3365585296875 0.6576061078125 0.348469115625 0.6578677140625 0.3527334015625 0.655251621875 0.3565565515625 0.6555132265625 0.366702609375 0.6500194375 0.363908765625 0.631183565625 0.365820334375 0.60763875 0.3687612203125 0.5885412718749999 0.370966884375 0.5830474828125001 0.3692023578125 0.5741527671875 0.36832009375 0.5472070234374999 0.37302550624999997 0.5495615093749999 0.375525265625 0.5495615093749999 0.38081885781249997 0.5380507015625 0.3831715640625 0.5330801390625 0.380230678125 0.512936225 0.37905432031249997 0.4806416828125 0.37479004374999997 0.47279340625 0.3706728 0.46572995625 0.36170310156249996 0.4623290421875 0.3561272484375 0.45597883906250003 0.357291771875 0.46253233906249996 0.35611541406249997 0.4743047515625 0.3515570421875 0.48947808750000005 0.3474397984375 0.4826762484375
3 0.36171875 0.5140625 0.00859375 0.01640625
2 0.3484375 0.56328125 0.01171875 0.03046875
4 0.454685875 0.489848109375 0.452340959375 0.4950629734375 0.4527317734375 0.5065356734375001 0.45058226562500003 0.531914684375 0.443156678125 0.518008378125 0.43397240937500003 0.49888720781250007 0.42791469375 0.486719190625 0.42791469375 0.4790707203125 0.42439731406250003 0.48567621406250006 0.422834034375 0.4968012609375 0.41775337500000004 0.4999301796875 0.40661500000000006 0.5117505375 0.3972343375 0.5306025578125 0.38692420781250003 0.5813503796874999 0.384383878125 0.608815325 0.39689011875 0.6122919015625 0.40333865781249995 0.6195927203125 0.40646521562500004 0.6213310078125 0.4045111140625 0.7075501125 0.420143928125 0.7193704515625 0.430500653125 0.731190815625 0.44945543906249996 0.745444775 0.4615708578125 0.745097121875 0.47485874843750003 0.7350150453125 0.47505415624999997 0.6828664 0.47310005468750005 0.6689601078125 0.472709225 0.642885784375 0.47153676874999995 0.609162990625 0.4752495625 0.609162990625 0.47603120624999995 0.5723112734375 0.478571528125 0.5385885 0.47619621875 0.5225704421875 0.47051408749999996 0.5086216328125001 0.4621114640625 0.49819189062499997 0.4562491609375 0.49784423125000005 0.454685875 0.489848109375
3 0.46796875 0.5578125 0.00546875 0.01953125
2 0.45859375 0.6609375 0.009375 0.0421875
4 0.5113547953124999 0.44780294062500003 0.5058833234375 0.4356349234375 0.5008026484375 0.4554514125 0.4935724828125 0.4634475359375 0.48634231562499997 0.47700618125 0.48106623437499996 0.501342215625 0.4779396765625 0.5343696921875 0.4755947609375 0.590146821875 0.47754886250000006 0.6630489046875 0.4771580328125 0.7190217796875 0.4877101796875 0.7284085515625 0.495721990625 0.7325804328125 0.52288399375 0.7325804328125 0.5426204078125 0.7141545671875 0.5541496343750001 0.7068537625 0.548482709375 0.67625991875 0.5461377953125 0.6063134171875 0.5461377953125 0.5642468484375 0.5557128765625 0.54547333125 0.5480918953125 0.5148794546875 0.5434020515625 0.4769847734375 0.5373443421874999 0.4655120734375 0.5322636828125 0.45994955 0.5277692453125 0.45091045 0.52701133125 0.4617660359375 0.5273784312500001 0.4804827578125 0.52288399375 0.474920234375 0.5174125046875 0.4606662765625 0.5113547953124999 0.44780294062500003
2 0.53359375 0.65078125 0.01171875 0.04140625
3 0.56484375 0.51953125 0.00625 0.0125
4 0.6540852921875 0.46857617500000004 0.652500534375 0.4589093703125 0.6570284359375 0.45488153281250004 0.65204775 0.4536731890625 0.6427655390625 0.467367828125 0.633709734375 0.47220122968749995 0.6214844140625 0.48710422343750004 0.612655003125 0.49354876406250003 0.6090326859374999 0.5072434046875001 0.594090596875 0.5277853718750001 0.5841292265625 0.53986888125 0.6058631515624999 0.5793416734375 0.6060895421875 0.6200228296875 0.6060895421875 0.6317035453125001 0.6088062765625 0.6453981953125 0.6194468546875 0.6586900828125 0.6194468546875 0.679634803125 0.617409296875 0.6921210906249999 0.6239747578125 0.7086352125000001 0.6429919468749999 0.723538225 0.6635938953125 0.7283716171875 0.6771776015625 0.7231354484375 0.681705503125 0.7054129625 0.6787623593750001 0.6844681953125 0.672876090625 0.6711763375 0.6721968984375 0.6506344093750001 0.6672162140625 0.599078078125 0.6719705078125 0.5825639390624999 0.676045625 0.543493946875 0.6774039921874999 0.5225491875 0.67966794375 0.5165074328125 0.6683167609375 0.5108326703125 0.666537021875 0.520938046875 0.6626883125 0.5076461906249999 0.6581604109375 0.48509030624999994 0.6540852921875 0.46857617500000004
2 0.67421875 0.62890625 0.01640625 0.0484375
2 0.83671875 0.6125 0.01796875 0.05546875
1 0.0866935703125 0.7296850046875 0.0801776375 0.7307890578125 0.0817290515625 0.7537573828124999 0.0787813625 0.7711463171874999 0.077695371875 0.7942538609375001 0.0766093859375 0.8606682250000001 0.0772299484375 0.88992580625 0.07505797343750001 0.9070387203125 0.0766093859375 0.9164232296874999 0.0857627234375 0.9139390921875 0.0950712078125 0.9089708375000001 0.0983291734375 0.89517009375 0.10096658437499999 0.8672925859375 0.1050002578125 0.8107095375 0.1099647765625 0.7880763109375 0.118187275 0.7555875000000001 0.1194284109375 0.75613953125 0.12392750156250001 0.8298355031250001 0.12392750156250001 0.8595665890624999 0.1267200515625 0.9246049234375 0.1278060359375 0.9337134125000001 0.13137429218750002 0.94199386875 0.133391134375 0.9585547609375 0.14425103125 0.9522064109375 0.155731484375 0.94558205 0.15355951406249999 0.9370255937499999 0.1561969125 0.9257089875 0.1575931875 0.9110802015624999 0.1546454984375 0.8815466093750001 0.1527838078125 0.87519826875 0.1530940859375 0.83407205 0.1504566859375 0.82606761875 0.14851774375 0.8071739546875 0.15146542031250002 0.79447726875 0.1519308484375 0.7546129484375 0.1530725484375 0.7179763859375 0.1448715875 0.7225086109375 0.11865270312500001 0.7296850046875 0.105620825 0.7288569515625001 0.0866935703125 0.7296850046875
0 0.07355176875 0.958901434375 0.078610503125 0.9623630046875 0.083150390625 0.9658245750000001 0.09326785 0.9621322187500001 0.0966403359375 0.956362934375 0.0966403359375 0.9420551171874999 0.0950838078125 0.9349012 0.0944352515625 0.92059338125 0.09469467031249999 0.9097471265625 0.09093305625 0.9109009828125 0.0873011421875 0.9152856343750001 0.0805561703125 0.9148240984375 0.07689909375000001 0.9156826890625 0.0754974359375 0.9261318890625001 0.073940896875 0.9388243140625001 0.07355176875 0.9489782578125 0.07355176875 0.958901434375
0 0.1387010296875 0.9861324437500001 0.1436300546875 0.985440140625 0.1455757203125 0.9833631953124999 0.1530989578125 0.9835939625 0.16153017812499998 0.9785170000000001 0.17177736562499998 0.9725169296875 0.17112881093750001 0.9660553421875001 0.1699613984375 0.9605168265625 0.1636055640625 0.9595937375 0.1606222046875 0.9593629703125 0.1555634703125 0.9478244015625 0.1502453171875 0.9489782578125 0.14492716562500002 0.952439828125 0.1339815109375 0.9595035359375 0.132734321875 0.9653630218749999 0.1314372109375 0.975516965625 0.1314372109375 0.9849785875 0.1387010296875 0.9861324437500001
0 0.19304260625 0.88928254375 0.19753146875 0.88814165 0.2023409671875 0.885289428125 0.20511978593750002 0.8818667625 0.2088605078125 0.8807258765625001 0.2142043953125 0.8773032109375001 0.217410728125 0.8740706906250001 0.2192276546875 0.869697284375 0.2191207703125 0.8630420984375 0.217517603125 0.8584785406250001 0.2143112703125 0.8584785406250001 0.21292186562499998 0.86190120625 0.2084329953125 0.8632322453124999 0.20041716406250001 0.8645632828125001 0.1914394390625 0.865894321875 0.189098334375 0.86471423125 0.1882331078125 0.869697284375 0.188446859375 0.8769229125000001 0.188019346875 0.8870007640625 0.19304260625 0.88928254375
0 0.24592187499999998 0.7912637046875 0.24329464375 0.7961326296875 0.240995803125 0.7992487390624999 0.2391348453125 0.80217009375 0.2389159125 0.8064547484375 0.2396821875 0.8089865875 0.2421999609375 0.8101551265625 0.24789230624999997 0.8089865875 0.250519546875 0.8068442640625 0.25435093593749997 0.8010015546875 0.257634984375 0.7978854375 0.2578539171875 0.793211275 0.256089059375 0.7871353703125 0.253256253125 0.791458459375 0.25095742187500003 0.7908741890625001 0.24789230624999997 0.7912637046875 0.24592187499999998 0.7912637046875
0 0.258215221875 0.7790995265625 0.2566956265625 0.7795320953125 0.2559054390625 0.7845066093749999 0.256209359375 0.78839970625 0.2582760109375 0.7942393562500001 0.26119363125 0.7953207734375 0.2653877171875 0.7952126328125 0.267819075 0.7930498 0.2688524 0.7866694421875 0.2684876921875 0.782451915625 0.26751515625 0.7779099703125001 0.2636331796875 0.7721108171875 0.2646583125 0.77726111875 0.2628347984375 0.776720409375 0.260221090625 0.776720409375 0.258215221875 0.7790995265625
0 0.2839594609375 0.8209956109375 0.2816551390625 0.8203744500000001 0.27942065 0.8193805953125001 0.2824232453125 0.8125478312500001 0.2828422109375 0.8109328187499999 0.2785827109375 0.8186351999999999 0.277395640625 0.821616771875 0.2758594234375 0.824722571875 0.2752309765625 0.8285737640624999 0.2752309765625 0.8316795656249999 0.2768370140625 0.8331703515625 0.28018875468750004 0.8331703515625 0.284099115625 0.8325491906250001 0.287590509375 0.8286979984375 0.29191983593750004 0.8223621609375 0.293386225 0.8193805953125001 0.294573296875 0.814659778125 0.294852609375 0.8084481765625 0.2945034703125 0.804596978125 0.293168971875 0.8061346515625001 0.2931767390625 0.811429740625 0.2894060328125 0.8176413437500001 0.2874508546875 0.8203744500000001 0.2839594609375 0.8209956109375
0 0.3065607984375 0.8290018484375 0.30830274375 0.8310679406249999 0.311469928125 0.8315375078124999 0.3138981078125 0.8306922859375 0.3145843328125 0.82853228125 0.31437318125 0.8241183578125 0.314003678125 0.8202679140625 0.3073525953125 0.8196105203125 0.306819515625 0.8102543624999999 0.30671915156249996 0.8197983484375 0.30645521875 0.82374270625 0.3065607984375 0.8290018484375
0 0.3193387984375 0.88531586875 0.3186353359375 0.891752328125 0.3210471921875 0.8969372578125 0.32265509375 0.9015858109374999 0.3239615171875 0.906413165625 0.33089560156250003 0.9080222718750001 0.338533140625 0.9055192140624999 0.3435578375 0.9030161421875 0.3440603078125 0.8978312109375001 0.341346965625 0.8905007984375001 0.339035609375 0.8829915843749999 0.336121284375 0.8713702015625 0.33471436718750003 0.8660064828125 0.33108238437500004 0.864660415625 0.32577040468749996 0.8676155937500001 0.3227555859375 0.873336909375 0.3198412671875 0.8763763375 0.3193387984375 0.88531586875
0 0.3353173296875 0.8601063859375 0.3353173296875 0.8681519640625 0.3371262234375 0.872085359375 0.3410454890625 0.8735156828124999 0.34315585937500004 0.8778066734375001 0.344361784375 0.88191884375 0.352200315625 0.884421915625 0.3586319296875 0.88549465625 0.3625511875 0.8835279609375 0.3627521875 0.8776278718749999 0.3600388390625 0.8669004359375 0.35591859531250003 0.8622518749999999 0.354612171875 0.8570669515624999 0.3540092015625 0.8474122562499999 0.350893890625 0.84401523125 0.34427441875000003 0.845898409375 0.3410454890625 0.8497365328125 0.33813116249999997 0.850272903125 0.33702573125 0.850272903125 0.3353173296875 0.8601063859375
0 0.3792913671875 0.9302017546875 0.3797938375 0.9425383093749999 0.3822056921875 0.9471868625000001 0.3897427390625 0.952014203125 0.39607386093749997 0.9495111453125 0.400395103125 0.943253475 0.40300793593749995 0.937532165625 0.400395103125 0.9251956171875 0.39647583750000004 0.913574228125 0.394968428125 0.9091044625 0.3897555296875 0.908661784375 0.3840145875 0.90928325 0.3808992765625 0.91464696875 0.3797938375 0.915540921875 0.3792913671875 0.9302017546875
0 0.352879615625 0.8205010234375001 0.3527929328125 0.8174165796875 0.35157934687500003 0.8226601328125 0.3516660296875 0.8376196828125 0.35270625 0.8434801234375 0.354960046875 0.8434801234375 0.3571271625 0.839933015625 0.3578206421875 0.8444054546875 0.3648420921875 0.8468730125 0.36926300625 0.84795256875 0.3725570234375 0.8445596796875 0.3728170734375 0.83947035 0.36986979531249997 0.8356147953124999 0.3658823046875 0.8272867968750001 0.36372434062500003 0.8229091953125 0.3614613921875 0.8245107968750001 0.357907325 0.8285205734375 0.3566937390625 0.8291374640625 0.352879615625 0.8205010234375001
1 0.174543 0.65828885625 0.1676056453125 0.65455744375 0.1706709875 0.6935937609375 0.1738976625 0.710815665625 0.1716389875 0.7263153859375 0.16631498281249998 0.7306208625 0.1637336453125 0.7421021328124999 0.1548602859375 0.842850275 0.159216296875 0.846581696875 0.16986431875000002 0.847442778125 0.1798670171875 0.8439984062500001 0.18115767968750002 0.791471596875 0.186159021875 0.7604721578125 0.1929350453125 0.71540818125 0.1930963765625 0.7415280671875 0.19487104375 0.750426046875 0.1913217078125 0.8328041640625001 0.186481696875 0.8572018625 0.1887403703125 0.8649517343750001 0.213585753125 0.8606462578125 0.213263090625 0.8408410625 0.21568309531250002 0.798934440625 0.21519908906250002 0.767073896875 0.21890977031249997 0.73779665625 0.22197511250000002 0.705362075 0.224331678125 0.656630384375 0.2182644328125 0.6594369828125 0.20100172968750002 0.6608721421875 0.186320365625 0.6594369828125 0.174543 0.65828885625
1 0.24713893750000002 0.6724898828125 0.24246710781249997 0.6891133578125 0.2373948421875 0.6993249265625 0.239797490625 0.7323343906249999 0.24393540468750002 0.7719932609375 0.24460280937499998 0.7800675046875 0.2468719796875 0.7881417671875 0.2552812765625 0.785766984375 0.25715 0.7734181265625 0.26422448906249996 0.772943159375 0.2684958703125 0.7492628953125 0.26916327500000004 0.7202905625 0.26983067968749996 0.7017672546875 0.2714324546875 0.6789693515625 0.270097646875 0.66210839375 0.2672945515625 0.654271615625 0.26595974375 0.6464348375 0.270097646875 0.6317111875 0.251686803125 0.6352376375000001 0.246071096875 0.6340184265625 0.2479398296875 0.641855196875 0.24713893750000002 0.6724898828125
1 0.3344636890625 0.7527246640625 0.33747879375 0.8497917140625001 0.3478163078125 0.8436611609375 0.3509749859375 0.8426393984375 0.3526979109375 0.7920623734375 0.3587281203125 0.7070009859375 0.364614765625 0.653358671875 0.3496827953125 0.659489225 0.3426475453125 0.6571902656249999 0.332740775 0.65616850625 0.321541803125 0.6510597140625001 0.3129272140625 0.6474835609375 0.310033471875 0.6462660640625 0.3125674921875 0.7779292859375 0.31601333125000003 0.8624797937500001 0.3330989359375 0.8591590703125 0.3344636890625 0.7527246640625
1 0.4400203328125 0.925562921875 0.45876762031249996 0.8227606312500001 0.47417634375000006 0.7368609296875 0.45696994375 0.7469127109375 0.44644063437500003 0.7455420171875 0.42024579375000004 0.722697065625 0.405574009375 0.7535554359375001 0.41459593593750005 0.9890282499999999 0.43000465937500004 0.9885713578124999 0.44618380625 0.9798902703125 0.4400203328125 0.925562921875
1 0.6178596046875 0.8464953671875 0.6163857328125 0.879272453125 0.6203160343749999 0.9748251953124999 0.6264571078125 1 0.651512678125 0.9962395640624999 0.64733675625 0.9634624781250001 0.64733675625 0.9499146218750001 0.659864521875 0.9520997609374999 0.7006412625 0.827983853125 0.67951595625 0.7139195953125 0.678042121875 0.7213490593749999 0.6623209515624999 0.7335858421875 0.63996746875 0.7213490593749999 0.6237550203125 0.7091122828125 0.6190878203125 0.69425334375 0.601680065625 0.69239205625 0.6031210109375 0.7153870203125 0.61712266875 0.763023059375 0.61614009375 0.8124072 0.6178596046875 0.8464953671875