1 0.671875 0.59609375 0.128125 0.25390625
1 0.13515625 0.59609375 0.10078125 0.2125
1 0.2765625 0.55703125 0.08125 0.19296875
1 0.4171875 0.58984375 0.0625 0.1484375
0 0.1046875 0.72734375 0.0359375 0.0328125
0 0.14453125 0.71953125 0.02578125 0.028125
0 0.2828125 0.69453125 0.04296875 0.03125
0 0.30078125 0.675 0.03984375 0.03515625
0 0.4234375 0.6796875 0.0296875 0.028125
0 0.59921875 0.71640625 0.0640625 0.11171875
0 0.7265625 0.76640625 0.1015625 0.04765625
4 0.653125 0.3578125 0.12734375 0.28046875
4 0.41328125 0.4515625 0.09375 0.128125
4 0.2734375 0.38828125 0.09921875 0.15703125
4 0.13671875 0.42578125 0.12890625 0.1796875
3 0.16015625 0.3875 0.01015625 0.01875
3 0.29765625 0.34765625 0.0078125 0.01015625
2 0.13984375 0.48125 0.02421875 0.03359375