4 0.54375 0.14921875 0.11953125 0.29765625
2 0.52734375 0.19140625 0.02578125 0.04921875
4 0.265625 0.20078125 0.090625 0.27265625
3 0.26171875 0.1390625 0.015625 0.03515625
3 0.5578125 0.07265625 0.01875 0.03203125
0 0.56171875 0.57734375 0.02421875 0.0703125
0 0.53984375 0.55703125 0.0296875 0.06015625
1 0.259375 0.4609375 0.0765625 0.334375
0 0.3234375 0.59453125 0.02734375 0.053125
2 0.234375 0.21953125 0.01875 0.04296875
1 0.540625 0.409375 0.08203125 0.25234375
0 0.23125 0.64609375 0.04296875 0.0390625