4 0.45546875 0.54921875 0.10234375 0.17265625
4 0.40546875 0.53203125 0.0609375 0.134375
4 0.359375 0.58671875 0.0984375 0.1453125
4 0.28671875 0.55859375 0.071875 0.15859375
4 0.3265625 0.49921875 0.0453125 0.0828125
4 0.62890625 0.684375 0.06328125 0.121875
4 0.6984375 0.67890625 0.06875 0.1234375
4 0.6453125 0.56328125 0.06171875 0.121875
4 0.7390625 0.56484375 0.05078125 0.13125
4 0.7875 0.58828125 0.0625 0.146875
4 0.84453125 0.5859375 0.0796875 0.1671875
4 0.8953125 0.53515625 0.07265625 0.178125
4 0.6765625 0.5359375 0.034375 0.0828125
1 0.8453125 0.75703125 0.06953125 0.19765625
1 0.7890625 0.73515625 0.05859375 0.159375
0 0.78203125 0.825 0.028125 0.02578125
0 0.80078125 0.8296875 0.02421875 0.04140625
0 0.82421875 0.8484375 0.02734375 0.04140625
0 0.8390625 0.86796875 0.04375 0.03671875
0 0.9125 0.7984375 0.0234375 0.04453125
3 0.3109375 0.525 0.0109375 0.01484375
3 0.375 0.5625 0.01015625 0.0140625
2 0.4546875 0.55 0.01640625 0.03203125
3 0.47265625 0.51015625 0.015625 0.015625
3 0.653125 0.5375 0.009375 0.01328125
3 0.703125 0.66171875 0.0109375 0.01640625
3 0.68359375 0.51953125 0.00859375 0.01171875
3 0.853125 0.55078125 0.0125 0.01796875
3 0.88671875 0.49296875 0.0125 0.021875
2 0.7890625 0.60390625 0.0140625 0.0296875
2 0.35703125 0.60078125 0.01640625 0.0171875