4 0.765873015625 0.566137565625 0.7482638890625 0.5803571421875 0.7361111109375 0.5820105812499999 0.7361111109375 0.622354496875 0.7450396828125 0.6392195765625 0.752976190625 0.7000661375 0.747271825 0.7265211640625 0.747271825 0.752645503125 0.7452876984375 0.777777778125 0.744295634375 0.815145503125 0.7452876984375 0.8191137562499999 0.7519841265625 0.8260582015625 0.765873015625 0.8326719578124999 0.7745535718750001 0.8349867718749999 0.8008432546875 0.840608465625 0.824652778125 0.84358465625 0.8541666671874999 0.84391534375 0.8648313484375001 0.840608465625 0.8697916671874999 0.8366402109375001 0.8710317453125 0.833994709375 0.87177579375 0.81878306875 0.87450396875 0.7979497359375001 0.875248015625 0.7476851859375 0.8769841265625 0.728505290625 0.8759920640625 0.6960978843750001 0.874751984375 0.6914682546875001 0.874751984375 0.6855158734375 0.8769841265625 0.6832010578125 0.888144840625 0.6805555562500001 0.903273809375 0.6699735453125 0.9050099203125 0.6679894187500001 0.90625 0.6620370375 0.8970734125 0.6352513234375 0.8945932546875 0.615079365625 0.8886408734375 0.5873015875 0.8829365078125001 0.5750661375 0.8792162703124999 0.5704365078125 0.8603670640625 0.55621693125 0.84325396875 0.5479497359375001 0.8345734125 0.5419973546875 0.82862103125 0.5363756609375 0.8229166671874999 0.528439153125 0.8216765875 0.528769840625 0.8199404765624999 0.5386904765625 0.8085317453125 0.565476190625 0.8050595234375001 0.5714285718750001 0.7919146828125 0.5879629625 0.7891865078125 0.587632275 0.7748015875 0.5737433859375 0.7693452375 0.565145503125 0.765873015625 0.566137565625
3 0.82421875 0.6234375 0.02421875 0.02734375
2 0.77265625 0.74921875 0.02265625 0.05390625
2 0.69296875 0.6375 0.01015625 0.02265625
4 0.5957341265625 0.6855158734375 0.597222221875 0.7000661375 0.5982142859375 0.7294973546875 0.59970238125 0.7361111109375 0.6009424609375 0.7374338625 0.6041666671875 0.73776455 0.60615079375 0.734788359375 0.6103670640625001 0.7397486765625 0.6262400796875001 0.74437830625 0.6339285718750001 0.7453703703125 0.6574900796875001 0.74437830625 0.6676587296875 0.7410714281249999 0.668898809375 0.734457671875 0.675347221875 0.7255290999999999 0.6755952375 0.7083333328125 0.6790674609375 0.696759259375 0.672619046875 0.6289682546875001 0.672619046875 0.6233465609375 0.67782738125 0.61871693125 0.6783234125 0.615410053125 0.672619046875 0.5859788359375 0.66865079375 0.5879629625 0.6579861109375 0.5899470906250001 0.6547619046875 0.5866402109375 0.6572420640625001 0.5826719578125 0.6604662703125 0.5820105812499999 0.6617063484375 0.5767195765625 0.6676587296875 0.5694444437499999 0.669146825 0.5664682546875001 0.6679067453124999 0.5621693125 0.6604662703125 0.5522486765625 0.6525297625 0.5489417984375 0.64657738125 0.54398148125 0.6455853171875 0.5486111109375 0.6490575390625 0.5608465609375 0.646825396875 0.565145503125 0.6445932546875001 0.5625 0.6393849203124999 0.559854496875 0.6207837296875 0.5363756609375 0.618799603125 0.5376984125 0.61532738125 0.546957671875 0.6106150796875001 0.5486111109375 0.6041666671875 0.5542328046875 0.6004464281249999 0.5601851859375 0.597222221875 0.5601851859375 0.596230159375 0.5615079359374999 0.591021825 0.577380953125 0.5900297625 0.5882936515625 0.58779761875 0.5952380953125 0.58779761875 0.6044973546875 0.5897817453124999 0.612103175 0.59325396875 0.6455026453125 0.5959821421875 0.6541005296875 0.6004464281249999 0.6613756609375 0.5957341265625 0.6855158734375
2 0.65703125 0.6359375 0.015625 0.03046875
4 0.4427083328125 0.6144179890625 0.4392361109375 0.6160714281249999 0.440476190625 0.622023809375 0.4427083328125 0.625661375 0.4375 0.6339285718750001 0.4362599203125 0.6329365078125 0.434523809375 0.6339285718750001 0.4268353171875 0.677910053125 0.43377976250000005 0.6828703703125 0.4456845234375 0.6871693125 0.4739583328125 0.6865079359374999 0.474950396875 0.624338625 0.481894840625 0.60681216875 0.481894840625 0.6001984125 0.477678571875 0.578373015625 0.47594246093750003 0.5456349203124999 0.47445436562500004 0.5423280421875 0.47073412656249997 0.5367063484375 0.4699900796875 0.537367725 0.4699900796875 0.5453042328125 0.46502976250000005 0.5555555562500001 0.4580853171875 0.565806878125 0.45634920625 0.5644841265625 0.45238095312500004 0.5479497359375001 0.450644840625 0.5453042328125 0.4481646828125 0.546296296875 0.44171627031250005 0.5542328046875 0.4387400796875 0.55026455 0.435019840625 0.5522486765625 0.4310515875 0.5578703703125 0.4265873015625 0.5727513234375 0.4206349203125 0.5869709000000001 0.4201388890625 0.5896164015625 0.42534722187499996 0.59358465625 0.4325396828125 0.5952380953125 0.4389880953125 0.5985449734375 0.439980159375 0.6054894187500001 0.4456845234375 0.60648148125 0.4456845234375 0.6084656078124999 0.4427083328125 0.6144179890625
3 0.4671875 0.58203125 0.01015625 0.0125
4 0.4206349203125 0.6630290999999999 0.42881944375 0.628306878125 0.428571428125 0.624338625 0.42385912656249997 0.609126984375 0.42385912656249997 0.6015211640625 0.42559523749999995 0.5978835984375 0.42584325468750006 0.59424603125 0.4203869046875 0.5899470906250001 0.4203869046875 0.5882936515625 0.4320436515625 0.55654761875 0.44320436562500004 0.54398148125 0.44866071406249997 0.5446428578125 0.44915674531249994 0.54332010625 0.4451884921875 0.5360449734375 0.43799603125 0.528439153125 0.43551587343750003 0.521825396875 0.43353174531249994 0.5221560843749999 0.42906746093750003 0.5261243390625 0.41989087343750003 0.540674603125 0.41741071406249997 0.537367725 0.4171626984375 0.5333994703125 0.41493055625 0.5327380953125 0.4117063484375 0.5383597890625 0.4126984125 0.54332010625 0.4072420640625 0.55687830625 0.406001984375 0.56878306875 0.40625 0.5737433859375 0.4074900796875 0.5763888890625 0.4074900796875 0.5833333328125 0.4045138890625 0.6048280421875 0.40054563437499996 0.659391534375 0.403769840625 0.6613756609375 0.419394840625 0.6640211640625 0.4206349203125 0.6630290999999999
3 0.42109375 0.55859375 0.00703125 0.0125
4 0.3737599203125 0.5677910046875 0.374751984375 0.57473545 0.374255953125 0.584325396875 0.3707837296875 0.5929232796874999 0.3678075390625 0.609457671875 0.356894840625 0.628306878125 0.359623015625 0.6749338625 0.361855159375 0.6765873015625 0.37549603125000003 0.6802248671875 0.377480159375 0.6789021156249999 0.380704365625 0.6798941796875 0.3948412703125 0.6762566140625 0.3985615078125 0.671626984375 0.39732142812500004 0.6669973546875 0.3978174609375 0.6494709000000001 0.396825396875 0.64417989375 0.3978174609375 0.6183862437500001 0.396825396875 0.6144179890625 0.3953373015625 0.590939153125 0.3926091265625 0.5823412703125 0.387648809375 0.572089946875 0.3886408734375 0.5697751328125 0.39012896874999997 0.5697751328125 0.393601190625 0.5760582015625 0.39732142812500004 0.5701058203125 0.40054563437499996 0.5701058203125 0.403273809375 0.5727513234375 0.406001984375 0.5730820109375 0.406001984375 0.5615079359374999 0.3970734125 0.5482804234375 0.3921130953125 0.54431216875 0.38963293593750004 0.546626984375 0.3888888890625 0.5522486765625 0.3869047625 0.5545634921875 0.3821924609375 0.5539021156249999 0.37152777812500004 0.5426587296875 0.3707837296875 0.5370370375 0.3613591265625 0.547288359375 0.356894840625 0.5482804234375 0.349950396875 0.552579365625 0.349950396875 0.5542328046875 0.3544146828125 0.55687830625 0.358630953125 0.5615079359374999 0.3611111109375 0.56878306875 0.36259920625 0.565476190625 0.3665674609375 0.5611772484374999 0.3712797625 0.5641534390625 0.3737599203125 0.5677910046875
2 0.384375 0.6 0.009375 0.02109375
1 0.603174603125 0.8363095234375001 0.6039186515625 0.865740740625 0.6081349203124999 0.8988095234375001 0.6078869046875 0.9050925921875 0.6056547625 0.9074074078125 0.6051587296875 0.9117063484375001 0.6073908734375 0.921626984375 0.61259920625 0.9173280421875001 0.616142290625 0.9169973546874999 0.6240079359374999 0.9173280421875001 0.6269841265625 0.921626984375 0.62822420625 0.921626984375 0.6316964281249999 0.9130290999999999 0.6416170640625001 0.9143518515625001 0.6473214281249999 0.912367725 0.6574900796875001 0.884920634375 0.6577380953125 0.8796296296874999 0.65575396875 0.8664021156249999 0.6552579359374999 0.8386243390624999 0.66220238125 0.8194444437499999 0.662450396875 0.7982804234375 0.6626984125 0.796957671875 0.665674603125 0.7949735453125 0.666170634375 0.7919973546875 0.6696428578125 0.765211640625 0.6696428578125 0.746693121875 0.66865079375 0.7430555562500001 0.6664186515625 0.740740740625 0.6550099203124999 0.74404761875 0.64012896875 0.7453703703125 0.6180555562500001 0.7420634921875 0.606894840625 0.73776455 0.6019345234375 0.7387566140625 0.6016865078125 0.7450396828125 0.603670634375 0.7516534390625 0.606894840625 0.7721560843749999 0.606894840625 0.7791005296875 0.605902778125 0.7827380953125 0.606398809375 0.8138227515625 0.6039186515625 0.8263888890625 0.603174603125 0.8363095234375001
1 0.512896825 0.8895502640625 0.5171130953125 0.89384920625 0.5230654765625 0.8928571421875 0.5265376984375 0.8951719578124999 0.525545634375 0.9017857140625001 0.5262896828125 0.909060846875 0.530505953125 0.909722221875 0.53447420625 0.912367725 0.5416666671875 0.9130290999999999 0.544146825 0.9083994703125 0.5486111109375 0.891203703125 0.553075396875 0.8528439156250001 0.5575396828125 0.8366402109375001 0.5607638890625 0.7992724875 0.5605158734375 0.7671957671875 0.56299603125 0.7476851859375 0.562748015625 0.7384259265625001 0.559771825 0.734788359375 0.5384424609375 0.7328042328125 0.5208333328125 0.71891534375 0.51512896875 0.7166005296875 0.5109126984375 0.7166005296875 0.5086805562500001 0.7179232796874999 0.5071924609375 0.722222221875 0.5064484125 0.7298280421875 0.5052083328125 0.746693121875 0.505704365625 0.7774470906250001 0.5076884921875 0.796957671875 0.5104166671875 0.8072089953124999 0.51512896875 0.8389550265624999 0.515625 0.8604497359375 0.512896825 0.8799603171875001 0.512896825 0.8895502640625
1 0.4449404765625 0.79332010625 0.44469246093750003 0.7612433859375 0.450396825 0.746362434375 0.450644840625 0.734126984375 0.456101190625 0.734126984375 0.4585813484375 0.7609126984375 0.4583333328125 0.79353054375 0.46006944375 0.815145503125 0.462053571875 0.8191137562499999 0.466021825 0.815806878125 0.4742063484375 0.8167989421874999 0.47718253906249997 0.8082010578125001 0.4794146828125 0.7579365078125 0.47867063437499996 0.70667989375 0.47445436562500004 0.6891534390625 0.47197420625 0.6878306875 0.443700396875 0.6875 0.42906746093750003 0.68187830625 0.42782738125 0.6858465609375 0.4268353171875 0.7040343921875001 0.42509920625 0.762896825 0.42534722187499996 0.8042328046874999 0.42633928593750003 0.808862434375 0.43030753906249997 0.8138227515625 0.4365079359375 0.8177910046875001 0.4384920640625 0.8174603171875001 0.44345238125 0.8108465609375 0.4449404765625 0.79332010625
1 0.3301091265625 0.8191137562499999 0.3330853171875 0.82473545 0.3363095234375 0.8263888890625 0.341021825 0.8260582015625 0.3452380953125 0.821759259375 0.349950396875 0.8105158734375 0.34970238125 0.7867063484375 0.356398809375 0.7364417984375 0.356398809375 0.7113095234375 0.3551587296875 0.696759259375 0.35267857187499996 0.69312169375 0.3355654765625 0.6954365078125 0.3075396828125 0.6951058203125 0.306299603125 0.6964285718750001 0.3060515875 0.7175925921874999 0.3085317453125 0.81845238125 0.3112599203125 0.8214285718750001 0.322420634375 0.8230820109374999 0.32465277812500004 0.8210978843750001 0.3261408734375 0.813161375 0.3303571421875 0.813161375 0.3301091265625 0.8191137562499999
1 0.25446428593750003 0.8637566140624999 0.2579365078125 0.8617724875 0.26215277812500004 0.85582010625 0.2671130953125 0.8521825390625001 0.268353175 0.833994709375 0.2705853171875 0.828703703125 0.2864583328125 0.827380953125 0.28720238125 0.8260582015625 0.28794642812500004 0.80621693125 0.287450396875 0.7708333328125 0.2896825390625 0.753306878125 0.2904265875 0.7354497359375001 0.2956349203125 0.70601851875 0.299355159375 0.6960978843750001 0.3015873015625 0.6927910046875 0.3018353171875 0.67526455 0.2423115078125 0.6865079359374999 0.237847221875 0.6891534390625 0.24156746093749998 0.7862103171875 0.24156746093749998 0.8177401296875001 0.24007936562499999 0.8505290999999999 0.2408234125 0.8528439156250001 0.249751984375 0.8571428578125 0.25099206406249996 0.858796296875 0.2514880953125 0.86276455 0.25446428593750003 0.8637566140624999
1 0.1369047625 0.8647486765625001 0.14112103125 0.8624338625 0.1480654765625 0.8611111109375 0.1522817453125 0.8578042328125 0.1641865078125 0.833994709375 0.165674603125 0.81878306875 0.1626984125 0.7863756609375 0.1703869046875 0.7645502640624999 0.17261904687500002 0.7476851859375 0.1783234125 0.690476190625 0.1783234125 0.686838625 0.1770833328125 0.684854496875 0.178075396875 0.67526455 0.1773313484375 0.6626984125 0.174851190625 0.6554232796874999 0.1738591265625 0.6554232796874999 0.16939484062500001 0.6805555562500001 0.1669146828125 0.684854496875 0.147321428125 0.6822089953125 0.1351686515625 0.677579365625 0.12822420625 0.6789021156249999 0.12673611093749998 0.6802248671875 0.1264880953125 0.6822089953125 0.131696428125 0.7430555562500001 0.134920634375 0.7625661375 0.1351686515625 0.78075396875 0.130704365625 0.8015873015625001 0.12524801562500001 0.8422619046875001 0.1240079359375 0.862103175 0.12475198437499999 0.8637566140624999 0.1369047625 0.8647486765625001
1 0.072420634375 0.7926587296875 0.08606150781250001 0.796296296875 0.0887896828125 0.7896825390625 0.0959821421875 0.7804232796874999 0.10094246093749999 0.765873015625 0.1041666671875 0.7619047625 0.1140873015625 0.7420634921875 0.11954365156249999 0.733796296875 0.1202876984375 0.73082010625 0.1202876984375 0.7073412703125 0.11929563437499999 0.6990740734374999 0.11805555625 0.69345238125 0.11334325468749999 0.6884920640625001 0.11334325468749999 0.6851851859375 0.116071428125 0.6828703703125 0.116071428125 0.6795634921875 0.112847221875 0.6640211640625 0.1108630953125 0.659722221875 0.1014384921875 0.6607142859375 0.0890376984375 0.659722221875 0.078373015625 0.65674603125 0.07118055625 0.6521164015625 0.06845238125 0.6650132281250001 0.068204365625 0.6762566140625 0.06944444375 0.6805555562500001 0.0716765875 0.6832010578125 0.0731646828125 0.71924603125 0.07043650781250001 0.7483465609375 0.0696924609375 0.7857142859375 0.0709325390625 0.791005290625 0.072420634375 0.7926587296875
0 0.687748015625 0.928240740625 0.6860119046875 0.921957671875 0.6755952375 0.9203042328125 0.6681547625 0.9169973546874999 0.6550099203124999 0.900132275 0.6498015875 0.9047619046875001 0.6488095234375 0.912367725 0.6460813484375 0.9150132281250001 0.6393849203124999 0.9150132281250001 0.63467261875 0.9130290999999999 0.6326884921875 0.9140211640624999 0.63095238125 0.916335978125 0.63095238125 0.9199735453125 0.6331845234375 0.9255952375 0.6510416671875 0.9289021156249999 0.669394840625 0.9361772484375 0.6783234125 0.9365079359375 0.685019840625 0.9325396828124999 0.687748015625 0.928240740625
0 0.6289682546875001 0.9361772484375 0.6264880953125 0.91865079375 0.622271825 0.916005290625 0.612103175 0.916005290625 0.60987103125 0.91832010625 0.6078869046875 0.9242724875 0.6076388890625 0.9457671953125001 0.609126984375 0.9550264546875 0.6180555562500001 0.962632275 0.6230158734375 0.9636243390624999 0.6287202375 0.9629629625 0.630704365625 0.958994709375 0.631200396875 0.94378306875 0.6289682546875001 0.9361772484375
0 0.58134920625 0.9229497359375 0.578125 0.9199735453125 0.5612599203124999 0.9179894187500001 0.5577876984375 0.9126984125 0.5505952375 0.90608465625 0.5483630953125 0.90641534375 0.544146825 0.9150132281250001 0.54092261875 0.9173280421875001 0.534226190625 0.9166666671874999 0.525049603125 0.909722221875 0.521825396875 0.91931216875 0.5210813484375 0.9361772484375 0.5225694437499999 0.9398148140625 0.52529761875 0.941137565625 0.56200396875 0.940145503125 0.5691964281249999 0.9388227515625 0.578869046875 0.934523809375 0.5825892859375 0.928240740625 0.58134920625 0.9229497359375
0 0.5111607140625 0.81812169375 0.5091765875 0.8141534390625 0.5064484125 0.8138227515625 0.49950396875 0.8244047625 0.4918154765625 0.8303571421875 0.48660714218749995 0.8323412703124999 0.48511904687499996 0.8346560843749999 0.48511904687499996 0.840939153125 0.48834325468750006 0.84358465625 0.4947916671875 0.84391534375 0.50595238125 0.841269840625 0.5114087296875 0.8363095234375001 0.5114087296875 0.8296957671875 0.5106646828125 0.828703703125 0.5111607140625 0.81812169375
0 0.44146825468750006 0.81845238125 0.440476190625 0.8164682546875 0.437748015625 0.815145503125 0.42633928593750003 0.8141534390625 0.4154265875 0.8263888890625 0.41071428593750003 0.8300264546875 0.4047619046875 0.8323412703124999 0.40426587343750003 0.833994709375 0.4045138890625 0.840608465625 0.40997023749999995 0.8422619046875001 0.41617063437499996 0.8422619046875001 0.421875 0.840939153125 0.42782738125 0.8373015875 0.439980159375 0.8359788359375001 0.4424603171875 0.8326719578124999 0.44146825468750006 0.81845238125
0 0.46552579375 0.816137565625 0.462549603125 0.8177910046875001 0.462053571875 0.8194444437499999 0.46155753906249997 0.8293650796875 0.46825396875 0.840939153125 0.471478175 0.8422619046875001 0.48115079375 0.840939153125 0.48214285781250005 0.8389550265624999 0.481646825 0.83167989375 0.4734623015625 0.815476190625 0.46552579375 0.816137565625
0 0.41344246093750003 0.7824074078125001 0.4072420640625 0.7761243390625 0.40277777812500004 0.76851851875 0.39955357187499996 0.7675264546875 0.390376984375 0.7701719578125 0.3888888890625 0.7741402109375 0.3886408734375 0.7830687828125 0.3893849203125 0.783730159375 0.396329365625 0.7853835984375 0.40302579375 0.7896825390625 0.4126984125 0.7900132281250001 0.4139384921875 0.7890211640625 0.4144345234375 0.7857142859375 0.41344246093750003 0.7824074078125001
0 0.3926091265625 0.8012566140624999 0.391369046875 0.7992724875 0.381200396875 0.7949735453125 0.377976190625 0.791335978125 0.372271825 0.79431216875 0.359126984375 0.7949735453125 0.3576388890625 0.797619046875 0.3578869046875 0.8019179890625001 0.3608630953125 0.8042328046874999 0.37946428593750003 0.8075396828124999 0.3859126984375 0.8075396828124999 0.390625 0.80621693125 0.3926091265625 0.8035714281249999 0.3926091265625 0.8012566140624999
0 0.3695436515625 0.8293650796875 0.3670634921875 0.828373015625 0.3606150796875 0.83101851875 0.3573908734375 0.83101851875 0.3544146828125 0.8257275125 0.35243055624999997 0.825396825 0.3484623015625 0.83167989375 0.34325396874999997 0.8359788359375001 0.3345734125 0.8382936515624999 0.330605159375 0.8379629625 0.330853175 0.8495370375 0.3335813484375 0.8508597890624999 0.3390376984375 0.8505290999999999 0.343998015625 0.8482142859374999 0.3635912703125 0.84358465625 0.3702876984375 0.8379629625 0.3710317453125 0.8323412703124999 0.3695436515625 0.8293650796875
0 0.403521825 0.796296296875 0.40302579375 0.80026455 0.4045138890625 0.8035714281249999 0.41220238125 0.8052248671875001 0.41840277812500004 0.8052248671875001 0.421626984375 0.8039021156249999 0.4228670640625 0.797288359375 0.4206349203125 0.79365079375 0.403521825 0.796296296875
0 0.17633928593749998 0.85615079375 0.165178571875 0.85681216875 0.15550595312499998 0.853505290625 0.14781746093749998 0.859788359375 0.1383928578125 0.8637566140624999 0.124255953125 0.8614417984375 0.1230158734375 0.86276455 0.122271825 0.8673941796875001 0.12127976250000001 0.88062169375 0.1299603171875 0.8816137562499999 0.15451388906250002 0.8769841265625 0.165178571875 0.8736772484375 0.1795634921875 0.8647486765625001 0.1810515875 0.86276455 0.18154761875 0.8584656078125 0.17633928593749998 0.85615079375
0 0 0.858796296875 0.0396825390625 0.8492063484375001 0.043402778125 0.847222221875 0.0458829359375 0.8425925921875 0.0451388890625 0.8389550265624999 0.0429067453125 0.8369709000000001 0.0324900796875 0.8386243390624999 0.02256944375 0.8382936515624999 0.0205853171875 0.8363095234375001 0.0200892859375 0.8270502640625 0.018105159375 0.827380953125 0.0084325390625 0.8386243390624999 0 0.840277778125 0 0.858796296875