4 0.06953125 0.46953125 0.1390625 0.1015625
4 0.10234375 0.64296875 0.125 0.078125
1 0.19453125 0.4484375 0.1640625 0.096875
1 0.225 0.62109375 0.1375 0.0828125
1 0.196875 0.5546875 0.15 0.0828125
0 0.2921875 0.44765625 0.034375 0.03125
0 0.25546875 0.4359375 0.053125 0.0359375
0 0.28046875 0.55859375 0.0296875 0.0234375
0 0.275 0.5171875 0.0265625 0.0296875
0 0.29140625 0.57421875 0.0328125 0.0359375
0 0.265625 0.60703125 0.0234375 0.021875
0 0.25234375 0.64296875 0.0265625 0.0171875
2 0.13515625 0.63046875 0.0296875 0.0234375
3 0.01484375 0.45 0.0140625 0.0109375
3 0.0578125 0.5484375 0.0125 0.0046875
3 0.0546875 0.56875 0.00625 0.00625
3 0.0765625 0.63203125 0.0125 0.0109375