1 0.840625 0.71015625 0.14140625 0.32578125
1 0.50859375 0.66640625 0.12734375 0.29375
1 0.28125 0.678125 0.1296875 0.26640625
1 0.10546875 0.6609375 0.11328125 0.30078125
4 0.52890625 0.4171875 0.16328125 0.2640625
4 0.84140625 0.43515625 0.1453125 0.27421875
2 0.8421875 0.4984375 0.03359375 0.05234375
3 0.57109375 0.35703125 0.02265625 0.028125
2 0.55234375 0.46953125 0.0265625 0.05390625
4 0.27890625 0.434375 0.1703125 0.26484375
2 0.28203125 0.4859375 0.03203125 0.04453125
4 0.115625 0.3875 0.1484375 0.1734375
3 0.146875 0.35 0.0234375 0.03125
3 0.3625 0.37109375 0.01953125 0.02109375
0 0.55078125 0.83125 0.04609375 0.0421875
0 0.4703125 0.80859375 0.04921875 0.05234375
0 0.31484375 0.83203125 0.0421875 0.04453125
0 0.2421875 0.8140625 0.03046875 0.0390625
0 0.11796875 0.80859375 0.0421875 0.0390625
0 0.78984375 0.85859375 0.03046875 0.03515625
0 0.90625 0.8828125 0.0609375 0.03984375