4 0.915625 0.45625 0.16875 0.375
4 0.8 0.4078125 0.2015625 0.3671875
4 0.45078125 0.39140625 0.21875 0.3375
1 0.3921875 0.65625 0.19375 0.3421875
1 0.734375 0.73203125 0.1828125 0.334375
1 0.871875 0.77421875 0.175 0.35
1 0.5515625 0.65625 0.115625 0.2296875
0 0.86640625 0.95078125 0.06875 0.06875
0 0.7890625 0.87109375 0.0625 0.1296875
0 0.728125 0.93359375 0.08125 0.0875
0 0.66328125 0.8453125 0.071875 0.140625
0 0.3984375 0.79375 0.0515625 0.084375
0 0.35546875 0.83828125 0.059375 0.0796875
0 0.5609375 0.7515625 0.040625 0.0484375
0 0.51953125 0.79453125 0.0453125 0.053125
0 0.66875 0.76640625 0.034375 0.0453125
0 0.63671875 0.7671875 0.0265625 0.046875
2 0.6828125 0.4703125 0.0203125 0.0359375
2 0.45390625 0.3890625 0.034375 0.0546875
2 0.953125 0.509375 0.034375 0.0515625
3 0.946875 0.3734375 0.0203125 0.0296875
3 0.803125 0.334375 0.0203125 0.03125
3 0.4375 0.31171875 0.021875 0.034375