4 0.5890625 0.95703125 0.184375 0.0859375
4 0.5953125 0.88203125 0.159375 0.1125
4 0.5734375 0.6609375 0.1140625 0.1046875
4 0.53828125 0.36953125 0.0921875 0.1140625
4 0.4734375 0.33046875 0.075 0.0734375
4 0.4953125 0.2546875 0.11875 0.0828125
4 0.48828125 0.17578125 0.146875 0.1109375
4 0.4921875 0.09375 0.23125 0.1875
4 0.68046875 0.1125 0.1953125 0.225
4 0.6765625 0.35234375 0.1578125 0.2109375
4 0.73359375 0.70078125 0.1484375 0.1546875
4 0.7421875 0.815625 0.1203125 0.1234375
4 0.7734375 0.91484375 0.1359375 0.1296875
3 0.725 0.7734375 0.0171875 0.015625
2 0.57890625 0.96171875 0.034375 0.034375
3 0.55078125 0.9453125 0.0234375 0.025
3 0.57109375 0.8640625 0.0234375 0.0140625
3 0.54140625 0.63359375 0.015625 0.0203125
3 0.69375 0.67578125 0.0140625 0.021875
3 0.665625 0.34453125 0.0203125 0.0234375
3 0.67734375 0.1328125 0.0265625 0.021875
3 0.45 0.07578125 0.0140625 0.0203125
3 0.52421875 0.3625 0.015625 0.0234375
2 0.5984375 0.64921875 0.0234375 0.0234375
2 0.640625 0.8875 0.028125 0.028125
2 0.73203125 0.153125 0.034375 0.0390625
2 0.52265625 0.1 0.0359375 0.0359375
0 0.81953125 0.14375 0.0515625 0.1125
0 0.81953125 0.04296875 0.0578125 0.0765625
0 0.81171875 0.378125 0.0359375 0.0953125
0 0.8203125 0.275 0.04375 0.05625