1 0.69140625 0.4109375 0.3328125 0.14375
4 0.38125 0.43671875 0.340625 0.196875
4 0.29296875 0.25234375 0.5859375 0.3484375
3 0.1203125 0.33203125 0.053125 0.04375
2 0.46171875 0.2484375 0.1578125 0.06875
3 0.31796875 0.4890625 0.0390625 0.0234375
2 0.4234375 0.42578125 0.065625 0.0328125
2 0.478125 0.5046875 0.0421875 0.021875
3 0.43359375 0.51171875 0.0203125 0.0125
4 0.4875 0.65546875 0.1515625 0.0953125
3 0.4546875 0.678125 0.0140625 0.0109375
0 0.87265625 0.4234375 0.0609375 0.0546875
0 0.74140625 0.625 0.025 0.0203125
1 0.64375 0.634375 0.178125 0.0796875
0 0.71875 0.6140625 0.0375 0.0171875
0 0.84921875 0.36171875 0.05 0.0375