4 0.94296875 0.3484375 0.1140625 0.615625
4 0.82109375 0.40234375 0.1359375 0.43125
4 0.67734375 0.4703125 0.1734375 0.6140625
4 0.40390625 0.3609375 0.1875 0.6390625
4 0.27578125 0.38984375 0.1859375 0.603125
2 0.02109375 0.53515625 0.0296875 0.10625
2 0.0890625 0.51875 0.03125 0.103125
2 0.19765625 0.38828125 0.028125 0.0953125
3 0.26875 0.21875 0.0203125 0.0515625
3 0.4 0.22265625 0.021875 0.0453125
2 0.421875 0.5140625 0.028125 0.1015625
2 0.2859375 0.47734375 0.0359375 0.1171875
2 0.54765625 0.5734375 0.0265625 0.0921875
3 0.66484375 0.3328125 0.0203125 0.0578125
4 0.77890625 0.303125 0.1375 0.546875
3 0.8203125 0.284375 0.01875 0.0453125
3 0.95390625 0.21875 0.025 0.0578125
2 0.978125 0.384375 0.0234375 0.0828125
2 0.83671875 0.5328125 0.025 0.0859375
2 0.67265625 0.5875 0.0296875 0.1078125