1 0.22407407343750002 0.6785714281249999 0.23240740781250002 0.6802325578125 0.2375 0.676079734375 0.24259259218749998 0.6636212625 0.2606481484375 0.660299003125 0.2638888890625 0.65697674375 0.2601851859375 0.617109634375 0.2638888890625 0.5639534890625 0.2666666671875 0.5589701 0.26898148125 0.54318936875 0.26898148125 0.47176079687500005 0.26435185156249996 0.46428571406249997 0.22546296250000003 0.46594684375 0.21203703749999997 0.459302325 0.2101851859375 0.47508305625 0.20972222187499998 0.5008305640625 0.21435185156249997 0.5481727578125 0.2208333328125 0.673588040625 0.22407407343750002 0.6785714281249999
1 0.3634259265625 0.803156146875 0.36851851875 0.8139534890625001 0.38009259218749997 0.808139534375 0.38703703749999996 0.808139534375 0.396296296875 0.8189368765625 0.3981481484375 0.8147840531250001 0.396759259375 0.8089701 0.3986111109375 0.787375415625 0.396759259375 0.7416943515625001 0.4074074078125 0.7051495015625 0.4148148140625 0.700996678125 0.4384259265625 0.651162790625 0.44351851875000003 0.635382059375 0.44768518593750006 0.5996677734375 0.4481481484375 0.5514950171875 0.44398148125 0.48421926875 0.4393518515625 0.4684385375 0.425 0.45681063125000004 0.3574074078125 0.4559800671875 0.35046296250000003 0.45764119531249997 0.346759259375 0.462624584375 0.3453703703125 0.490033221875 0.34861111093749997 0.580564784375 0.359125996875 0.6755842984375 0.3634259265625 0.803156146875
0 0.2384259265625 0.7076411953124999 0.2370370375 0.685215946875 0.23055555625 0.685215946875 0.21944444375 0.7142857140625 0.2203703703125 0.7242524921875 0.23379629687499998 0.7234219265624999 0.2375 0.7159468437500001 0.2384259265625 0.7076411953124999
0 0.24907407343750002 0.7317275750000001 0.25601851875000003 0.7242524921875 0.25833333281250004 0.7151162796875 0.2578703703125 0.7051495015625 0.2518518515625 0.682724253125 0.2476851859375 0.6810631234375 0.2398148140625 0.685215946875 0.2375 0.7001661125 0.2388888890625 0.70681063125 0.2365740734375 0.7209302328125 0.240277778125 0.7325581390625 0.24907407343750002 0.7317275750000001
0 0.4 0.8629568109375001 0.40277777812500004 0.8579734218749999 0.40277777812500004 0.848837209375 0.396759259375 0.8255813953125 0.38842592656249997 0.8089701 0.36666666718749996 0.8139534890625001 0.36296296250000004 0.833056478125 0.36296296250000004 0.8438538203125001 0.371296296875 0.8571428578125 0.38842592656249997 0.8629568109375001 0.4 0.8629568109375001
0 0.4393518515625 0.7707641203125 0.4375 0.7516611296875 0.4356481484375 0.7483388703125 0.42314814843750004 0.7475083062500001 0.41944444374999995 0.7632890359375 0.41944444374999995 0.77491694375 0.42222222187499997 0.7790697671875 0.4356481484375 0.7799003328125 0.4393518515625 0.7707641203125
0 0.4625 0.7475083062500001 0.4643518515625 0.744186046875 0.46527777812500004 0.7300664453125 0.459722221875 0.7018272421875 0.44629629687500005 0.687707640625 0.44259259218749997 0.6868770765625001 0.44259259218749997 0.7059800671875001 0.44768518593750006 0.7317275750000001 0.45416666718750004 0.7450166109375 0.4625 0.7475083062500001
4 0.47334189687499995 0.4647512765625 0.475 0.462624584375 0.47453703750000004 0.44186046562500003 0.4768518515625 0.423588040625 0.47361111093749997 0.41943521562499997 0.475 0.407807309375 0.471759259375 0.40199335625000004 0.46944444374999994 0.37956810625 0.4731481484375 0.3687707640625 0.470733953125 0.32984864062499997 0.480296415625 0.3477836734375 0.49072819375 0.3345273453125 0.4953703703125 0.3222591359375 0.48055555625 0.2757475078125 0.475 0.26578073125 0.45555555625000005 0.25830564843750004 0.45277777812500003 0.25913621249999996 0.45 0.2666112953125 0.4495370375 0.2799003328125 0.4421296296875 0.312292359375 0.440277778125 0.46594684375 0.44444444375 0.4767441859375 0.46342592656250003 0.4709302328125 0.47334189687499995 0.4647512765625
3 0.46328125 0.3078125 0.01484375 0.02734375
4 0.2384259265625 0.37458471718749997 0.2388888890625 0.423588040625 0.23472222187499997 0.4368770765625 0.2208333328125 0.444352159375 0.21203703749999997 0.4559800671875 0.228240740625 0.466777409375 0.2398148140625 0.466777409375 0.24259259218749998 0.462624584375 0.24880697343749997 0.46554642812499997 0.2629667203125 0.46139902031249996 0.268457234375 0.469175409375 0.27279185156249997 0.476951796875 0.27638888906250003 0.466777409375 0.27638888906250003 0.45182724218750003 0.2796296296875 0.4318936875 0.27870370312500004 0.4061461796875 0.27453703749999997 0.3970099671875 0.2666666671875 0.39784053125 0.2601851859375 0.39202657812499997 0.2606481484375 0.380398671875 0.2615740734375 0.3729235875 0.2675925921875 0.3662790703125 0.2796296296875 0.3629568109375 0.290740740625 0.36461794062499997 0.2976851859375 0.3571428578125 0.2976851859375 0.34551495 0.2870370375 0.29152823906249997 0.28101851875 0.27491694375 0.259259259375 0.2541528234375 0.25509259218749997 0.2724252484375 0.2472026359375 0.2847649875 0.2341919703125 0.257688971875 0.23240740781250002 0.305647840625 0.2365740734375 0.312292359375 0.2384259265625 0.3372093015625 0.2398148140625 0.36378737499999997 0.2384259265625 0.37458471718749997
3 0.26484375 0.31484375 0.01015625 0.028125
2 0.434375 0.371875 0.03046875 0.0609375
2 0.45234375 0.4375 0.02265625 0.05390625
4 0.3572883734375 0.38521330625 0.34598728125 0.45773322031249997 0.3833678171875 0.45227473281249997 0.4142284921875 0.45539386875 0.42248698281249997 0.45227473281249997 0.44117724999999997 0.46241192499999995 0.4379629625 0.24335548125 0.434722221875 0.2234219265625 0.4291666671875 0.2076411953125 0.4236111109375 0.20182724218749998 0.41898148125 0.20348837187500002 0.3921296296875 0.160299003125 0.383796296875 0.1710963453125 0.3708333328125 0.1802325578125 0.3611111109375 0.1777408640625 0.353703703125 0.1835548171875 0.3375 0.21677740937499998 0.3254629625 0.255813953125 0.3416666671875 0.271594684375 0.3648148140625 0.2948504984375 0.3703703703125 0.29568106250000004 0.3572883734375 0.38521330625