4 0.4771634609375 0.48143917812500003 0.47355769218750005 0.467161621875 0.47035256406250003 0.46259280468749997 0.46701580312499996 0.45832721718749997 0.46267503593750003 0.45589635937499995 0.45512820468750004 0.44545973749999995 0.45112179531249996 0.44545973749999995 0.4532183640625 0.45037168125000004 0.4479474328125 0.453907475 0.44391025624999997 0.45345516874999997 0.4375 0.452884065625 0.4331883 0.45212509062499995 0.42960843593750003 0.4473622984375 0.4229880203125 0.4276100125 0.42329807500000005 0.42407421875000006 0.4257785140625 0.42142237343750005 0.4209726640625 0.4209803984375 0.414616540625 0.4315877796875 0.40035402031249995 0.4395433140625 0.3924476234375 0.449045759375 0.3830128203125 0.46944603125000006 0.375 0.5174186171875 0.372604115625 0.525949265625 0.3835475265625 0.5327523640625 0.385016025 0.534551684375 0.385016025 0.5539691609374999 0.3822115390625 0.5636778984374999 0.38181089687499997 0.57224443125 0.37860576875 0.5796687609375 0.3794070515625 0.588806396875 0.37660256406250003 0.6162193031250001 0.3737980765625 0.622501428125 0.37660256406250003 0.6253569390625 0.3798076921875 0.6350656765625 0.384615384375 0.638492290625 0.406650640625 0.64249000625 0.4362980765625 0.64249000625 0.440825340625 0.6399151953125 0.4487179484375 0.6413478015625 0.46875 0.6367789828125 0.46794871718750003 0.6173615078125 0.4615384609375 0.5693889203125 0.46233974375000003 0.531125071875 0.4632591515625 0.5177835875000001 0.46875 0.5225585374999999 0.48076923125000004 0.505425471875 0.48115846875 0.49056763124999997 0.4771634609375 0.48143917812500003
3 0.42265625 0.49375 0.015625 0.0203125
4 0.3436917390625 0.39633638437499996 0.3269349328125 0.3821815140625 0.3160437921875 0.365473775 0.3169070515625 0.385494003125 0.310096153125 0.3883495140625 0.2988782046875 0.3826384921875 0.28806089687499997 0.36207881249999996 0.283653846875 0.359794403125 0.27764423125 0.3706453453125 0.27443910312500003 0.3729297546875 0.260016025 0.3883495140625 0.25641025625 0.38949171875 0.24358974375 0.403769275 0.23838141093749998 0.42318675 0.23758012812499998 0.46944603125000006 0.23557692343749997 0.49057681249999996 0.23838141093749998 0.49857224375 0.24879807656250003 0.49914334687500006 0.263221153125 0.508852084375 0.25681089687499997 0.5396916046875 0.25681089687499997 0.5522558531249999 0.2548076921875 0.5585379781250001 0.255608975 0.5682467156250001 0.255290140625 0.5958693140625 0.26402243593749997 0.6247858359375 0.2920673078125 0.62649914375 0.32491987187500004 0.6236436328125 0.334134615625 0.62021701875 0.3409455125 0.6122215875 0.34214743593749997 0.608223871875 0.341346153125 0.5796687609375 0.3429487171875 0.5242718453124999 0.34695512812499996 0.50142775625 0.35576923125 0.4968589375 0.359375 0.4797258703125 0.35256410312500003 0.44374643125 0.35016025625 0.41176470624999995 0.3436917390625 0.39633638437499996
3 0.29375 0.4390625 0.01875 0.025
2 0.44140625 0.5453125 0.0203125 0.03359375
2 0.3265625 0.4921875 0.02109375 0.03671875
0 0.47075320468750004 0.8292404343750001 0.447516025 0.8343803546874999 0.4459134609375 0.8395202734374999 0.4459134609375 0.8463735015625 0.4479166671875 0.8509423187499999 0.47115384687499995 0.8589377499999999 0.484775640625 0.8572244437500001 0.487580128125 0.8515134203124999 0.487580128125 0.8458023984375 0.47075320468750004 0.8292404343750001
1 0.47029960624999995 0.6383413499999999 0.45072115312500005 0.6407766984375 0.43950320468750004 0.640205596875 0.4362980765625 0.6430611078124999 0.40625 0.641918903125 0.381009615625 0.6367789828125 0.3794070515625 0.638492290625 0.38141025625 0.641918903125 0.3822115390625 0.6556253562500001 0.3914262828125 0.664191890625 0.3934294875 0.6750428328125 0.38741987187500004 0.6967447171875001 0.385016025 0.71330668125 0.372596153125 0.721873215625 0.3613782046875 0.7601370640625 0.3581730765625 0.7926898921875 0.3665865390625 0.8086807531250001 0.37339743593749997 0.8115362656249999 0.3830128203125 0.8035408343749999 0.405849359375 0.7401484859374999 0.40865384687499995 0.7270131359375 0.41546474375000003 0.7110222734375 0.4260349484375 0.669364528125 0.4302884609375 0.705882353125 0.4330929484375 0.7344374640625 0.43589743593749997 0.7424328953125 0.43990384687499995 0.774985721875 0.4411587078125 0.800818678125 0.44551282031249995 0.8315248421874999 0.4479166671875 0.8366647625000001 0.45953525624999997 0.8315248421874999 0.46714743593749997 0.8309537406249999 0.47075320468750004 0.827527128125 0.47035256406250003 0.7601370640625 0.4675480765625 0.711593375 0.47115384687499995 0.647629925 0.47029960624999995 0.6383413499999999
0 0.3665865390625 0.8063963453125 0.3613782046875 0.7961165046875001 0.3573717953125 0.7938320953125 0.3549679484375 0.7995431187500001 0.35576923125 0.826956025 0.3573717953125 0.83495145625 0.3605769234375 0.8395202734374999 0.3709935890625 0.8423757859375 0.3770032046875 0.8418046828125 0.3794070515625 0.838949171875 0.3802083328125 0.8338092515625 0.3770032046875 0.8098229578125 0.3665865390625 0.8063963453125
0 0.3585737171875 0.8994860078125001 0.344150640625 0.8897772703125 0.32491987187500004 0.8960593953125 0.314903846875 0.894917190625 0.3112980765625 0.8909194749999999 0.306891025 0.8903483718749999 0.306891025 0.904625928125 0.3104967953125 0.9091947453125 0.33133012812499996 0.9200456875 0.34535256406250003 0.9211878921875 0.3581730765625 0.9183323812499999 0.36298076875 0.91205025625 0.36258012812499996 0.9057681328125 0.3585737171875 0.8994860078125001
1 0.33693910312500003 0.6190748140625 0.32171474375 0.6236436328125 0.2984203296875 0.6253569390625 0.26722756406250003 0.624214734375 0.26402243593749997 0.62649914375 0.2636217953125 0.6316390640625 0.2664262828125 0.646487721875 0.2676282046875 0.6824671609374999 0.2732371796875 0.6967447171875001 0.2764423078125 0.715591090625 0.2628205125 0.7607081671875 0.252403846875 0.7789834375 0.2364309171875 0.8252842796875001 0.2487678671875 0.837845684375 0.2813726640625 0.8403579656250001 0.2932690078125 0.8108386640624999 0.2976762828125 0.8315248421874999 0.3104967953125 0.864648771875 0.3104967953125 0.869217590625 0.306891025 0.8800685328125001 0.306891025 0.88463735 0.310096153125 0.8914905765625001 0.3173076921875 0.8966304968750001 0.3269230765625 0.8972015984375 0.3409455125 0.8909194749999999 0.3465544875 0.8920616796875 0.3477564109375 0.8897772703125 0.34535256406250003 0.8749286125 0.3449519234375 0.852655625 0.328125 0.7784123359375 0.3229166671875 0.745859509375 0.334134615625 0.6733295265625 0.3329326921875 0.657909765625 0.3361378203125 0.6459166187500001 0.33693910312500003 0.630496859375 0.3389423078125 0.622501428125 0.33693910312500003 0.6190748140625
0 0.26446304062500003 0.8418046828125 0.260857271875 0.8429468874999999 0.24403034843750002 0.8372358656250001 0.2394897515625 0.831905578125 0.23762009218750002 0.8263849234375 0.233213040625 0.8263849234375 0.22920663125 0.8298115359375 0.22640214374999998 0.8378069671875 0.22920663125 0.8492290125 0.2400239390625 0.864648771875 0.244430990625 0.8817818390625 0.24843739999999997 0.88635065625 0.2568508625 0.888635065625 0.27127393906249997 0.886921759375 0.27528034843750004 0.8812107375 0.27528034843750004 0.8766419187500001 0.2708732984375 0.8720731015625001 0.26606560468749996 0.8577955453125 0.266466246875 0.8440890921875001 0.26446304062500003 0.8418046828125