4 0.50234375 0.9296875 0.1703125 0.140625
4 0.53359375 0.82578125 0.1171875 0.1046875
4 0.53984375 0.65546875 0.1109375 0.109375
4 0.665625 0.93515625 0.109375 0.1296875
4 0.653125 0.79375 0.1125 0.1046875
4 0.66171875 0.71015625 0.10625 0.1171875
4 0.66328125 0.41640625 0.10625 0.1078125
4 0.7046875 0.33359375 0.1296875 0.1046875
4 0.70625 0.24765625 0.1140625 0.109375
4 0.73046875 0.11640625 0.1625 0.20625
4 0.58046875 0.09375 0.2015625 0.1875
4 0.5703125 0.2328125 0.1515625 0.1015625
4 0.57734375 0.3328125 0.11875 0.1265625
3 0.515625 0.2609375 0.0171875 0.0171875
3 0.55390625 0.31796875 0.0171875 0.0265625
3 0.54453125 0.05703125 0.0171875 0.0140625
3 0.72890625 0.11484375 0.0171875 0.0140625
3 0.6890625 0.31328125 0.0140625 0.01875
3 0.65390625 0.39375 0.0171875 0.0171875
3 0.65078125 0.67421875 0.0171875 0.0234375
3 0.63515625 0.76015625 0.015625 0.0171875
2 0.4984375 0.934375 0.025 0.0234375
3 0.475 0.909375 0.015625 0.0234375
3 0.5125 0.79296875 0.0140625 0.0203125
3 0.67109375 0.91796875 0.0171875 0.01875
0 0.85234375 0.190625 0.046875 0.11875
0 0.87421875 0.07734375 0.04375 0.071875
0 0.82421875 0.23828125 0.04375 0.071875
0 0.74609375 0.7296875 0.0375 0.0375
0 0.76640625 0.59453125 0.040625 0.0390625
2 0.68203125 0.7796875 0.0296875 0.0265625
2 0.56484375 0.83203125 0.025 0.0234375
2 0.57890625 0.64921875 0.0265625 0.028125
2 0.70078125 0.41640625 0.021875 0.0234375
2 0.590625 0.34296875 0.0265625 0.028125
2 0.57109375 0.23984375 0.01875 0.0171875