0 0.17421875 0.2390625 0.0328125 0.0234375
0 0.20078125 0.21953125 0.025 0.0234375
1 0.3296875 0.265625 0.271875 0.125
1 0.26796875 0.36875 0.415625 0.175
0 0.10703125 0.30703125 0.065625 0.0328125
0 0.03984375 0.346875 0.0453125 0.0390625
0 0.1234375 0.48359375 0.021875 0.021875
0 0.13828125 0.4703125 0.0265625 0.0203125
1 0.2578125 0.51328125 0.259375 0.1
4 0.55234375 0.296875 0.2390625 0.14375
3 0.6078125 0.32578125 0.0265625 0.0203125
2 0.5375 0.28359375 0.05 0.0296875
4 0.478125 0.55859375 0.2140625 0.1125
3 0.5296875 0.56953125 0.021875 0.015625