1 0.084722221875 0.6278877890625 0.09120370312500001 0.68894389375 0.10185185156250001 0.7310231015624999 0.1041666671875 0.7978547859375 0.103240740625 0.8424092406250001 0.1148148140625 0.9240924093749999 0.11898148125 0.9298679875 0.13055555624999998 0.9232673265625 0.140277778125 0.9125412546874999 0.1458333328125 0.911716171875 0.15370370312499998 0.915841584375 0.1601851859375 0.91419141875 0.1703703703125 0.9001650171875 0.17361111093749998 0.8803630359374999 0.178240740625 0.7731023109375 0.177777778125 0.731848184375 0.17916666718750002 0.7202970296875 0.177777778125 0.707095709375 0.17916666718750002 0.69306930625 0.1763888890625 0.6856435640625 0.177777778125 0.6468646859375 0.190740740625 0.5792079203125 0.19444444375 0.5462046203125 0.197222221875 0.538778878125 0.2004629625 0.5363036296875 0.19537037031249999 0.5280528046875 0.134722221875 0.5115511546875 0.11851851875 0.5206270625 0.08069639687499999 0.5591827046875 0.0691683390625 0.5207723921875 0.06666224062500001 0.537744390625 0.078240740625 0.5750825078124999 0.0791666671875 0.600660065625 0.084722221875 0.6278877890625
0 0.1231481484375 0.994224421875 0.1263888890625 0.990099009375 0.13055555624999998 0.9744224421875 0.134259259375 0.94306930625 0.133796296875 0.9273927390625 0.13055555624999998 0.9240924093749999 0.11898148125 0.9290429046875 0.1111111109375 0.9463696374999999 0.103240740625 0.9702970296875 0.103240740625 0.9793729375 0.10787037031249999 0.9909240921875 0.1231481484375 0.994224421875
0 0.15879629687500002 0.9991749171875 0.1643518515625 0.989273928125 0.1666666671875 0.9760726078124999 0.165277778125 0.9422442249999999 0.1611111109375 0.9240924093749999 0.16157407343750002 0.91831683125 0.141203703125 0.911716171875 0.133796296875 0.9290429046875 0.133796296875 0.9521452140625 0.1268518515625 0.985973596875 0.128240740625 0.9991749171875 0.15879629687500002 0.9991749171875
4 0.13282326093750002 0.1438153609375 0.13332448125000002 0.1357759921875 0.10826348906250001 0.15632104375 0.09924153125 0.15542778125 0.0862098140625 0.1732930421875 0.06666224062500001 0.2233157765625 0.07618541875 0.22242251406250002 0.0937281125 0.23135514375000002 0.10174763125 0.2599395640625 0.10625860937500001 0.2536867234375 0.11277446718749999 0.2554732484375 0.12730984375 0.23760798749999998 0.1578842546875 0.2599395640625 0.15988913437500002 0.3233612453125 0.1654025515625 0.4100077671875 0.1608915734375 0.4484180796875 0.15487693593750002 0.495761025 0.1363318 0.510946496875 0.16490133125 0.518985865625 0.21051233906250003 0.528811759375 0.2075050203125 0.4707496578125 0.20650257968750002 0.4564574484375 0.20800623906250001 0.3921425046875 0.2090086796875 0.3698109265625 0.2260501546875 0.3751705046875 0.23657577187499998 0.3206814546875 0.22705259375 0.21170335625 0.2120159984375 0.1831189375 0.188458665625 0.161680621875 0.1794367078125 0.1536412546875 0.1794367078125 0.1402423078125 0.1608915734375 0.1715065171875 0.14585497812499998 0.1902650421875 0.1408427796875 0.1732930421875 0.13282326093750002 0.15721430625 0.13232204218750002 0.1500682015625 0.13282326093750002 0.1438153609375
3 0.16953125 0.24609375 0.02578125 0.0359375
2 0.16640625 0.41953125 0.021875 0.0609375
1 0.54444444375 0.657590759375 0.547222221875 0.678217821875 0.5495370375 0.682343234375 0.559352740625 0.6819958765624999 0.559352740625 0.67529650625 0.56361304375 0.6770830046875 0.5675925921875 0.6732673265625 0.57188304375 0.6440327781249999 0.58101851875 0.6072607265625 0.5799024375 0.580612075 0.58115546875 0.5703397078125 0.5804036499999999 0.5614072140624999 0.58115546875 0.5359496078125 0.5629629625 0.5330033000000001 0.553703703125 0.5420792078125001 0.547222221875 0.5404290421875 0.5453703703125 0.5288778875 0.5379629625 0.5280528046875 0.5370370375 0.541254125 0.540277778125 0.5643564359375 0.5445669828125 0.6011568109375001 0.54444444375 0.657590759375
0 0.559259259375 0.708745875 0.5599945328125 0.69619691875 0.5481481484375 0.6971947187499999 0.5481481484375 0.7062706265625 0.5504629624999999 0.711221121875 0.55694444375 0.7120462046875 0.559259259375 0.708745875
0 0.5601851859375 0.7021452140625 0.56805555625 0.7021452140625 0.570137134375 0.68962385625 0.55937983125 0.6907193656249999 0.5601851859375 0.7021452140625
1 0.41157407343749997 0.6650165015625 0.4236111109375 0.6716171609375 0.427777778125 0.657590759375 0.42692424375 0.6127665109375 0.42849629531250005 0.6135669906250001 0.43433534218750003 0.6403830296875 0.4395006546875 0.6383818328124999 0.43882691874999996 0.6575933234375 0.4473609109375 0.65919428125 0.4481481484375 0.5404290421875 0.43101851875 0.538778878125 0.4268518515625 0.5321782171875 0.425 0.5214521453125001 0.42129629687500003 0.5148514843750001 0.4125 0.506600659375 0.409259259375 0.510726071875 0.4106481484375 0.5544554453125 0.40833333281249995 0.5833333328125 0.41232662343750004 0.6523902109375 0.41157407343749997 0.6650165015625
0 0.4240740734375 0.669966996875 0.415277778125 0.6691419140625 0.41111111093749997 0.67656765625 0.41018518593750003 0.6856435640625 0.42083333281249996 0.6856435640625 0.4236111109375 0.682343234375 0.4240740734375 0.669966996875
0 0.447222221875 0.6567656765625001 0.4388888890625 0.66006600625 0.4393518515625 0.6773927390625001 0.4453703703125 0.6790429046875001 0.45046296249999995 0.6732673265625 0.447222221875 0.6567656765625001