4 0.6375 0.60390625 0.259375 0.1953125
4 0.49296875 0.6671875 0.171875 0.09375
4 0.515625 0.7390625 0.2671875 0.1703125
1 0.3203125 0.80078125 0.2109375 0.0984375
1 0.39140625 0.17421875 0.3828125 0.209375
1 0.36953125 0.37578125 0.31875 0.1828125
1 0.30390625 0.53828125 0.3390625 0.18125
1 0.29921875 0.69296875 0.2515625 0.125
0 0.20390625 0.70546875 0.075 0.0359375
0 0.171875 0.65625 0.040625 0.0375
0 0.15234375 0.54375 0.0578125 0.0421875
0 0.1453125 0.4625 0.0578125 0.0484375
0 0.24296875 0.3984375 0.0671875 0.0390625
0 0.2453125 0.284375 0.0609375 0.065625
0 0.2578125 0.60390625 0.0328125 0.03125
0 0.2640625 0.64921875 0.040625 0.0234375
0 0.209375 0.76953125 0.0296875 0.025
0 0.20234375 0.784375 0.01875 0.015625
0 0.253125 0.2046875 0.1109375 0.0546875
0 0.22421875 0.07578125 0.06875 0.084375
3 0.675 0.5828125 0.0234375 0.015625
3 0.58359375 0.725 0.0203125 0.0140625
3 0.534375 0.6640625 0.0171875 0.0109375
4 0.48359375 0.84140625 0.1484375 0.103125
3 0.53359375 0.83984375 0.009375 0.0078125
2 0.4640625 0.83359375 0.034375 0.0203125
4 0.71953125 0.2359375 0.375 0.2265625
4 0.6359375 0.43046875 0.303125 0.1890625