4 0.54140625 0.40234375 0.1265625 0.33828125
4 0.08515625 0.4125 0.1171875 0.2421875
4 0.3515625 0.4296875 0.09296875 0.22265625
1 0.06328125 0.640625 0.1203125 0.24765625
1 0.34765625 0.615625 0.07578125 0.18671875
1 0.52109375 0.73125 0.10625 0.4015625
4 0.62109375 0.42578125 0.05390625 0.25859375
0 0.090625 0.7609375 0.05078125 0.06015625
0 0.334375 0.709375 0.021875 0.059375
0 0.35078125 0.7328125 0.0234375 0.053125
0 0.4109375 0.721875 0.0359375 0.04140625
0 0.56875 0.8734375 0.03359375 0.0671875
0 0.4796875 0.7 0.0171875 0.02734375
1 0.40703125 0.61015625 0.04765625 0.190625
3 0.090625 0.34375 0.0109375 0.02421875
3 0.37109375 0.384375 0.009375 0.02109375
3 0.61171875 0.328125 0.0125 0.02109375
3 0.57578125 0.3296875 0.0140625 0.0265625