4 0.584375 0.3484375 0.1171875 0.24765625
4 0.44453125 0.359375 0.13828125 0.28046875
3 0.46328125 0.29140625 0.0140625 0.02578125
3 0.60390625 0.30078125 0.0140625 0.01953125
1 0.58203125 0.56796875 0.075 0.2078125
1 0.4328125 0.60546875 0.07421875 0.2546875
1 0.28046875 0.5890625 0.12890625 0.33046875
0 0.253125 0.775 0.03984375 0.08125
0 0.29609375 0.77890625 0.0546875 0.0875
0 0.421875 0.74609375 0.0421875 0.06328125
0 0.4515625 0.72890625 0.03125 0.05625
0 0.5671875 0.7015625 0.04296875 0.046875
0 0.6 0.66015625 0.0421875 0.08359375
0 0.36484375 0.65078125 0.05234375 0.04453125