4 0.77109375 0.40234375 0.4578125 0.2359375
4 0.9122217234375001 0.5140868359375 0.8462736421875 0.5185627562499999 0.8354879796875 0.5323844640625001 0.8215662171875 0.5412718921875 0.8218326921875001 0.5463565640625 0.830921225 0.5550578015625 0.8283180765625 0.5602928640625 0.8474502968750001 0.568467734375 0.9077657203125 0.5663264640625 0.9299232906249999 0.5498693218749999 0.9292837484375 0.5376661109375 0.9289639765625 0.53156450625 0.927156096875 0.524521159375 0.9122217234375001 0.5140868359375
4 0.5390625 0.56796875 0.5671875 0.3140625
1 0.28984375 0.42421875 0.5796875 0.2140625
1 0.16015625 0.55390625 0.3203125 0.3484375
0 0.06796875 0.51328125 0.121875 0.0578125
4 0.54921875 0.75390625 0.4953125 0.1890625
2 0.45390625 0.72109375 0.0765625 0.0390625
2 0.41015625 0.58359375 0.1 0.05625
2 0.68671875 0.240625 0.0609375 0.034375
2 0.67265625 0.4234375 0.0984375 0.0296875
3 0.66796875 0.51328125 0.0578125 0.040625
3 0.90859375 0.390625 0.0453125 0.03125
4 0.27109375 0.103125 0.5421875 0.20625
3 0.20625 0.07890625 0.065625 0.0328125
1 0.16796875 0.76171875 0.315625 0.1328125