4 0.1171875 0.63125 0.125 0.2109375
4 0.24921875 0.6171875 0.13984375 0.2421875
4 0.38359375 0.5859375 0.0625 0.13984375
4 0.5359375 0.7484375 0.08671875 0.1484375
4 0.6109375 0.74609375 0.08671875 0.1515625
4 0.81796875 0.63359375 0.12421875 0.17265625
4 0.73125 0.615625 0.0765625 0.16953125
4 0.65546875 0.5953125 0.08515625 0.153125
4 0.5265625 0.6109375 0.08125 0.15
3 0.83984375 0.60390625 0.0171875 0.0234375
3 0.62421875 0.71953125 0.0140625 0.01953125
3 0.53671875 0.575 0.01015625 0.01328125
4 0.56328125 0.5546875 0.0125 0.01796875
3 0.15703125 0.6 0.01171875 0.02578125
3 0.28203125 0.56875 0.01484375 0.01953125
3 0.7578125 0.5875 0.0125 0.02265625
3 0.771875 0.51875 0.0125 0.01328125
3 0.55625 0.725 0.00703125 0.0140625
3 0.41015625 0.553125 0.009375 0.01328125
3 0.35 0.51015625 0.009375 0.01484375
0 0.2796875 0.92578125 0.046875 0.0640625
0 0.2921875 0.88359375 0.03046875 0.046875
0 0.340625 0.8640625 0.05703125 0.04375
0 0.43359375 0.85703125 0.02421875 0.0453125
0 0.45546875 0.85546875 0.02421875 0.03828125
1 0.3234375 0.75234375 0.059375 0.1859375
0 0.36328125 0.8296875 0.01796875 0.0328125
0 0.39765625 0.8265625 0.0265625 0.03359375
1 0.45 0.7484375 0.0703125 0.1953125
1 0.38203125 0.7328125 0.05234375 0.16171875
1 0.240625 0.815625 0.08671875 0.17890625
1 0.65703125 0.7515625 0.05703125 0.175
2 0.64765625 0.65 0.01640625 0.03828125
2 0.734375 0.6328125 0.01953125 0.0296875