1 0.20546875 0.34296875 0.3875 0.18125
1 0.18125 0.16796875 0.3625 0.1828125
1 0.31875 0.78984375 0.290625 0.159375
0 0.14296875 0.7890625 0.0640625 0.05625
0 0.16328125 0.825 0.0578125 0.040625
0 0.01796875 0.403125 0.0359375 0.05625
0 0.0046875 0.18359375 0.009375 0.0578125
0 0.065625 0.23984375 0.1140625 0.0703125
4 0.5484375 0.30390625 0.3484375 0.2609375
4 0.4796875 0.12109375 0.2875 0.2234375
3 0.53203125 0.078125 0.034375 0.0328125
3 0.62421875 0.2265625 0.0296875 0.0296875
4 0.58046875 0.7421875 0.2859375 0.2078125
3 0.61484375 0.69296875 0.0265625 0.025