1 0.31171875 0.45 0.1625 0.29375
1 0.9109375 0.4078125 0.128125 0.2453125
1 0.75546875 0.46171875 0.1046875 0.221875
1 0.596875 0.4359375 0.0796875 0.1703125
0 0.934375 0.2578125 0.04375 0.040625
0 0.890625 0.26953125 0.0296875 0.0328125
0 0.73828125 0.30859375 0.0484375 0.0375
0 0.71953125 0.33203125 0.0484375 0.0421875
0 0.5828125 0.3359375 0.0359375 0.0328125
0 0.3828125 0.309375 0.0796875 0.1296875
0 0.2375 0.26328125 0.115625 0.0609375
4 0.35078125 0.71328125 0.1640625 0.321875
4 0.61171875 0.58984375 0.1140625 0.15
4 0.77265625 0.65 0.125 0.1828125
4 0.92109375 0.596875 0.1578125 0.209375
3 0.89921875 0.64140625 0.0140625 0.0234375
3 0.74765625 0.696875 0.0109375 0.0125
2 0.91484375 0.5359375 0.03125 0.0390625