4 0.5578125 0.40703125 0.26875 0.1890625
3 0.61484375 0.3859375 0.0265625 0.03125
4 0.528125 0.534375 0.234375 0.1203125
3 0.5890625 0.51171875 0.0265625 0.021875
1 0.3125 0.08671875 0.3 0.128125
0 0.146875 0.04921875 0.028125 0.034375
0 0.16015625 0.084375 0.034375 0.0359375
1 0.32265625 0.40078125 0.275 0.134375
1 0.2796875 0.790625 0.278125 0.121875
1 0.30078125 0.91796875 0.1796875 0.0921875
3 0.52578125 0.73984375 0.01875 0.0140625
4 0.459375 0.93515625 0.18125 0.1296875
3 0.4890625 0.915625 0.0125 0.0109375
2 0.4203125 0.91953125 0.0359375 0.0234375
4 0.5203125 0.628125 0.2609375 0.1765625
2 0.48046875 0.60859375 0.059375 0.0296875
0 0.20859375 0.884375 0.03125 0.034375
0 0.22578125 0.83984375 0.0453125 0.034375
0 0.2546875 0.71015625 0.059375 0.05
0 0.15078125 0.765625 0.0328125 0.0484375
0 0.1625 0.63125 0.0640625 0.0390625
0 0.14140625 0.55859375 0.04375 0.0484375
0 0.16953125 0.49609375 0.0578125 0.053125
0 0.19609375 0.5359375 0.0625 0.03125
0 0.19609375 0.42578125 0.0765625 0.0515625
0 0.16875 0.378125 0.0609375 0.04375
1 0.28984375 0.590625 0.2734375 0.165625
4 0.5796875 0.11875 0.2734375 0.184375
3 0.65390625 0.0796875 0.028125 0.021875
2 0.5109375 0.39609375 0.0484375 0.0359375
2 0.51640625 0.1046875 0.053125 0.03125