4 0.5140523328125 0.32357660625 0.5140523328125 0.35117913125 0.5468745703125 0.38098986562500003 0.5557007359374999 0.3769414875 0.54577131875 0.48123533281249997 0.5446680453125 0.5548420640625 0.587143909375 0.5649214421875 0.6693374421875 0.5748583390625 0.6853348515625 0.555352571875 0.672923075 0.4037227078125 0.709055153125 0.38200870937500003 0.7087793203125 0.3047907078125 0.69691916875 0.26136273125 0.664924390625 0.23707251875000002 0.6464445999999999 0.22676756875 0.613898175 0.28381278593750003 0.604796196875 0.25216188906250003 0.604520384375 0.2263995359375 0.5686641390625 0.2286077359375 0.5714509640625 0.22905855156250002 0.558734721875 0.23745673125 0.545219671875 0.249233825 0.5209477640625 0.299286390625 0.5140523328125 0.32357660625
3 0.64453125 0.32890625 0.0234375 0.02890625
4 0.35810775 0.295919546875 0.35056080624999997 0.281758384375 0.34112713906250003 0.2600445859375 0.33971209375 0.244939340625 0.342542203125 0.233610403125 0.3371178390625 0.23990425625 0.3340518890625 0.2487156546875 0.3250899171875 0.25312134999999997 0.3003265421875 0.25972989687500003 0.28735524218749997 0.27357637343749996 0.28334594062499996 0.2845906171875 0.279808315625 0.3044162515625 0.275563159375 0.3242418875 0.2663653390625 0.356025853125 0.2585825671875 0.39410366093750004 0.25834671875000004 0.4016562890625 0.26188434374999997 0.4003975140625 0.2677803859375 0.404488528125 0.28311009375 0.40322975312500003 0.29395881562500004 0.4066913671875 0.2960813859375 0.4961748453125 0.29560970000000003 0.60091304375 0.3059867453125 0.6075215859374999 0.32909921875000003 0.6144448375 0.36117368125 0.6157036140625001 0.36919230000000003 0.6119272875 0.37461666562499996 0.6112979109375 0.4017384578125 0.588640025 0.4177756796875 0.5024326984374999 0.42154916093750006 0.4332003125 0.422256675 0.42344485 0.4359354984375 0.4196685234375 0.45527450781249995 0.4105424375 0.4736701640625 0.39858411875 0.45032187187500006 0.3289982765625 0.4356996609375 0.2733724171875 0.41871905 0.262672875 0.395842415625 0.245994153125 0.38454512812499997 0.24146360156250002 0.3854653796875 0.2524919625 0.3805127078125 0.27735268281250003 0.367305578125 0.305989715625 0.35810775 0.295919546875
3 0.3921875 0.3578125 0.02421875 0.03203125
2 0.6125 0.49453125 0.0296875 0.06171875
0 0.575485325 0.8759501671875001 0.5687577046875 0.8989779828125 0.5629075875 0.9145900578124999 0.5570574703125 0.92083488125 0.5553024390625 0.9325439375 0.5588125015625 0.9442529937499999 0.570512734375 0.947765715625 0.5851380265625 0.9481560124999999 0.59537573125 0.9387887625 0.5983007890625001 0.9204445859374999 0.6067834859375 0.9099064468750001 0.6073684874999999 0.8989779828125 0.609485471875 0.8750697875 0.6086162484375001 0.8643992656249999 0.6054870375 0.8602238468750001 0.6038329546875 0.869960246875 0.603565903125 0.8814143984375 0.5994708390625 0.8814143984375 0.5868930796875 0.8732180656249999 0.575485325 0.8759501671875001
0 0.640658353125 0.9430104953124999 0.651958259375 0.945098190625 0.6667350484375001 0.9413867109374999 0.6815118484375 0.94185065625 0.680468796875 0.9288604484375 0.6764703625 0.9177260078125 0.671255021875 0.912854696875 0.6681258109375 0.901024328125 0.6632581531249999 0.887802165625 0.6571735890625 0.883394775 0.65230594375 0.8829308375 0.6456998390625001 0.88873003125 0.6427244187500001 0.890001915625 0.6380506828125 0.886874290625 0.6368337609375 0.8942972609375 0.6373553000000001 0.9346596421875001 0.640658353125 0.9430104953124999
1 0.3572282109375 0.8341538093749999 0.3615975328125 0.73616784375 0.367346634375 0.6965842 0.371485978125 0.7909077359375 0.3751654 0.8872460328124999 0.38206432343749996 0.8872460328124999 0.3970119890625 0.875278878125 0.40322103125000003 0.861470628125 0.407360375 0.8485829375 0.4057506328125 0.8203527578124999 0.42299795781249994 0.7488080859374999 0.4280571609375 0.7303970859375 0.42874706093750004 0.713520334375 0.42253800156250004 0.7040079890625 0.42529759843750004 0.6925213593749999 0.42874706093750004 0.66735965625 0.42621744218749996 0.6032136718750001 0.41333945468750005 0.5995314765625 0.3997715703125 0.590939678125 0.37447551875 0.6120501703125 0.3519390296875 0.6178803171875 0.3156047125 0.6126638640625 0.29743754375 0.604685765625 0.3114653515625 0.772470640625 0.3275628390625 0.8813466078125 0.33170219843750004 0.8917795015625 0.3254931578125 0.9043603578124999 0.3294025578125 0.9160206562500001 0.33170219843750004 0.9279878 0.36202399218750003 0.9289035906249999 0.36964627656250004 0.893068990625 0.3622874140625 0.8654524890624999 0.3572282109375 0.8341538093749999
0 0.3802579015625 0.9009974218749999 0.3810250953125 0.9197650218750001 0.3840938359375 0.929319459375 0.3917657046875 0.942968621875 0.40199486406249996 0.942968621875 0.41401411875000005 0.9392150812500001 0.4160599578125 0.9170351906249999 0.417082878125 0.9009974218749999 0.40941100781250006 0.8784762953125 0.40322411562499993 0.8620359656250001 0.3979032046875 0.8781350703124999 0.3835823859375 0.8900780890625001 0.37872353125 0.8870070218749999 0.3802579015625 0.9009974218749999
0 0.3492202859375 0.9653204828125 0.3656174015625 0.9646640968750001 0.368568875 0.9559123734374999 0.3662732890625 0.9469418624999999 0.3621740109375 0.9364398140624999 0.35905855625 0.93075118125 0.3469246875 0.9309699703125001 0.3349547890625 0.929219628125 0.328858109375 0.9312931593749999 0.3265922625 0.9565687593750001 0.32855992343749996 0.9620385859375 0.3346268515625 0.96597686875 0.3492202859375 0.9653204828125
1 0.575866878125 0.8763189921875 0.6035818140625 0.858388746875 0.61114040625 0.7334375328125 0.6178591671875 0.6426658234375 0.6308768015624999 0.7093438046875 0.6359158640625 0.88528409375 0.6657303812500001 0.8864047156250001 0.6728690578125 0.7995552359375 0.677908184375 0.690292959375 0.672029225 0.5771084328125 0.62247834375 0.5754274796875001 0.58006610625 0.5647814125 0.5571208000000001 0.56643065625 0.570827815625 0.6841294328124999 0.566208671875 0.732877221875 0.5725075140625 0.8124425765625001 0.575866878125 0.8763189921875