1 0.61328125 0.48125 0.3640625 0.19375
1 0.70234375 0.6296875 0.4140625 0.221875
4 0.31328125 0.7640625 0.55 0.346875
3 0.2140625 0.77265625 0.065625 0.0484375
4 0.259375 0.56171875 0.45625 0.303125
2 0.35859375 0.4984375 0.0640625 0.0390625
3 0.19453125 0.59453125 0.05 0.046875
0 0.8265625 0.46953125 0.0953125 0.0609375
0 0.709375 0.4375 0.0734375 0.06875
0 0.9109375 0.5265625 0.109375 0.09375
0 0.78671875 0.553125 0.05 0.0546875
2 0.371875 0.66171875 0.0875 0.0390625
0 0.98671875 0.7609375 0.0265625 0.19375
0 0.6953125 0.0640625 0.1125 0.128125