4 0.425 0.14609375 0.1 0.1703125
4 0.5140625 0.14609375 0.1125 0.1765625
1 0.53046875 0.32734375 0.109375 0.1859375
1 0.47890625 0.2921875 0.090625 0.1703125
1 0.41640625 0.27421875 0.0765625 0.13125
1 0.32890625 0.33828125 0.1203125 0.221875
1 0.68359375 0.41953125 0.3109375 0.38125
0 0.74609375 0.6421875 0.115625 0.1046875
0 0.5078125 0.57421875 0.115625 0.0921875
0 0.54453125 0.4140625 0.0609375 0.0421875
0 0.4953125 0.41953125 0.0609375 0.04375
0 0.47734375 0.38046875 0.0265625 0.0296875
0 0.44375 0.36640625 0.0453125 0.0390625
0 0.4171875 0.34375 0.03125 0.034375
0 0.39140625 0.3328125 0.040625 0.0375
0 0.33125 0.4546875 0.078125 0.0609375
0 0.2921875 0.4390625 0.0296875 0.034375
3 0.42265625 0.11171875 0.0109375 0.0140625
3 0.5125 0.1046875 0.0078125 0.0109375
2 0.4328125 0.1453125 0.0140625 0.0234375
4 0.5546875 0.18984375 0.128125 0.203125
3 0.5875 0.16796875 0.009375 0.0140625