1 0.6890625 0.4015625 0.2015625 0.30625
1 0.1078125 0.5359375 0.1625 0.2546875
1 0.27109375 0.5421875 0.1375 0.23125
1 0.4140625 0.47265625 0.1046875 0.1765625
0 0.0421875 0.4015625 0.0484375 0.0453125
0 0.08671875 0.4 0.034375 0.0375
0 0.24296875 0.39296875 0.053125 0.04375
0 0.2671875 0.40859375 0.0515625 0.046875
0 0.3984375 0.3734375 0.040625 0.0375
0 0.58046875 0.28984375 0.0984375 0.1375
0 0.7046875 0.203125 0.121875 0.0765625
4 0.728125 0.66484375 0.20625 0.334375
4 0.44453125 0.62265625 0.1328125 0.1625
4 0.309375 0.72578125 0.146875 0.1953125
4 0.15234375 0.71953125 0.184375 0.2265625
3 0.18671875 0.75546875 0.0171875 0.021875
3 0.34609375 0.7640625 0.0125 0.0140625
2 0.14140625 0.65859375 0.034375 0.0421875