4 0.10703125 0.40546875 0.121875 0.321875
4 0.2328125 0.384375 0.1234375 0.31328125
4 0.5453125 0.4296875 0.146875 0.2828125
1 0.5515625 0.67578125 0.121875 0.29140625
1 0.23515625 0.684375 0.1125 0.2859375
1 0.10546875 0.69765625 0.103125 0.30234375
1 0.41015625 0.6484375 0.06796875 0.19765625
0 0.0796875 0.85625 0.05390625 0.05234375
0 0.1625 0.7984375 0.03515625 0.1125
0 0.20546875 0.8640625 0.06171875 0.06875
0 0.27890625 0.796875 0.04140625 0.12109375
0 0.5234375 0.796875 0.03359375 0.07109375
0 0.553125 0.84375 0.04140625 0.065625
0 0.3859375 0.73125 0.0296875 0.03984375
0 0.41484375 0.7765625 0.0328125 0.04296875
0 0.2875 0.72578125 0.02421875 0.0375
0 0.315625 0.7328125 0.01796875 0.03984375
2 0.32578125 0.4609375 0.0125 0.03125
2 0.54375 0.428125 0.02265625 0.04609375
2 0.07890625 0.4484375 0.021875 0.04375
3 0.1078125 0.32890625 0.01484375 0.0234375
3 0.24296875 0.31953125 0.01484375 0.0265625
3 0.57109375 0.3625 0.01328125 0.02734375