4 0.6453125 0.11171875 0.3453125 0.1515625
4 0.6578125 0.24453125 0.3359375 0.1515625
4 0.5875 0.56796875 0.30625 0.1734375
1 0.32890625 0.55625 0.3140625 0.1484375
1 0.34375 0.225 0.3078125 0.1390625
1 0.3390625 0.08828125 0.3234375 0.13125
1 0.36875 0.4109375 0.2125 0.0859375
0 0.17578125 0.05 0.0578125 0.059375
0 0.2296875 0.140625 0.1203125 0.0453125
0 0.15859375 0.1796875 0.0765625 0.0703125
0 0.22265625 0.2625 0.1296875 0.053125
0 0.2046875 0.51796875 0.0765625 0.040625
0 0.15390625 0.5453125 0.071875 0.0484375
0 0.28359375 0.37890625 0.04375 0.034375
0 0.23515625 0.40625 0.0453125 0.0375
0 0.29609375 0.2765625 0.0421875 0.028125
0 0.28828125 0.30546875 0.04375 0.021875
2 0.57109375 0.33671875 0.034375 0.0140625
2 0.5890625 0.56640625 0.05 0.0265625
2 0.60234375 0.07890625 0.0484375 0.025
3 0.725 0.11796875 0.0265625 0.0171875
3 0.72578125 0.26015625 0.0296875 0.0171875
3 0.65703125 0.59921875 0.0296875 0.015625