4 0.053125 0.3125 0.10625 0.6015625
4 0.18828125 0.37578125 0.10546875 0.4203125
4 0.32421875 0.45234375 0.13046875 0.5984375
4 0.60234375 0.36328125 0.14140625 0.62265625
4 0.72734375 0.4 0.14375 0.5859375
2 0.96796875 0.56171875 0.02109375 0.103125
2 0.90234375 0.54140625 0.025 0.1
2 0.80390625 0.40390625 0.021875 0.09375
3 0.7453125 0.2328125 0.0171875 0.0484375
3 0.61484375 0.22734375 0.01796875 0.04296875
2 0.5734375 0.5125 0.0203125 0.1
2 0.71015625 0.4859375 0.02734375 0.11484375
2 0.44609375 0.56328125 0.01953125 0.08984375
3 0.34609375 0.31796875 0.0171875 0.0546875
4 0.2359375 0.28125 0.09921875 0.53515625
3 0.19609375 0.259375 0.01640625 0.04375
3 0.06953125 0.18515625 0.021875 0.05625
2 0.03359375 0.346875 0.0171875 0.0796875
2 0.16328125 0.503125 0.01796875 0.08359375
2 0.32109375 0.56796875 0.02265625 0.10390625