4 0.6828125 0.60703125 0.0796875 0.165625
3 0.70234375 0.565625 0.0125 0.01953125
1 0.6796875 0.778125 0.06484375 0.225
0 0.6796875 0.89765625 0.01796875 0.02421875
0 0.69921875 0.88125 0.021875 0.034375
1 0.5234375 0.78515625 0.06328125 0.178125
1 0.478125 0.7484375 0.03359375 0.171875
1 0.58671875 0.7765625 0.05625 0.17578125
0 0.4703125 0.85 0.01484375 0.0265625
0 0.4859375 0.83828125 0.015625 0.0203125
0 0.5 0.8953125 0.02578125 0.04296875
0 0.5359375 0.88125 0.01796875 0.03828125
0 0.58828125 0.875 0.01484375 0.04375
0 0.609375 0.88359375 0.0234375 0.04375
4 0.58203125 0.60703125 0.0671875 0.17890625
4 0.52578125 0.61171875 0.08046875 0.19375