1 0.41274509843749996 0.4248046875 0.4088235296875 0.4228515625 0.3850490203125 0.4287109375 0.3747549015625 0.4296875 0.361274509375 0.4293619796875 0.33823529375 0.423828125 0.3352941171875 0.4241536453125 0.334313725 0.42578125 0.3330882359375 0.435546875 0.3379901953125 0.4749348953125 0.35147058750000004 0.5465494796875 0.3536764703125 0.5719401046875 0.359068628125 0.59765625 0.3595588234375 0.607421875 0.3649509796875 0.6171875 0.36911764687500004 0.6204427078125 0.392647059375 0.6155598953125 0.3970588234375 0.611328125 0.40392156874999996 0.6083984375 0.40931372499999996 0.5992838546875 0.40955882343749994 0.5908203125 0.40759803906250003 0.5810546875 0.403431371875 0.533203125 0.41372549062499997 0.451171875 0.414460784375 0.4309895828125 0.41274509843749996 0.4248046875
1 0.5345588234374999 0.48828125 0.491789215625 0.4866536453125 0.46225490156250004 0.4775390625 0.4543144375 0.5366020484375 0.4899509796875 0.6064453125 0.48997374687499995 0.6069903328125 0.496568628125 0.6298828125 0.498774509375 0.6461588546875 0.5022058828125 0.6507161453125 0.5213235296875001 0.6634114578125 0.52426470625 0.658203125 0.5274509796875 0.6305338546875 0.530882353125 0.615234375 0.5377450984375 0.5514322921875 0.5377450984375 0.5013020828125 0.5389705874999999 0.4977213546875 0.538725490625 0.4905598953125 0.5345588234374999 0.48828125
4 0.5578431375 0.306640625 0.55392156875 0.2994791671875 0.5227941171875 0.2721354171875 0.521568628125 0.2688802078125 0.5181372546875 0.2701822921875 0.505147059375 0.2874348953125 0.4954248359375 0.2903645828125 0.490196078125 0.2864583328125 0.48774509843749997 0.2822265625 0.48235294062499995 0.2789713546875 0.4705882359375 0.2867838546875 0.459068628125 0.2998046875 0.45514705937500005 0.3089192703125 0.45147058749999996 0.3268229171875 0.44142156874999994 0.3528645828125 0.44019607812499995 0.359375 0.44117647031249996 0.3619791671875 0.4458333328125 0.3662109375 0.46348039218750003 0.3746744796875 0.4669117640625 0.3844401046875 0.46764705937500006 0.4026692703125 0.46642156874999996 0.4104817703125 0.4661764703125 0.4326171875 0.463725490625 0.4430338546875 0.46225490156250004 0.4576822921875 0.4627450984375 0.4742838546875 0.46421568593750007 0.4765625 0.4747549015625 0.4840494796875 0.4811274515625 0.4820963546875 0.48578431406249994 0.4860026046875 0.53357843125 0.48828125 0.5372549015625 0.4860026046875 0.539460784375 0.4723307296875 0.5404411765625 0.4547526046875 0.5431372546875 0.4420572921875 0.5446078437499999 0.4388020828125 0.5439534328125 0.43623356874999997 0.5439534328125 0.4301506296875 0.5442805828124999 0.42102622343749996 0.54607843125 0.3968098953125 0.544852940625 0.3815104171875 0.5509803921875001 0.375 0.5627450984375 0.3697916671875 0.5666666671875 0.365234375 0.5666666671875 0.3610026046875 0.5634803921875 0.3517252609375 0.5615196078125 0.3225911453125 0.5578431375 0.306640625
4 0.42450980468750005 0.2945963546875 0.4205882359375 0.287109375 0.396568628125 0.2659505203125 0.3924019609375 0.2685546875 0.3877450984375 0.2799479171875 0.3813725484375 0.2874348953125 0.37696078437499997 0.2900390625 0.3727941171875 0.2877604171875 0.3708333328125 0.2750651046875 0.368382353125 0.2679036453125 0.353431371875 0.2711588546875 0.34068627500000004 0.2786458328125 0.33627450937500003 0.2880859375 0.3232843140625 0.326171875 0.3232843140625 0.330078125 0.3294117640625 0.3346354171875 0.3392156859375 0.3388671875 0.343382353125 0.3450520828125 0.340931371875 0.3642578125 0.33039215624999996 0.4046223953125 0.3294117640625 0.4104817703125 0.3299019609375 0.416015625 0.3379901953125 0.4231770828125 0.3453431375 0.4261067703125 0.367647059375 0.4300130203125 0.3892156859375 0.4280598953125 0.4044117640625 0.4225260421875 0.41200980468750004 0.4215494796875 0.4161764703125 0.408203125 0.4161764703125 0.3990885421875 0.4129901953125 0.3844401046875 0.40833333281249995 0.3834635421875 0.394117646875 0.373046875 0.396568628125 0.3675130203125 0.409068628125 0.357421875 0.40955882343749994 0.3531901046875 0.41151960781249997 0.3499348953125 0.430882353125 0.3414713546875 0.43161764687500004 0.3372395828125 0.4291666671875 0.3264973953125 0.4286764703125 0.3098958328125 0.42450980468750005 0.2945963546875
3 0.47265625 0.3234375 0.01171875 0.0171875
3 0.353125 0.30234375 0.01015625 0.01328125
2 0.35625 0.38359375 0.015625 0.02578125
0 0.4850490203125 0.6149088546875 0.4794117640625 0.611328125 0.46666666718750005 0.6149088546875 0.45490196093749996 0.6461588546875 0.45514705937500005 0.6510416671875 0.457352940625 0.6578776046875 0.48259803906250004 0.658203125 0.48210784375 0.6572265625 0.486274509375 0.6468098953125 0.4865196078125 0.62109375 0.4850490203125 0.6149088546875
0 0.498039215625 0.6461588546875 0.49509803906250005 0.6477864578125 0.493382353125 0.6520182296875 0.48455882343749995 0.6572265625 0.48333333281249996 0.6663411453125 0.484068628125 0.669921875 0.48676470624999996 0.6735026046875 0.5004901953124999 0.6868489578125 0.5063725484375 0.689453125 0.513725490625 0.6861979171875 0.51960784375 0.6686197921875 0.5223039218750001 0.6656901046875 0.5225490203125001 0.6614583328125 0.498039215625 0.6461588546875
0 0.396568628125 0.61328125 0.388725490625 0.6142578125 0.3828431375 0.62109375 0.3811274515625 0.6389973953125 0.3838235296875 0.6432291671875 0.3970588234375 0.64453125 0.401225490625 0.642578125 0.40196078437500005 0.634765625 0.3970588234375 0.6149088546875 0.396568628125 0.61328125
0 0.377761428125 0.6187217140625 0.366638340625 0.61828721875 0.366311190625 0.6208941921875 0.36500259218750003 0.6269771296875 0.35976819843749996 0.6356670421875 0.35878675000000004 0.641315484375 0.3594410484375 0.6491364046875 0.372527034375 0.6534813609375 0.38037862499999997 0.6452259453125 0.382995821875 0.6187217140625 0.377761428125 0.6187217140625