4 0.5686641390625 0.7713922640625 0.604520384375 0.7736004640624999 0.604796196875 0.7478381109375001 0.613898175 0.7161872140625001 0.6464445999999999 0.7732324312500001 0.664924390625 0.76292748125 0.69691916875 0.73863726875 0.7087793203125 0.6952092921874999 0.709055153125 0.617991290625 0.672923075 0.5962772921874999 0.6853348515625 0.444647428125 0.6693374421875 0.4251416609375 0.587143909375 0.43507855781250004 0.5446680453125 0.44515793593749997 0.54577131875 0.5187646671875 0.5557007359374999 0.6230585125 0.5468745703125 0.6190101343750001 0.5140523328125 0.64882086875 0.5140523328125 0.67642339375 0.5209477640625 0.7007136093749999 0.545219671875 0.750766175 0.558734721875 0.76254326875 0.5714509640625 0.7709414484375 0.5686641390625 0.7713922640625
3 0.64453125 0.67109375 0.0234375 0.02890625
4 0.395842415625 0.7540058468749999 0.41871905 0.737327125 0.4356996609375 0.7266275828125 0.45032187187500006 0.6710017234375 0.4736701640625 0.60141588125 0.45527450781249995 0.5894575625 0.4359354984375 0.5803314765625001 0.422256675 0.57655515 0.42154916093750006 0.5667996875 0.4177756796875 0.49756730156250006 0.4017384578125 0.411359975 0.37461666562499996 0.38870208906250003 0.36919230000000003 0.38807271249999997 0.36117368125 0.38429638593750004 0.32909921875000003 0.3855551625 0.3059867453125 0.3924784140625 0.29560970000000003 0.39908695625 0.2960813859375 0.5038251546875 0.29395881562500004 0.5933086328125 0.28311009375 0.596770246875 0.2677803859375 0.595511471875 0.26188434374999997 0.5996024859375 0.25834671875000004 0.5983437109375 0.2585825671875 0.6058963390625001 0.2663653390625 0.643974146875 0.275563159375 0.6757581125 0.279808315625 0.6955837484375 0.28334594062499996 0.7154093828125 0.28735524218749997 0.7264236265624999 0.3003265421875 0.7402701031250001 0.3250899171875 0.74687865 0.3340518890625 0.7512843453125 0.3371178390625 0.76009574375 0.342542203125 0.7663895968750001 0.33971209375 0.755060659375 0.34112713906250003 0.7399554140625 0.35056080624999997 0.718241615625 0.35810775 0.704080453125 0.367305578125 0.694010284375 0.3805127078125 0.7226473171875 0.3854653796875 0.7475080375 0.38454512812499997 0.7585363984375 0.395842415625 0.7540058468749999
3 0.3921875 0.6421875 0.02421875 0.03203125
2 0.6125 0.50546875 0.0296875 0.06171875
0 0.6054870375 0.139776153125 0.6086162484375001 0.135600734375 0.609485471875 0.1249302125 0.6073684874999999 0.1010220171875 0.6067834859375 0.090093553125 0.5983007890625001 0.0795554140625 0.59537573125 0.0612112375 0.5851380265625 0.0518439875 0.570512734375 0.052234284374999995 0.5588125015625 0.055747006249999995 0.5553024390625 0.0674560625 0.5570574703125 0.07916511875 0.5629075875 0.0854099421875 0.5687577046875 0.1010220171875 0.575485325 0.1240498328125 0.5868930796875 0.12678193437500002 0.5994708390625 0.1185856015625 0.603565903125 0.1185856015625 0.6038329546875 0.130039753125 0.6054870375 0.139776153125
0 0.6456998390625001 0.11126996874999999 0.65230594375 0.11706916249999999 0.6571735890625 0.11660522499999999 0.6632581531249999 0.112197834375 0.6681258109375 0.098975671875 0.671255021875 0.08714530312499999 0.6764703625 0.0822739921875 0.680468796875 0.0711395515625 0.6815118484375 0.058149343750000006 0.6667350484375001 0.0586132890625 0.651958259375 0.054901809375 0.640658353125 0.056989504687500005 0.6373553000000001 0.0653403578125 0.6368337609375 0.10570273906250001 0.6380506828125 0.113125709375 0.6427244187500001 0.109998084375 0.6456998390625001 0.11126996874999999
1 0.3294025578125 0.08397934375 0.3254931578125 0.0956396421875 0.33170219843750004 0.10822049843749999 0.3275628390625 0.1186533921875 0.3114653515625 0.227529359375 0.29743754375 0.395314234375 0.3156047125 0.3873361359375 0.3519390296875 0.38211968281250003 0.37447551875 0.3879498296875 0.3997715703125 0.409060321875 0.41333945468750005 0.40046852343749995 0.42621744218749996 0.39678632812500003 0.42874706093750004 0.33264034374999996 0.42529759843750004 0.30747864062499997 0.42253800156250004 0.2959920109375 0.42874706093750004 0.286479665625 0.4280571609375 0.2696029140625 0.42299795781249994 0.25119191406249997 0.4057506328125 0.1796472421875 0.407360375 0.1514170625 0.40322103125000003 0.138529371875 0.3970119890625 0.124721121875 0.38206432343749996 0.1127539671875 0.3751654 0.1127539671875 0.371485978125 0.2090922640625 0.367346634375 0.3034158 0.3615975328125 0.26383215625 0.3572282109375 0.165846190625 0.3622874140625 0.1345475109375 0.36964627656250004 0.106931009375 0.36202399218750003 0.071096409375 0.33170219843750004 0.0720122 0.3294025578125 0.08397934375
0 0.40941100781250006 0.1215237046875 0.417082878125 0.09900257812499999 0.4160599578125 0.082964809375 0.41401411875000005 0.06078491875000001 0.40199486406249996 0.057031378125 0.3917657046875 0.057031378125 0.3840938359375 0.070680540625 0.3810250953125 0.080234978125 0.3802579015625 0.09900257812499999 0.37872353125 0.112992978125 0.3835823859375 0.10992191093749999 0.3979032046875 0.1218649296875 0.40322411562499993 0.137964034375 0.40941100781250006 0.1215237046875
0 0.3349547890625 0.070780371875 0.3469246875 0.06903002968750001 0.35905855625 0.06924881875 0.3621740109375 0.0635601859375 0.3662732890625 0.053058137500000005 0.368568875 0.044087626562499996 0.3656174015625 0.035335903125 0.3492202859375 0.034679517187499995 0.3346268515625 0.03402313125 0.32855992343749996 0.0379614140625 0.3265922625 0.043431240625 0.328858109375 0.068706840625 0.3349547890625 0.070780371875
1 0.58006610625 0.4352185875 0.62247834375 0.4245725203125 0.672029225 0.4228915671875 0.677908184375 0.309707040625 0.6728690578125 0.2004447640625 0.6657303812500001 0.113595284375 0.6359158640625 0.11471590625000001 0.6308768015624999 0.29065619531250003 0.6178591671875 0.3573341765625 0.61114040625 0.2665624671875 0.6035818140625 0.141611253125 0.575866878125 0.1236810078125 0.5725075140625 0.18755742343749998 0.566208671875 0.26712277812499996 0.570827815625 0.3158705671875 0.5571208000000001 0.43356934375 0.58006610625 0.4352185875