4 0.19375 0.278125 0.19375 0.384375
2 0.209375 0.246875 0.0390625 0.071875
4 0.28984375 0.234375 0.1421875 0.3234375
2 0.31328125 0.2109375 0.0265625 0.0515625
4 0.08828125 0.4421875 0.1515625 0.3140625
2 0.10546875 0.41875 0.0265625 0.0515625
4 0.46953125 0.22734375 0.1578125 0.3359375
4 0.38984375 0.33203125 0.1421875 0.29375
4 0.575 0.35703125 0.0859375 0.196875
4 0.61796875 0.34921875 0.0796875 0.196875
4 0.6796875 0.35078125 0.0859375 0.2109375
4 0.72890625 0.3453125 0.0734375 0.1796875
3 0.13828125 0.51640625 0.0171875 0.0296875
3 0.24765625 0.36640625 0.021875 0.0390625
3 0.33671875 0.32890625 0.0171875 0.0296875
3 0.5015625 0.1875 0.0234375 0.0546875