1 0.2078125 0.5078125 0.11875 0.2515625
1 0.3609375 0.6203125 0.2 0.415625
0 0.1640625 0.65078125 0.03125 0.046875
0 0.1828125 0.6578125 0.0375 0.0609375
0 0.29609375 0.8296875 0.05625 0.0671875
0 0.36484375 0.7640625 0.0296875 0.040625
0 0.403125 0.71953125 0.0390625 0.0703125
4 0.5046875 0.346875 0.1140625 0.2484375
3 0.5140625 0.28125 0.021875 0.0328125
4 0.27578125 0.2921875 0.146875 0.2609375
3 0.29921875 0.23984375 0.0171875 0.0328125
2 0.46796875 0.34375 0.0484375 0.0734375
2 0.4703125 0.41875 0.0375 0.0640625
4 0.42734375 0.265625 0.2 0.3546875