4 0.0890625 0.6140625 0.09375 0.18046875
4 0.159375 0.58515625 0.08359375 0.1640625
4 0.209375 0.621875 0.096875 0.184375
4 0.3015625 0.6109375 0.078125 0.16484375
4 0.4125 0.59140625 0.0703125 0.17109375
4 0.79609375 0.55859375 0.09921875 0.178125
3 0.11640625 0.57421875 0.0109375 0.0171875
3 0.18828125 0.54296875 0.0140625 0.01875
3 0.23359375 0.58671875 0.0125 0.01953125
3 0.31796875 0.58125 0.01328125 0.01640625
3 0.40546875 0.55 0.0125 0.02421875
3 0.60234375 0.55234375 0.0078125 0.015625
3 0.8078125 0.5203125 0.01171875 0.01640625
3 0.421875 0.51171875 0.009375 0.0171875
2 0.8015625 0.57890625 0.01484375 0.0296875
2 0.11171875 0.63515625 0.0140625 0.03125
2 0.21484375 0.65 0.01640625 0.0265625
1 0.303125 0.7515625 0.0703125 0.125
0 0.36015625 0.83125 0.01796875 0.02734375
0 0.42734375 0.8234375 0.028125 0.0375
0 0.49296875 0.7921875 0.01484375 0.03125
0 0.50859375 0.79375 0.0171875 0.03359375
0 0.66875 0.88671875 0.0359375 0.03359375
0 0.7 0.90078125 0.034375 0.0375
0 0.725 0.84921875 0.028125 0.0375
0 0.746875 0.83046875 0.01796875 0.03984375
0 0.71171875 0.82734375 0.01640625 0.03671875
0 0.77734375 0.79609375 0.04140625 0.03203125
0 0.8265625 0.8046875 0.02421875 0.0421875
1 0.79921875 0.7140625 0.07578125 0.15234375