4 0.66640625 0.0984375 0.2015625 0.1140625
4 0.63125 0.1734375 0.1828125 0.1
4 0.66796875 0.23125 0.20625 0.1171875
4 0.65078125 0.33125 0.1859375 0.09375
4 0.6234375 0.45 0.190625 0.0859375
4 0.56640625 0.86640625 0.1984375 0.11875
3 0.62109375 0.1265625 0.01875 0.0140625
3 0.58359375 0.203125 0.021875 0.0171875
3 0.62890625 0.25546875 0.021875 0.0140625
3 0.6171875 0.346875 0.01875 0.015625
3 0.57890625 0.440625 0.025 0.0140625
3 0.5703125 0.6546875 0.0171875 0.0109375
3 0.5234375 0.87734375 0.01875 0.0140625
3 0.5359375 0.45546875 0.01875 0.0109375
2 0.5875 0.8734375 0.03125 0.0171875
2 0.6875 0.125 0.034375 0.0171875
2 0.6984375 0.23828125 0.0296875 0.01875
1 0.80390625 0.33984375 0.1390625 0.084375
0 0.8875 0.40703125 0.03125 0.0203125
0 0.87578125 0.4796875 0.0421875 0.0328125
0 0.8375 0.55 0.034375 0.0171875
0 0.83828125 0.5671875 0.0390625 0.0203125
0 0.93125 0.746875 0.0390625 0.040625
0 0.94453125 0.78125 0.0421875 0.0390625
0 0.88671875 0.80546875 0.0421875 0.0328125
0 0.86484375 0.828125 0.0453125 0.021875
0 0.86328125 0.78984375 0.0421875 0.01875
0 0.825 0.859375 0.0359375 0.046875
0 0.83203125 0.9140625 0.0484375 0.0296875
1 0.73515625 0.87890625 0.1703125 0.090625