1 0.7078125 0.7265625 0.13125 0.3421875
1 0.40234375 0.5703125 0.07109375 0.1953125
1 0.30078125 0.5578125 0.0828125 0.190625
4 0.28515625 0.39296875 0.1125 0.1703125
4 0.865625 0.3984375 0.08984375 0.16875
0 0.38671875 0.65703125 0.0265625 0.071875
0 0.41640625 0.68671875 0.02890625 0.0421875
0 0.3078125 0.66953125 0.02734375 0.03203125
0 0.28125 0.6390625 0.0265625 0.04765625
0 0.90234375 0.68984375 0.0546875 0.04296875
0 0.70078125 0.86875 0.040625 0.06484375
0 0.746875 0.91875 0.05390625 0.0625
4 0.69609375 0.4125 0.2171875 0.36796875
3 0.728125 0.32890625 0.02421875 0.0234375
4 0.4 0.37578125 0.12109375 0.20625
3 0.42578125 0.346875 0.01875 0.0171875
2 0.70390625 0.4828125 0.03203125 0.0453125
2 0.31640625 0.4078125 0.01484375 0.02734375
1 0.8671875 0.578125 0.13359375 0.20390625
0 0.853125 0.6984375 0.04296875 0.03515625