4 0.453125 0.24921875 0.2984375 0.425
3 0.41953125 0.1671875 0.028125 0.040625
2 0.4 0.29921875 0.0515625 0.0734375
4 0.66171875 0.3390625 0.25 0.3140625
3 0.63828125 0.2640625 0.021875 0.03125
0 0.04765625 0.73515625 0.0953125 0.1046875
0 0.26484375 0.74765625 0.1390625 0.165625
1 0.1875 0.54609375 0.375 0.4546875
0 0.121875 0.6609375 0.078125 0.06875
0 0.2125 0.7 0.0546875 0.0484375
0 0.54609375 0.80546875 0.0546875 0.0625
1 0.59609375 0.6328125 0.2 0.340625
0 0.5421875 0.7515625 0.053125 0.0953125
1 0.36953125 0.55 0.1796875 0.3265625
0 0.34765625 0.740625 0.06875 0.09375
4 0.98125 0.48359375 0.0375 0.1109375
3 0.984375 0.4890625 0.009375 0.0171875
0 0.907822840625 0.7629359109375 0.9017280375000001 0.7619551703125 0.89696826875 0.7678554046875 0.901367184375 0.774252728125 0.9125461953125 0.7772481359375 0.9271803000000001 0.779212346875 0.929315996875 0.7748921265625001 0.9303035968750001 0.7647784890625 0.9213179578125 0.7554623078125 0.915434834375 0.7555167546875 0.907822840625 0.7629359109375