1 0.64453125 0.52890625 0.10703125 0.26796875
1 0.465625 0.53828125 0.1078125 0.25
1 0.35234375 0.5359375 0.10234375 0.240625
1 0.171875 0.53671875 0.06875 0.15625
4 0.6515625 0.3109375 0.109375 0.21953125
4 0.46640625 0.3140625 0.12734375 0.2171875
4 0.35703125 0.31953125 0.10625 0.2203125
4 0.1765625 0.3859375 0.096875 0.17109375
0 0.17578125 0.6359375 0.0359375 0.0375
0 0.33203125 0.66875 0.053125 0.04296875
0 0.3765625 0.6640625 0.04921875 0.04296875
0 0.46328125 0.684375 0.0328125 0.03984375
0 0.48046875 0.64140625 0.02109375 0.053125
0 0.64921875 0.68359375 0.04375 0.03046875
0 0.94453125 0.7015625 0.0828125 0.05234375
3 0.684375 0.2640625 0.0140625 0.02109375
3 0.3734375 0.26875 0.01328125 0.02109375
3 0.1875 0.3359375 0.01171875 0.01953125
2 0.6703125 0.39140625 0.0140625 0.03671875