0 0.0765625 0.709375 0.10078125 0.06171875
0 0.12109375 0.81171875 0.07890625 0.0671875
0 0.20703125 0.803125 0.09453125 0.0671875
0 0.42109375 0.7625 0.075 0.05546875
0 0.48515625 0.7609375 0.05234375 0.08203125
0 0.5421875 0.90390625 0.096875 0.0703125
0 0.65703125 0.90078125 0.07265625 0.10546875
1 0.13515625 0.553125 0.11171875 0.3390625
1 0.21640625 0.61328125 0.146875 0.31875
1 0.46328125 0.6234375 0.1359375 0.26328125
4 0.5140625 0.42421875 0.15078125 0.25703125
2 0.48046875 0.41796875 0.02578125 0.046875
4 0.26171875 0.33984375 0.13828125 0.3
3 0.24765625 0.265625 0.02265625 0.02890625
3 0.53828125 0.3671875 0.02109375 0.02890625
4 0.16484375 0.27734375 0.115625 0.33984375