3 0.35390625 0.415625 0.01796875 0.01953125
4 0.6355392156249999 0.3763020828125 0.6181372546875 0.3395182296875 0.6026960781249999 0.3245442703125 0.59607843125 0.3203125 0.5919117640625 0.3199869796875 0.5889705875 0.3219401046875 0.584068628125 0.3352864578125 0.5713235296875 0.3522135421875 0.5629901953124999 0.3870442703125 0.560539215625 0.5081380203125 0.56176470625 0.556640625 0.565686275 0.5579427078125 0.6039215687499999 0.5563151046875 0.6132352937500001 0.5589192703125 0.6318627453125 0.5638020828125 0.634803921875 0.5660807296875 0.6377450984374999 0.5501302078125 0.6384803921875 0.5393880203125 0.639460784375 0.533203125 0.6343137249999999 0.4479166671875 0.5936274515625 0.4759114578125 0.580882353125 0.4713541671875 0.5730392156249999 0.4264322921875 0.590686275 0.42578125 0.6068627453125 0.4303385421875 0.638725490625 0.4173177078125 0.6338235296875 0.3912760421875 0.6392156859375 0.3798828125 0.6355392156249999 0.3763020828125
3 0.6265625 0.39296875 0.009375 0.02421875
3 0.66015625 0.34765625 0.0125 0.0203125
2 0.684375 0.446875 0.01875 0.04453125
1 0.6267156859375 0.5657552078125 0.618382353125 0.5611979171875 0.6107843140625 0.5595703125 0.6044117640625 0.5563151046875 0.5879901953125 0.5563151046875 0.5627450984375 0.5579427078125 0.5642156859375 0.5777994796875 0.57892156875 0.6253255203125 0.580882353125 0.6393229171875 0.57892156875 0.6533203125 0.578186275 0.6722005203125 0.5767156859375 0.6770833328125 0.5708333328124999 0.6848958328125 0.5713235296875 0.6995442703125 0.56789215625 0.7044270828125 0.5642156859375 0.705078125 0.5642156859375 0.708984375 0.5627450984375 0.7122395828125 0.5627450984375 0.71875 0.546813725 0.810546875 0.5463235296875 0.8193359375 0.5475490203125 0.822265625 0.560539215625 0.8291015625 0.5727941171875 0.830078125 0.578186275 0.8284505203125001 0.5803921562500001 0.8063151046874999 0.5828431375 0.7975260421875 0.5848039218750001 0.7945963546875 0.584313725 0.7864583328125 0.5860294125000001 0.779296875 0.5850490203125001 0.7757161453125 0.5852941171875 0.7688802078125 0.59142156875 0.7643229171875 0.59926470625 0.7399088546875 0.603431371875 0.7220052078125 0.6071078437499999 0.7164713546875 0.6071078437499999 0.712890625 0.6107843140625 0.7067057296875 0.6235294125 0.7132161453125 0.6235294125 0.720703125 0.6323529406249999 0.7366536453125 0.634803921875 0.7457682296875 0.6416666671875 0.7594401046875 0.64460784375 0.779296875 0.6495098046875001 0.7825520828125 0.65073529375 0.7877604171875 0.6544117640625 0.7884114578125 0.655882353125 0.79296875 0.661274509375 0.7981770828125 0.665686275 0.8095703125 0.6764705875 0.8258463546874999 0.68039215625 0.8336588546874999 0.681617646875 0.8388671875 0.6857843140625 0.8450520828125001 0.689460784375 0.8483072921874999 0.693382353125 0.8479817703125001 0.702696078125 0.8424479171874999 0.7107843140625 0.8336588546874999 0.7127450984375 0.8297526046874999 0.696568628125 0.8108723953125001 0.6938725484375 0.8050130203125001 0.6948529406249999 0.7981770828125 0.6931372546875 0.7906901046875 0.6897058828125 0.7854817703125 0.6875 0.7711588546875 0.6828431375 0.7604166671875 0.6267156859375 0.5657552078125
2 0.65625 0.54453125 0.01171875 0.05859375
2 0.3921875 0.47265625 0.01328125 0.025
1 0.4102941171875 0.6875 0.4102941171875 0.6803385421875 0.390686275 0.5748697921875 0.3536764703125 0.5758463546875 0.351960784375 0.5774739578125 0.3458333328125 0.6061197921875 0.3404411765625 0.6100260421875 0.3377450984375 0.6145833328125 0.334068628125 0.6214192703125 0.330147059375 0.6396484375 0.3338235296875 0.6389973953125 0.3377450984375 0.6432291671875 0.328431371875 0.7102864578125 0.322303921875 0.7399088546875 0.3240196078125 0.7444661453125 0.3299019609375 0.748046875 0.338725490625 0.7490234375 0.34681372499999996 0.7464192703125 0.3529411765625 0.7454427078125 0.365686275 0.751953125 0.3642156859375 0.7337239578125 0.3705882359375 0.720703125 0.40098039218750003 0.779296875 0.40514705937500006 0.7783203125 0.4181372546875 0.76953125 0.428431371875 0.7584635421875 0.43602941250000005 0.7473958328125 0.44289215625 0.7320963546875 0.439460784375 0.7265625 0.414460784375 0.6975911453125 0.4102941171875 0.6875
0 0.7509803921875 0.8372395828125001 0.7460784312500001 0.833984375 0.7321078437499999 0.8323567703125001 0.7274509796874999 0.8349609375 0.7235294125 0.8453776046874999 0.7095588234375 0.8544921875 0.7024509796875 0.8561197921874999 0.69460784375 0.8551432296874999 0.685539215625 0.849609375 0.6850490203125 0.8541666671874999 0.6875 0.876953125 0.6938725484375 0.8805338546874999 0.7321078437499999 0.8668619796874999 0.740196078125 0.861328125 0.74926470625 0.8512369796874999 0.7524509796875 0.845703125 0.7522058828125 0.8395182296874999 0.7509803921875 0.8372395828125001
0 0.606617646875 0.8440755203125001 0.5884803921875 0.8375651046874999 0.5774509796875 0.8434244796874999 0.5700980390625 0.8434244796874999 0.5607843140625 0.8411458328125001 0.5522058828125 0.8346354171874999 0.5453431375 0.8245442703125001 0.5404411765625 0.8294270828125001 0.5372549015625 0.8414713546874999 0.5384803921875 0.8528645828125001 0.5411764703124999 0.85546875 0.5482843140625 0.857421875 0.6041666671875 0.8616536453125001 0.6080882359374999 0.8603515625 0.610539215625 0.857421875 0.611274509375 0.8509114578125001 0.606617646875 0.8440755203125001