4 0.42578125 0.30390625 0.1796875 0.096875
3 0.47109375 0.2859375 0.0234375 0.0140625
1 0.24453125 0.29453125 0.24375 0.0859375
0 0.1171875 0.2859375 0.0265625 0.0203125
0 0.13671875 0.26640625 0.0375 0.025
1 0.22578125 0.45859375 0.19375 0.0796875
1 0.26015625 0.51015625 0.1828125 0.046875
1 0.2390625 0.39296875 0.190625 0.071875
0 0.15234375 0.5109375 0.0296875 0.0171875
0 0.165625 0.4953125 0.0234375 0.01875
0 0.10703125 0.47578125 0.0484375 0.03125
0 0.12421875 0.4390625 0.0421875 0.021875
0 0.134375 0.38359375 0.0484375 0.01875
0 0.1265625 0.3609375 0.0484375 0.028125
4 0.41796875 0.41015625 0.1953125 0.084375
4 0.40859375 0.46953125 0.2125 0.1