4 0.63984375 0.94375 0.2609375 0.1125
3 0.68515625 0.9359375 0.0296875 0.021875
4 0.603125 0.84609375 0.2859375 0.1796875
3 0.66015625 0.815625 0.03125 0.025
4 0.8 0.9015625 0.146875 0.084375
3 0.809375 0.8953125 0.0171875 0.009375
4 0.6984375 0.725 0.15625 0.1015625
3 0.74609375 0.70703125 0.0140625 0.0109375
3 0.71953125 0.6609375 0.0125 0.009375
4 0.5890625 0.5015625 0.26875 0.140625
4 0.62265625 0.5390625 0.1890625 0.096875
3 0.66796875 0.5109375 0.021875 0.0140625
3 0.634375 0.48828125 0.0234375 0.0140625
2 0.51875 0.884375 0.059375 0.0375
4 0.36796875 0.746875 0.653125 0.340625
1 0.33359375 0.91796875 0.3515625 0.1640625
1 0.3703125 0.58671875 0.2453125 0.13125
0 0.1375 0.94921875 0.05625 0.053125
1 0.5546875 0.75546875 0.153125 0.0921875
0 0.24765625 0.60703125 0.0609375 0.0609375
0 0.3671875 0.83828125 0.053125 0.0515625
4 0.4703125 0.42734375 0.51875 0.24375
4 0.51953125 0.32265625 0.271875 0.1421875