4 0.78984375 0.44140625 0.21015625 0.3421875
3 0.83984375 0.3625 0.02109375 0.03046875
4 0.5421875 0.43125 0.1625 0.30390625
3 0.58984375 0.371875 0.01796875 0.0296875
1 0.52734375 0.71484375 0.11015625 0.31875
1 0.7828125 0.7515625 0.13359375 0.284375
4 0.42421875 0.50859375 0.0625 0.0953125
1 0.4109375 0.6125 0.040625 0.109375
1 0.365625 0.6015625 0.04296875 0.11171875
1 0.33125 0.59375 0.0359375 0.1140625
1 0.25859375 0.5828125 0.05078125 0.11484375
4 0.36171875 0.50546875 0.059375 0.09921875
1 0.10859375 0.5765625 0.0515625 0.1140625
4 0.1125 0.47890625 0.07890625 0.10234375
0 0.76015625 0.92578125 0.065625 0.0703125