4 0.77109375 0.8046875 0.3578125 0.390625
4 0.58984375 0.65234375 0.175 0.215625
4 0.465625 0.64140625 0.128125 0.1765625
4 0.33515625 0.5828125 0.1125 0.146875
1 0.82578125 0.425 0.2828125 0.5140625
1 0.61171875 0.48671875 0.1390625 0.196875
1 0.484375 0.4671875 0.125 0.2
1 0.34453125 0.4890625 0.084375 0.134375
1 0.39921875 0.4953125 0.0671875 0.121875
3 0.81015625 0.98359375 0.0328125 0.0328125
3 0.61015625 0.70859375 0.015625 0.0203125
3 0.4796875 0.68515625 0.0140625 0.0140625
3 0.34140625 0.609375 0.0109375 0.0140625
0 0.34609375 0.4265625 0.03125 0.05
0 0.36796875 0.41171875 0.021875 0.028125
0 0.39921875 0.421875 0.021875 0.028125
0 0.4140625 0.44296875 0.034375 0.046875
0 0.478125 0.3765625 0.046875 0.0578125
0 0.51796875 0.36484375 0.05625 0.05625
0 0.6203125 0.3578125 0.0375 0.0390625
0 0.6484375 0.38984375 0.0421875 0.0578125
0 0.71875 0.40859375 0.034375 0.065625
0 0.7421875 0.3875 0.0359375 0.053125
0 0.86015625 0.1453125 0.1015625 0.121875
0 0.925 0.3984375 0.0296875 0.034375
0 0.1875 0.3703125 0.115625 0.1
0 0.24375 0.37109375 0.0671875 0.0671875
2 0.5921875 0.6109375 0.0296875 0.05