4 0.561279296875 1 0.562255859375 0.9895833328125001 0.561767578125 0.97265625 0.554931640625 0.9368489578125001 0.548095703125 0.9192708328125001 0.538818359375 0.8548177078125001 0.53466796875 0.8512369796874999 0.519287109375 0.8671875 0.497802734375 0.8743489578125001 0.48828125 0.873046875 0.4833984375 0.8688151046874999 0.478515625 0.8597005203125001 0.47802734375 0.8460286453125001 0.486572265625 0.7932942703125 0.48828125 0.7747395828125 0.48779296875 0.7581380203125 0.483642578125 0.7076822921875 0.47998046875 0.6246744796875 0.4755859375 0.60546875 0.4765625 0.5875651046875 0.481689453125 0.583984375 0.48193359375 0.5813802078125 0.476806640625 0.5791015625 0.467041015625 0.5807291671875 0.464599609375 0.5709635421875 0.45947265625 0.5673828125 0.458740234375 0.5693359375 0.46142578125 0.5755208328125 0.46142578125 0.5817057296875 0.455322265625 0.5869140625 0.431884765625 0.5908203125 0.418212890625 0.59765625 0.40087890625 0.6002604171875 0.39208984375 0.6028645828125 0.3779296875 0.6038411453125 0.3671875 0.6005859375 0.357177734375 0.6041666671875 0.354248046875 0.6064453125 0.353271484375 0.6090494796875 0.351806640625 0.6188151046875 0.352294921875 0.6539713546875 0.357666015625 0.78515625 0.361572265625 0.8121744796874999 0.371337890625 0.8492838546874999 0.37255859375 0.8580729171874999 0.37255859375 0.875 0.370361328125 0.8873697921874999 0.385986328125 0.9586588546874999 0.390625 0.9742838546874999 0.396728515625 0.9886067703125001 0.398681640625 1 0.561279296875 1
3 0.421875 0.98046875 0.0359375 0.0390625
3 0.23203125 0.959375 0.02890625 0.04765625
0 0.112548828125 0.2652994796875 0.114501953125 0.26953125 0.144775390625 0.2893880203125 0.14892578125 0.2965494796875 0.15234375 0.2981770828125 0.15771484375 0.3056640625 0.159912109375 0.3063151046875 0.16455078125 0.3118489578125 0.1650390625 0.3131510421875 0.161376953125 0.3151041671875 0.16162109375 0.3173828125 0.171142578125 0.3251953125 0.173583984375 0.3238932296875 0.17529296875 0.3193359375 0.179443359375 0.3190104171875 0.1845703125 0.3131510421875 0.193359375 0.3092447921875 0.199462890625 0.3089192703125 0.210693359375 0.3115234375 0.21484375 0.3147786453125 0.220947265625 0.32421875 0.220947265625 0.3294270828125 0.221923828125 0.3297526046875 0.22607421875 0.3203125 0.229248046875 0.3046875 0.2314453125 0.3001302078125 0.23193359375 0.2919921875 0.231201171875 0.2864583328125 0.22900390625 0.2825520828125 0.222900390625 0.2763671875 0.205322265625 0.2669270828125 0.19482421875 0.2630208328125 0.164794921875 0.24576822968749998 0.144775390625 0.2431640625 0.12939453125 0.24348958281250002 0.11572265625 0.24544270781250002 0.111328125 0.2509765625 0.111572265625 0.2587890625 0.112548828125 0.2652994796875
2 0.710205078125 0.8450520828125001 0.722900390625 0.8681640625 0.72705078125 0.8736979171874999 0.733642578125 0.8795572921874999 0.74072265625 0.8889973953125001 0.7412109375 0.8727213546874999 0.7421875 0.8714192703125001 0.745849609375 0.8733723953125001 0.758544921875 0.892578125 0.76220703125 0.89453125 0.76708984375 0.88671875 0.774169921875 0.8821614578125001 0.782958984375 0.869140625 0.7841796875 0.865234375 0.783935546875 0.84375 0.786376953125 0.8251953125 0.784912109375 0.8225911453125001 0.780517578125 0.8219401046874999 0.773681640625 0.818359375 0.76513671875 0.8118489578125001 0.76416015625 0.8095703125 0.765625 0.7809244796875 0.762939453125 0.7639973953125 0.757080078125 0.7425130203125 0.75244140625 0.740234375 0.729736328125 0.7408854171875 0.720458984375 0.7438151046875 0.713623046875 0.7483723953125 0.712890625 0.7819010421875 0.718994140625 0.8069661453125001 0.719970703125 0.8199869796874999 0.71484375 0.8251953125 0.71044921875 0.8277994796874999 0.706787109375 0.828125 0.706787109375 0.8349609375 0.710205078125 0.8450520828125001
3 0.75 0.84375 0.01171875 0.01640625
2 0.71953125 0.790625 0.015625 0.02890625
1 0.71826171875 0.74609375 0.7236328125 0.7425130203125 0.733642578125 0.7408854171875 0.752197265625 0.7408854171875 0.75244140625 0.7386067703125 0.742431640625 0.701171875 0.74365234375 0.6461588546875 0.736083984375 0.6399739578125 0.73095703125 0.6399739578125 0.72900390625 0.6419270828125 0.727783203125 0.650390625 0.7255859375 0.65234375 0.714599609375 0.625 0.711181640625 0.6207682296875 0.703857421875 0.6279296875 0.701904296875 0.6324869796875 0.70703125 0.6471354171875 0.717529296875 0.6839192703125 0.717529296875 0.6897786453125 0.71923828125 0.6959635421875 0.71630859375 0.7200520828125 0.716552734375 0.7451171875 0.71826171875 0.74609375
0 0.694580078125 0.6162109375 0.702880859375 0.6279296875 0.710693359375 0.6204427078125 0.713623046875 0.6194661453125 0.713134765625 0.6103515625 0.706787109375 0.6022135421875 0.68896484375 0.6022135421875 0.68603515625 0.6031901046875 0.68603515625 0.607421875 0.694580078125 0.6162109375
0 0.726318359375 0.625 0.732666015625 0.6389973953125 0.736572265625 0.6380208328125 0.740966796875 0.634765625 0.743408203125 0.6350911453125 0.74609375 0.6373697921875 0.74853515625 0.6315104171875 0.749267578125 0.6243489578125 0.74853515625 0.6227213546875 0.73486328125 0.6136067703125 0.724609375 0.6139322921875 0.718017578125 0.6158854171875 0.717529296875 0.6181640625 0.726318359375 0.625
1 0.56787109375 0.771484375 0.5732421875 0.7799479171875 0.574462890625 0.7802734375 0.585205078125 0.7669270828125 0.5947265625 0.7591145828125 0.6015625 0.7552083328125 0.620361328125 0.7473958328125 0.6533203125 0.7418619796875 0.6572265625 0.7356770828125 0.65966796875 0.724609375 0.664794921875 0.7132161453125 0.669677734375 0.6871744796875 0.6689453125 0.6595052078125 0.66455078125 0.6236979171875 0.657958984375 0.5823567703125 0.6513671875 0.5478515625 0.648193359375 0.5358072921875 0.645263671875 0.5322265625 0.64013671875 0.53125 0.630126953125 0.5335286453125 0.62451171875 0.5335286453125 0.619873046875 0.5361328125 0.6181640625 0.5384114578125 0.587646484375 0.5302734375 0.588623046875 0.5231119796875 0.587158203125 0.5211588546875 0.576171875 0.5094401046875 0.569091796875 0.5071614578125 0.56396484375 0.5078125 0.561767578125 0.5152994796875 0.560302734375 0.5315755203125 0.557861328125 0.6018880203125 0.562255859375 0.65234375 0.56396484375 0.6588541671875 0.569091796875 0.6682942703125 0.57177734375 0.69140625 0.571533203125 0.7268880203125 0.56689453125 0.7578125 0.56640625 0.7669270828125 0.56787109375 0.771484375