4 0.43125 0.33984375 0.14453125 0.23046875
4 0.3375 0.46484375 0.059375 0.16015625
4 0.2734375 0.4265625 0.11640625 0.24453125
1 0.1703125 0.60078125 0.053125 0.20234375
1 0.790625 0.671875 0.12890625 0.35703125
1 0.59140625 0.64765625 0.11796875 0.296875
1 0.4203125 0.67578125 0.1109375 0.31875
1 0.26875 0.6453125 0.07265625 0.2390625
0 0.2359375 0.734375 0.0203125 0.0703125
0 0.2765625 0.7765625 0.03046875 0.03515625
0 0.38046875 0.81953125 0.03046875 0.05078125
0 0.4578125 0.84453125 0.03671875 0.04921875
0 0.54140625 0.765625 0.02578125 0.06171875
0 0.6515625 0.7890625 0.05546875 0.0484375
0 0.34609375 0.70546875 0.025 0.02734375
0 0.3046875 0.6890625 0.0140625 0.03671875
0 0.17578125 0.715625 0.0203125 0.02421875
0 0.16015625 0.71796875 0.0125 0.01484375
0 0.73046875 0.79921875 0.03203125 0.10390625
0 0.84765625 0.8546875 0.0734375 0.05234375
3 0.459375 0.3078125 0.0109375 0.02109375
3 0.3015625 0.3640625 0.009375 0.01875
3 0.35 0.42578125 0.0078125 0.01484375
4 0.1671875 0.43515625 0.075 0.1328125
3 0.1796875 0.38671875 0.00625 0.0078125
2 0.17109375 0.45546875 0.01171875 0.03203125
4 0.8046875 0.3421875 0.15 0.346875
4 0.59765625 0.37890625 0.128125 0.278125