4 0.790625 0.68984375 0.1640625 0.0859375
4 0.821875 0.609375 0.16875 0.1
1 0.6609375 0.53046875 0.1796875 0.0921875
1 0.675 0.58984375 0.165625 0.0765625
1 0.6703125 0.653125 0.128125 0.0671875
1 0.5796875 0.7109375 0.2140625 0.1015625
1 0.63046875 0.35703125 0.3578125 0.28125
0 0.44921875 0.22265625 0.096875 0.1078125
0 0.428125 0.4640625 0.084375 0.109375
0 0.5859375 0.48671875 0.0375 0.05625
0 0.56484375 0.5296875 0.0390625 0.05625
0 0.59296875 0.56015625 0.028125 0.025
0 0.59453125 0.59609375 0.034375 0.040625
0 0.60625 0.62734375 0.03125 0.028125
0 0.60703125 0.65546875 0.0359375 0.0375
0 0.475 0.66796875 0.0546875 0.0734375
0 0.475 0.70859375 0.0328125 0.0265625
3 0.82109375 0.7046875 0.0140625 0.009375
3 0.85859375 0.62421875 0.009375 0.0078125
2 0.79375 0.68359375 0.0234375 0.0125
4 0.79609375 0.55625 0.19375 0.109375
3 0.8265625 0.53359375 0.0125 0.0078125