1 0.241203703125 0.7054455453124999 0.2476851859375 0.7549504953125 0.2546296296875 0.7813531359375 0.25740740781250004 0.8184818484375 0.252777778125 0.8531353140625001 0.2601851859375 0.8613861390625001 0.2754629625 0.8630363031250001 0.28055555625 0.8572607265625001 0.28472222187499996 0.8391089109375001 0.28148148125 0.8234323437500001 0.2870370375 0.7978547859375 0.31990740781250004 0.575907590625 0.30694444375 0.5783828390625 0.2808641984375 0.58580858125 0.2469135796875 0.57618261875 0.2229938265625 0.5418041812500001 0.22175925937500002 0.5519801984375 0.222222221875 0.58580858125 0.23240740781250002 0.64356435625 0.234259259375 0.675742575 0.241203703125 0.7054455453124999
1 0.597222221875 0.8993399343749999 0.5990740734375 0.9042904296875 0.60694444375 0.9067656765625 0.6541666671875 0.9059405937499999 0.6615740734375 0.854785478125 0.66851851875 0.7538503859375 0.6851851859375 0.5990099015625 0.68101851875 0.5957095703124999 0.646759259375 0.5998349828125 0.6296296296875 0.5932343234374999 0.628240740625 0.5891089109375 0.6291666671875 0.559405940625 0.6268518515625 0.5528052812500001 0.60601851875 0.5808580859375 0.5879629625 0.5684818484374999 0.58055555625 0.5684818484374999 0.578240740625 0.575907590625 0.5773148140625 0.61468646875 0.5925925921874999 0.6683168312500001 0.5958333328125 0.7178217828125 0.597222221875 0.8993399343749999
1 0.42175925937500003 0.809405940625 0.43009259218749996 0.8943894390624999 0.434722221875 0.9067656765625 0.4481481484375 0.9034653468749999 0.459259259375 0.8886138609374999 0.466203703125 0.8886138609374999 0.47222222187499996 0.8803630359374999 0.47592592656250005 0.8646864687500001 0.4763888890625 0.8259075906250001 0.4824074078125 0.7986798687500001 0.48996913593749997 0.7508250828125 0.49583333281249997 0.5684818484374999 0.49259259218749996 0.56105610625 0.48194444374999995 0.5552805281250001 0.425 0.559405940625 0.4 0.5503300328125 0.40277777812500004 0.5750825078124999 0.40046296249999996 0.5915841578125 0.40601851875 0.7079207921874999 0.42175925937500003 0.809405940625
4 0.415277778125 0.43316831718750004 0.40694444374999994 0.4661716171875 0.4 0.5189768984375001 0.3976851859375 0.5445544546875001 0.40555555625000006 0.5528052812500001 0.428240740625 0.56105610625 0.4509259265625 0.5602310234375001 0.46296296249999996 0.5561056109375 0.49398148124999997 0.559405940625 0.4953703703125 0.54950495 0.4921296296875 0.524752475 0.4953703703125 0.48597359687499997 0.49768518593750005 0.407590759375 0.5208333328125 0.3985148515625 0.525 0.38943894375 0.5171296296875 0.3127062703125 0.5138888890625 0.29867986874999997 0.50648148125 0.2854785484375 0.49351851875 0.274752475 0.4861111109375 0.2615511546875 0.4763888890625 0.29455445468749997 0.46481481406249997 0.3160066 0.46296296249999996 0.30280528125 0.45046296249999995 0.297029703125 0.45046296249999995 0.2772277234375 0.44768518593750006 0.2623762375 0.434259259375 0.26650165000000003 0.4236111109375 0.268151815625 0.415740740625 0.274752475 0.4078703703125 0.28960396093749996 0.39351851875 0.3696369640625 0.4143518515625 0.39026402656250003 0.41898148125 0.3919141921875 0.415277778125 0.43316831718750004
4 0.5905696421875 0.3683168453125 0.5925316671874999 0.40444919375 0.6343685890625 0.399204175 0.6384259265625001 0.5090759078125 0.6324074078125 0.5288778875 0.6324074078125 0.5354785484375 0.5818280828125 0.5599477015625001 0.63055555625 0.5536303625000001 0.63148148125 0.596534653125 0.6541666671875 0.6014851484375 0.6851851859375 0.5957095703124999 0.6867283953125 0.5372203890625 0.6764403296875 0.48129812968749996 0.6820987656249999 0.42812614531250004 0.709259259375 0.41419141875000004 0.7129629625 0.40264026406250003 0.708796296875 0.3679867984375 0.6953703703125 0.3184818484375 0.6921296296875 0.3127062703125 0.6592405296875 0.2867276703125 0.6556434828125 0.3147011015625 0.6471193421875 0.33370003593750003 0.6428903187499999 0.337429515625 0.6368312765625 0.33370003593750003 0.6234567906249999 0.283278328125 0.5925925921874999 0.2953795375 0.584259259375 0.30280528125 0.5519831421875 0.3438400921875 0.5648148140625 0.367161715625 0.5712763921875 0.3846346796875 0.5905696421875 0.3683168453125
3 0.6671875 0.35859375 0.01953125 0.02265625
3 0.48828125 0.3359375 0.01640625 0.02890625
2 0.4578125 0.48203125 0.0078125 0.0734375
2 0.64296875 0.53125 0.025 0.05078125
4 0.2225783484375 0.5231023109375 0.22211538437499997 0.5363036296875 0.2248931625 0.5462046203125 0.2420227921875 0.5701320125 0.2517450140625 0.5792079203125 0.2542735046875 0.572480325 0.259615384375 0.5458238140625 0.2617521359375 0.578192434375 0.27599715156250004 0.5820005078125 0.3208689453125 0.5731150046875 0.325356125 0.567656765625 0.3244302 0.5239273921875001 0.3170227921875 0.4793729375 0.3169515671875 0.46331556249999994 0.33137464375 0.4579207921875 0.337856125 0.43894389375 0.33091168125000003 0.3696369640625 0.3225783484375 0.35726072656249996 0.30519942968749997 0.3370144703125 0.2977207984375 0.3611322671875 0.2898860390625 0.3662096984375 0.2852564109375 0.3750952015625 0.274928775 0.34843868906250003 0.27072649531250004 0.3127062703125 0.24433760625 0.3168316828125 0.22813390312499998 0.3498349828125 0.21933760625 0.3778877890625 0.212856125 0.40594059375 0.221866096875 0.41507996875000003 0.233618234375 0.424600153125 0.2225783484375 0.5231023109375
3 0.31015625 0.39609375 0.01328125 0.03828125
2 0.2796875 0.5015625 0.02421875 0.0578125