1 0.11328125 0.64921875 0.2265625 0.4234375
1 0.425 0.528125 0.21484375 0.40390625
0 0.30859375 0.71171875 0.0484375 0.11640625
0 0.5449496703125 0.796296296875 0.5609163484375 0.7949074078125 0.5654286703125 0.7879629625 0.566469975 0.7824074078125001 0.5633460609375 0.7745370375 0.5456438734375 0.758796296875 0.5373134328125 0.753703703125 0.52169385625 0.7643518515625 0.514751821875 0.7643518515625 0.5015619578125 0.7583333328124999 0.4960083296875 0.7481481484375 0.4939257203125 0.7398148140624999 0.4901076015625 0.7398148140624999 0.48802499062500004 0.7481481484375 0.48733078750000003 0.7601851859375001 0.49149600781249997 0.7708333328125 0.5085039921875001 0.7828703703125 0.5449496703125 0.796296296875
0 0.5265625 0.7671875 0.0796875 0.0578125
2 0.146875 0.378125 0.053125 0.0875
4 0.4171875 0.1984375 0.18828125 0.371875
2 0.48125 0.31875 0.0515625 0.0765625
4 0.07734375 0.2421875 0.1546875 0.421875
0 0.0421875 0.78359375 0.084375 0.0703125
0 0.20859375 0.88203125 0.08359375 0.08828125
0 0.653125 0.63984375 0.07109375 0.053125
4 0.59296875 0.2140625 0.13046875 0.27109375