4 0.51328125 0.11015625 0.09296875 0.1734375
3 0.54453125 0.0640625 0.009375 0.015625
1 0.5125 0.259375 0.06953125 0.14765625
2 0.52265625 0.1609375 0.01875 0.0375
4 0.56298828125 0.07975260468749999 0.563232421875 0.09016927031250001 0.56103515625 0.09440104218749999 0.561279296875 0.1461588546875 0.5625 0.1614583328125 0.565673828125 0.1826171875 0.567138671875 0.185546875 0.570556640625 0.1852213546875 0.577392578125 0.1822916671875 0.582275390625 0.1774088546875 0.5830078125 0.1585286453125 0.580078125 0.1477864578125 0.580322265625 0.1220703125 0.582763671875 0.1038411453125 0.58544921875 0.09407552031250001 0.58837890625 0.08821614531250001 0.59423828125 0.08430989531250001 0.593505859375 0.0517578125 0.59033203125 0.0397135421875 0.579345703125 0.0322265625 0.573486328125 0.03125 0.57373046875 0.0439453125 0.5693359375 0.05143229218749999 0.56591796875 0.0494791671875 0.55859375 0.0345052078125 0.55517578125 0.0335286453125 0.552001953125 0.0354817703125 0.549560546875 0.0390625 0.55517578125 0.044921875 0.55615234375 0.0546875 0.56298828125 0.07975260468749999
1 0.66953125 0.278125 0.0859375 0.1703125
0 0.68046875 0.3546875 0.03515625 0.025
0 0.62421875 0.3109375 0.0125 0.05
4 0.711181640625 0.06770833281250001 0.712646484375 0.07063802031250001 0.71923828125 0.07584635468749999 0.72412109375 0.08203125 0.7236328125 0.0654296875 0.72216796875 0.056640625 0.720458984375 0.05240885468749999 0.716064453125 0.05110677031250001 0.710693359375 0.05143229218749999 0.705078125 0.06575520781250001 0.704833984375 0.06966145781250001 0.70703125 0.07063802031250001 0.709228515625 0.06770833281250001 0.711181640625 0.06770833281250001
4 0.6859375 0.11796875 0.06484375 0.1578125
0 0.5921875 0.3515625 0.04453125 0.021875