4 0.36981664531249997 0.020328820312500002 0.3517954203125 0.0353224234375 0.34251175312500004 0.0454793875 0.32722101718749996 0.1431796890625 0.359167734375 0.1586569671875 0.35397979999999996 0.2181477765625 0.3556180890625 0.25248795468749996 0.35288759999999997 0.3226193578125 0.41323142968750004 0.3211683484375 0.44845472500000005 0.30569108749999996 0.45418876875 0.261965496875 0.44217461093750005 0.2073113921875 0.4419015671875 0.1381473046875 0.4596497359375 0.132343359375 0.4481816796875 0.034643021875 0.4429937453125 0.0215840671875 0.42224203125 0.0177147515625 0.4140505640625 0.0123944359375 0.40913569531249994 0.04189799375 0.3993059171875 0.05592428125 0.37882724843750004 0.0133617890625 0.37934225 0.0007250718750000001 0.36981664531249997 0.020328820312500002
3 0.3828125 0.09140625 0.01484375 0.0296875
4 0.4811480921875 0.045903370312500004 0.47355285468749997 0.0493753109375 0.4608124875 0.0576211796875 0.4517472296875 0.0628291 0.4615475171875 0.1344379671875 0.45738238437499995 0.13573994375 0.4635075640625 0.20363124375 0.46987774687500006 0.25614440625 0.46130249531249995 0.2808820515625 0.45248224062500003 0.3260172953125 0.49486849062499993 0.3412070546875 0.527209440625 0.34077306875 0.534804659375 0.334263171875 0.5414198546875 0.3099595625 0.5384797671875 0.2057566515625 0.5477900375 0.1545454984375 0.5612654328125 0.112014140625 0.553180196875 0.08120061875 0.5235343328125001 0.051689087499999994 0.517899159375 0.0529910640625 0.50221870625 0.0725207546875 0.49021335 0.052123090625 0.4881092296875 0.029927965625000004 0.4811480921875 0.045903370312500004
3 0.478125 0.12109375 0.015625 0.0296875
1 0.44398327968749995 0.30926154375000003 0.4140784625 0.3195865703125 0.398872628125 0.32048439218749997 0.3557894296875 0.325422446875 0.352494825 0.397697596875 0.36187176718749997 0.5970153625 0.3864545265625 0.6006066875 0.38797510625 0.521597846875 0.392790290625 0.4452824640625 0.4039412390625 0.37166057656249996 0.4041946671875 0.41296065937500004 0.41306473749999995 0.4470781265625 0.41255788281249994 0.5628979125 0.43333918281250006 0.56873380625 0.44170239999999994 0.4719210875 0.44271612656250003 0.448128671875 0.448015246875 0.31192435937499996 0.44398327968749995 0.30926154375000003
0 0.427575571875 0.585171221875 0.42192909375000004 0.5951731031249999 0.41308295 0.576169525 0.4074364703125 0.5885051828125001 0.4213644546875 0.6131764953125 0.43548064999999997 0.63751440625 0.44677360625 0.64218194375 0.453737590625 0.63751440625 0.45561975 0.6288461 0.45411403124999994 0.6201778078125 0.43546232968750004 0.581518240625 0.427575571875 0.585171221875
0 0.376427409375 0.6068419656249999 0.37115735625 0.612176296875 0.369463409375 0.620844603125 0.36588731874999997 0.6108427203125 0.36344050625 0.6268457546875 0.36532266562500004 0.635847425 0.3685223296875 0.644849121875 0.376427409375 0.6531840234375 0.3901671640625 0.654184209375 0.39713116249999997 0.6511836390625 0.3995779625 0.64218194375 0.39468435 0.626178934375 0.38675471875 0.60609178125 0.376427409375 0.6068419656249999
1 0.5128766875 0.344091396875 0.4868992796875 0.34112268125 0.45784926875 0.33172175937500004 0.448072825 0.424741434375 0.4547766765625 0.5499221546874999 0.46120120625 0.5603126421875 0.4796367828125 0.5395316484375 0.48159206250000003 0.40841349843749997 0.488854559375 0.39406473124999997 0.49444109999999997 0.3564610328125 0.49807235937499994 0.45442856249999997 0.4975137140625 0.5167715625 0.4905305390625 0.5756509859375 0.49248581874999997 0.587031065625 0.49248581874999997 0.601379853125 0.515390634375 0.601379853125 0.521815153125 0.5820832109375 0.5324295765625 0.45781515156249997 0.5276810265625 0.4409924375 0.5301949625 0.38656603437500003 0.5372308734375 0.3388529078125 0.5128766875 0.344091396875
0 0.513678978125 0.59819010625 0.5043943328125 0.599583865625 0.4962112453125 0.602650140625 0.49227707187499997 0.613242703125 0.49762755 0.6319190671875 0.5034501265625 0.64139661875 0.5111611093749999 0.647807915625 0.5240651984375 0.6461353984375 0.5276846359375 0.64139661875 0.5278419999999999 0.6321978140625 0.52217679375 0.621884 0.51736760625 0.6046060640625 0.513678978125 0.59819010625
0 0.45988538593749995 0.5615210375 0.45495248750000006 0.5559287984375 0.437588684375 0.5831909921875 0.4452839953125 0.60136579375 0.45574174687499996 0.599967753125 0.46225317187500004 0.5880842000000001 0.4713297109375 0.5688608562499999 0.4837606140625 0.560122971875 0.4821713390625 0.5432649640625 0.45988538593749995 0.5615210375
4 0.5957806062500001 0.0485232765625 0.5805434671875 0.05884309375 0.5673230031250001 0.07868889531249999 0.5462598937500001 0.1619947015625 0.566874859375 0.1858096546875 0.5796471703125 0.16001012187500002 0.571132290625 0.216769115625 0.575613803125 0.28186333124999996 0.569787840625 0.3411737921875 0.61661964375 0.3423645078125 0.6269271187500001 0.3542719875 0.6307364046874999 0.24121959375 0.6361142140625 0.052684490625000004 0.6291678734375 0.053875242187500005 0.624238209375 0.0772932859375 0.61930854375 0.069354965625 0.6119140515625 0.041173928124999995 0.6041157234375001 0.030842121875 0.5957806062500001 0.0485232765625
3 0.615625 0.1328125 0.0078125 0.025
2 0.4015625 0.20078125 0.021875 0.0515625
1 0.5566575828125 0.5897613359375 0.5748529453125 0.5942848671875 0.5927290953125001 0.483457715625 0.589536925 0.61859900625 0.6153935140625 0.62312258125 0.6284814078125 0.49363571562499997 0.63007749375 0.350012765625 0.571312034375 0.34839221875000004 0.559849753125 0.44633899843749997 0.5566575828125 0.5897613359375
1 0.7146700125 0.35325535937499997 0.6830675312500001 0.353820784375 0.6355041859375 0.35659581406249996 0.6351849734374999 0.49739155156250003 0.614116640625 0.6596741625 0.636142621875 0.66532863125 0.6821098828125 0.48890988125 0.6699796250000001 0.716218653125 0.699028384375 0.72017675 0.712754715625 0.6155694796875 0.7204159234375 0.5895590328125 0.7200967109375 0.5194770421875 0.7382920796875 0.41204254999999995 0.7393232375000001 0.36110726406250004 0.7146700125 0.35325535937499997
4 0.66987446875 0.000027696874999999997 0.6590167140625 0.008957234375000001 0.64040344375 0.0371196140625 0.6353623515625 0.063179040625 0.6305151453125 0.352458365625 0.7167954234375 0.35108458593749997 0.745297 0.3627616765625 0.74704199375 0.1969488875 0.7427764531250001 0.140409565625 0.75324641875 0.1380054578125 0.7538280828125 0.088893009375 0.7404497921875001 0.0531748578125 0.7216426296875 0.0119616109375 0.7144687625 0.0281034625 0.7010799140625 0 0.66987446875 0.000027696874999999997
3 0.70234375 0.0828125 0.015625 0.03046875
0 0.66469520625 0.761144834375 0.6818157671875 0.7716280765625 0.6820271296875 0.7633912640625 0.701684071875 0.7862297265625 0.7188046421875 0.7851065109375 0.7352911109375 0.7809881046875 0.734445646875 0.7708792859375 0.712252321875 0.7517848078125 0.697456771875 0.7207095328124999 0.6784339312500001 0.729695165625 0.67228610625 0.7246025359375 0.66469520625 0.761144834375