4 0.61796875 0.36796875 0.18984375 0.38046875
4 0.2375 0.33828125 0.18046875 0.2890625
1 0.1421875 0.67734375 0.09296875 0.26171875
1 0.23046875 0.68046875 0.10078125 0.35
1 0.3765625 0.6296875 0.05234375 0.1796875
1 0.49296875 0.61875 0.06328125 0.1703125
1 0.60234375 0.6984375 0.11484375 0.3546875
0 0.57734375 0.9234375 0.03828125 0.08203125
0 0.6140625 0.853125 0.03515625 0.1234375
0 0.48125 0.7296875 0.01640625 0.03203125
0 0.5 0.71171875 0.0171875 0.0359375
0 0.3765625 0.73515625 0.01484375 0.03203125
0 0.3609375 0.725 0.021875 0.03125
0 0.20703125 0.8671875 0.05546875 0.08515625
0 0.25234375 0.86171875 0.0546875 0.0921875
0 0.09765625 0.80859375 0.065625 0.05703125
3 0.659375 0.29140625 0.0171875 0.03359375
3 0.26796875 0.30859375 0.01484375 0.028125