4 0.8078125 0.665625 0.2109375 0.1015625
3 0.76875 0.6921875 0.025 0.015625
4 0.74140625 0.34921875 0.2046875 0.146875
3 0.7234375 0.36953125 0.0296875 0.01875
4 0.52734375 0.42421875 0.134375 0.075
3 0.5015625 0.4359375 0.0171875 0.0140625
4 0.80859375 0.15703125 0.2875 0.1515625
3 0.77578125 0.140625 0.0375 0.025
3 0.4015625 0.11484375 0.0203125 0.0125
2 0.65546875 0.01953125 0.0578125 0.0390625
2 0.86796875 0.109375 0.046875 0.025
2 0.8984375 0.6796875 0.0296875 0.015625
3 0.5296875 0.91875 0.0109375 0.0078125
4 0.490625 0.79609375 0.0765625 0.0453125
3 0.475 0.81171875 0.0078125 0.0046875
3 0.51171875 0.596875 0.015625 0.009375
3 0.428125 0.61640625 0.009375 0.00625
4 0.459375 0.65625 0.06875 0.040625
3 0.44453125 0.66875 0.0078125 0.0046875
3 0.4109375 0.57734375 0.00625 0.0046875
3 0.37578125 0.609375 0.00625 0.0046875
4 0.48671875 0.75546875 0.0078125 0.0046875
1 0.51953125 0.65703125 0.0734375 0.04375