4 0.6336294515625001 0.0474604734375 0.627160121875 0.0415940765625 0.6213600078125 0.014999740624999999 0.618683046875 0.00913334375 0.6142214312500001 0.022821603125 0.580090065625 0.0400296984375 0.5669283140625 0.15461997656249998 0.5778592578125 0.1612685765625 0.5921364312499999 0.156966528125 0.5968211234374999 0.2035066140625 0.592582603125 0.262714221875 0.586336334375 0.31903163437500004 0.5901287015625 0.337560965625 0.6068597578125 0.34929375937499996 0.6392064703125 0.3555512421875 0.654599046875 0.3524224859375 0.6994382953125 0.33990751874999997 0.694530525 0.2549611671875 0.6820379875 0.1728316140625 0.6829302984375001 0.16657413125 0.7079153703125 0.160316646875 0.6994382953125 0.049181970312500004 0.6949766796875 0.040969014062499996 0.6795840859375 0.028845125 0.6686531421875 0.02219654375 0.6560228609375 0.0010748749999999999 0.6579452578125 0.013826456249999999 0.6539298140625001 0.0341633015625 0.6403218734375 0.0627130953125 0.6336294515625001 0.0474604734375
3 0.6640625 0.09921875 0.01796875 0.02890625
4 0.5381601296875 0.05400129375 0.5326841625000001 0.06840154375 0.5287140859374999 0.059041378125 0.5287140859374999 0.04680116875 0.523511925 0.04680116875 0.5158455640625 0.0607214 0.503250846875 0.069361546875 0.5180359578125 0.1040052109375 0.5250178125 0.191916421875 0.5172145546875 0.2163968390625 0.5091375140625 0.2873937390625 0.514339675 0.3013139796875 0.5148872734375 0.36275504999999997 0.5436360953125 0.360595009375 0.578682275 0.353154875 0.555333753125 0.2551174078125 0.569388328125 0.1596384125 0.5720235734375 0.09258814062500001 0.578358653125 0.043535209375 0.568004146875 0.0403210453125 0.5630757703125 0.0218407234375 0.5565046171875 0.026400825 0.5381601296875 0.05400129375
3 0.5484375 0.121875 0.01875 0.02890625
2 0.6296875 0.23515625 0.01796875 0.0609375
1 0.6243964578125001 0.5802623828125 0.6407418546875 0.6548461734375 0.6615654640625 0.6458176265625 0.6523851703125 0.49782764999999995 0.6750000640625 0.6155915390625 0.69559975 0.6085257234375 0.688658534375 0.48134069999999995 0.6906737421875 0.3416506015625 0.656191628125 0.3522493484375 0.6429809515625 0.35303444375000004 0.632905015625 0.3549971765625 0.608498871875 0.3502866171875 0.589036925 0.3419035125 0.5914817203125 0.374067321875 0.599542484375 0.42195797968750004 0.617455259375 0.5113112078125 0.6243964578125001 0.5802623828125
0 0.6335206203125 0.6841206140625 0.6259606468750001 0.7021939125000001 0.6282515515625 0.7158493 0.6342078984375 0.7210704875 0.64566241875 0.7194639656249999 0.6591787546875 0.7070134765625 0.6660514671875 0.694161334375 0.66395765625 0.6754446187500001 0.6587205640625 0.6829157453125 0.6536805828125 0.670063603125 0.6422260625 0.668055459375 0.6335206203125 0.6841206140625
0 0.7077459125 0.6865303796875 0.698353209375 0.6286958640625 0.6878150546875 0.6234746609374999 0.6759869125 0.6548732109375 0.6804841515625 0.6989809 0.68896050625 0.7182590671875 0.7036222953125 0.7154476765625 0.7077459125 0.6865303796875
1 0.5585736125 0.5938547765625 0.5617384875 0.5694414296875 0.55477575 0.551131453125 0.549078990625 0.46679444375 0.5535097953125 0.4346132296875 0.5639538890625 0.5106274890625 0.5607890156249999 0.5412645781250001 0.5649033609375 0.5756651734375 0.5588900953125 0.6222724625 0.5617384875 0.6555633765625 0.586424490625 0.6555633765625 0.5946531828125 0.5839879015625 0.5946531828125 0.4946572890625 0.5927542390625 0.40199757343750003 0.5800947421875 0.3542806140625 0.54496464375 0.3598290890625 0.5342040671875 0.3626033328125 0.51616429375 0.3637130125 0.5135762015625 0.368573209375 0.515214821875 0.4057611 0.523759996875 0.5239438640625 0.5417997703124999 0.6060614281250001 0.5585736125 0.5938547765625
0 0.5802804484374999 0.7100094640625 0.5852144234375001 0.7054785265625 0.588973640625 0.688590471875 0.58803383125 0.6733500078125 0.5854493703125 0.6576976765625 0.5634487109374999 0.6582481265625 0.5605445328124999 0.6815880859375001 0.5600746375 0.7013594875 0.5635989078125 0.709597565625 0.5802804484374999 0.7100094640625
0 0.5417484265625 0.6688190703125 0.5560804546875 0.658521471875 0.56077948125 0.6432810390625 0.5598396718750001 0.6206263234375 0.5650086125 0.5744930640625 0.5626590984375001 0.5695502140625 0.559134828125 0.59261684375 0.5405371265625 0.6083340640625 0.5377542609375 0.6255691578125 0.536109590625 0.6478119765625 0.5365795046875 0.659757196875 0.5417484265625 0.6688190703125
0 0.41839832968749996 0.6842875140625 0.4186602203125 0.6911740984375 0.4233739640625 0.6998970765625 0.4396102453125 0.700815309375 0.4610840140625 0.696224253125 0.47548715625 0.6953060203125 0.48439092031250003 0.686123909375 0.4797047984375 0.656824240625 0.4532277546875 0.6695961140625 0.4495614953125 0.66087311875 0.43882461250000004 0.672350740625 0.41839832968749996 0.6842875140625
0 0.5092255328124999 0.6541192328125 0.5028873609375 0.6785650546875 0.4999295609375 0.693010321875 0.5039437234374999 0.6981958046875001 0.5206342453125 0.69782541875 0.5290851421875 0.68967679375 0.5320429578125 0.671157228125 0.5352120453125 0.6537488328125 0.5316204203125 0.6437482796875 0.5291145046875 0.6590024296875 0.52591605625 0.659304703125 0.5263386109375 0.6530080625 0.5206342453125 0.6485633640625 0.5092255328124999 0.6541192328125
1 0.4464388578125 0.6018095328124999 0.4491306453125 0.659487246875 0.47844116562499994 0.6552924875 0.4736557796875 0.4728211796875 0.51044345 0.6526707734375 0.531080446875 0.6437569609375 0.5334731515625 0.62697800625 0.52928593125 0.6112477203125 0.530781365625 0.5913226765624999 0.525098709375 0.57139763125 0.511938884375 0.37951583125 0.49219915625 0.3821375453125 0.4590005203125 0.3700776640625 0.43868417656250003 0.37940159218749997 0.4308863515625 0.46548039062499996 0.43447538437500005 0.5236824390625 0.4422516609375 0.56562986875 0.4464388578125 0.6018095328124999
4 0.454668575 0.0816401234375 0.44891621718749997 0.121575634375 0.43879206249999997 0.2706639421875 0.44546480156249996 0.3737859984375 0.4560491390625 0.38225715937500004 0.45719960937500004 0.3721724359375 0.465483003125 0.3721724359375 0.497005940625 0.3826605421875 0.5117319640625 0.38185377656249997 0.5156435796875 0.36975210937499997 0.514263015625 0.29633535 0.5096611296875 0.2858472125 0.517944521875 0.21404396874999998 0.525307534375 0.1942779203125 0.519555175 0.1112176484375 0.5009175375 0.066038084375 0.495165178125 0.05877709062499999 0.4879390859375 0.034872679687500005 0.46341215 0.0836570671875 0.46019084374999997 0.062680840625 0.4514472515625 0.078816396875 0.454668575 0.0816401234375
0 0.3256296203125 0.8018557124999999 0.3157083 0.8247642640624999 0.2997373953125 0.8447031703125001 0.2881221796875 0.852339365625 0.2857023453125 0.86039976875 0.2985274859375 0.8693086421875 0.30893275625 0.8748236734375 0.3343410203125 0.868884415625 0.3524897828125 0.852339365625 0.35732945156249996 0.8459758796875001 0.35757143125 0.8531878171875 0.3701545828125 0.8451274124999999 0.37112252031250004 0.8239157968749999 0.36642421718749996 0.7929551765625 0.35757143125 0.807794971875 0.34377838125000004 0.8073707296875 0.338212753125 0.797613390625 0.3256296203125 0.8018557124999999