2 0.30859375 0.471875 0.01953125 0.040625
2 0.49375 0.51328125 0.01953125 0.03359375
4 0.674127465625 0.42087042500000005 0.658573596875 0.4149357078125 0.6570561453125 0.4159248265625 0.6574355078125 0.42037586562499996 0.65364188125 0.4253214640625 0.631259484375 0.3991097921875 0.6286039453125001 0.400593471875 0.62443095625 0.40999010937499997 0.6138088015625 0.4188921859375 0.6069802734375 0.42878338281249995 0.6016691953125 0.44362017812500004 0.5997723828125 0.459940653125 0.6001517453125 0.470326409375 0.605462821875 0.48269040625 0.6103945375000001 0.5276953515625 0.6084977234375 0.563303659375 0.6058421843749999 0.5840751734375 0.6062215484375 0.6068249265625 0.6616084984375 0.6186943625 0.6699544765625001 0.619188921875 0.674506828125 0.6157270031250001 0.67905918125 0.6201780421875001 0.6896813359375 0.6236399609375 0.6930956 0.6216617203125 0.693854325 0.609792284375 0.6991654015625001 0.6008902078125 0.6961305 0.582096934375 0.688543246875 0.5613254203125 0.687025796875 0.5608308609375 0.685887709375 0.56627101875 0.68209408125 0.569238378125 0.6775417296875 0.5593471812499999 0.674127465625 0.4980217609375 0.673748103125 0.49653808125000004 0.6714719265625 0.4975272015625 0.6608497718749999 0.48170128593749995 0.68057663125 0.4614243328125 0.6843702578124999 0.451038575 0.674127465625 0.42087042500000005
3 0.6546875 0.46328125 0.01640625 0.0203125
2 0.68515625 0.59921875 0.0171875 0.0453125
4 0.76289833125 0.49505440156249997 0.7602427921875 0.4851632046875 0.7594840671875 0.47428288749999997 0.7549317140625 0.46488625156249996 0.755311078125 0.45252225468749996 0.757966615625 0.44411473749999997 0.757966615625 0.43768545937500003 0.7484825500000001 0.434223540625 0.7503793625 0.42185954531250003 0.755690440625 0.41196834843749996 0.756069803125 0.40702275 0.7503793625 0.39713155312500004 0.744309559375 0.3926805140625 0.7314112296874999 0.390702275 0.70751138125 0.3620178046875 0.7044764796874999 0.3620178046875 0.6976479515625 0.37636003906250004 0.6843702578124999 0.39119683437499997 0.674506828125 0.407517309375 0.673368740625 0.41444114687500005 0.674886190625 0.42581602343749997 0.6824734453125 0.4490603359375 0.69461305 0.47279920937500003 0.6855083453125 0.48170128593749995 0.68209408125 0.49455984218750004 0.6828528078125 0.516320475 0.6919575109375 0.5637982203125 0.702959028125 0.5672601390625001 0.7044764796874999 0.5558852625 0.70864946875 0.552917903125 0.715098634375 0.590009890625 0.716995446875 0.5944609296875 0.7412746578125 0.5914935703124999 0.7610015171875 0.5850642921875 0.7651745062499999 0.582096934375 0.7678300453125 0.5771513359375 0.7682094078125 0.5647873390625 0.76289833125 0.49505440156249997
2 0.7546875 0.51796875 0.015625 0.04296875
3 0.7296875 0.42734375 0.0109375 0.0203125
0 0.362242209375 0.8048558734375 0.353206278125 0.8039490609375 0.3460818265625 0.8050825828124999 0.341042553125 0.8078030390625001 0.33895734843750003 0.8157376875000001 0.3391311265625 0.8229922421874999 0.3469506640625 0.8236723453125 0.35911438906250004 0.8250325859375 0.369192909375 0.8275263328125 0.3829205296875 0.8279797343749999 0.4004710578125 0.8250325859375 0.40950696249999996 0.8193649734375 0.40811681718750004 0.8143774640625001 0.4048152328125 0.8116570171875 0.3949104765625 0.8098433734375 0.38587457187499996 0.8055359937500001 0.3792714015625 0.797147925 0.37162564374999996 0.7976013359375 0.36494744843750004 0.8001374359375 0.362242209375 0.8048558734375
0 0.436788453125 0.7404717984375 0.43331310468749995 0.7438723671874999 0.43174919375 0.7493132703125001 0.434181940625 0.7531672484375 0.44478175625 0.7656359953125 0.44686697343750004 0.7722104296875 0.4496472515625 0.776291109375 0.45677171562499996 0.7808252 0.4632011203125 0.784905878125 0.47206326093750006 0.784905878125 0.474148465625 0.7821854234375001 0.47345339218750004 0.7769712203125 0.46841414531250003 0.770623496875 0.4647650171875 0.7676763390625 0.46111590312499995 0.766996228125 0.4562504203125 0.769943384375 0.45138492656249996 0.769943384375 0.452427528125 0.76336895 0.4496472515625 0.7552075921875 0.44617190156250003 0.7509002031249999 0.4435653890625 0.74273884375 0.44337313749999996 0.73556454375 0.436788453125 0.7404717984375
0 0.5003463546875 0.7987348578125 0.495828390625 0.7860394015625001 0.49339565625 0.783999065625 0.492353040625 0.791253603125 0.4970447703125 0.8028155375000001 0.49860868125 0.8091632703125 0.5088609515625 0.8125638374999999 0.518939471875 0.8125638374999999 0.5218935140625 0.810976896875 0.5227623515625 0.806896234375 0.522414821875 0.8007751937500001 0.5203296171875 0.7964678140625 0.5177231046874999 0.7964678140625 0.5125100796875001 0.7978280546875001 0.505939890625 0.79843815 0.5003463546875 0.7987348578125
0 0.6562845359375 0.8744050328125 0.6496568421875 0.8776990421875001 0.6449227765625001 0.878659790625 0.6397679125 0.8778362906250001 0.6330350171875 0.87138553125 0.628406153125 0.8617780140625 0.625355309375 0.860268253125 0.6233564796875 0.8634250078125 0.6208316515625001 0.868503265625 0.62041084375 0.8755030390625 0.62041084375 0.8809930515625 0.6225148734375 0.8834635515624999 0.6277749453125 0.8863458046874999 0.6348234390624999 0.8906005734375 0.64060951875 0.8948553296874999 0.6524972859375 0.8967768375 0.6622810140625 0.8973258296875001 0.668908709375 0.8956788296875 0.6710127375 0.8919730765624999 0.6712231375 0.8875810609375 0.67027633125 0.88428705 0.6684879015625 0.8811303 0.6658578656249999 0.8776990421875001 0.662070615625 0.87536578125 0.659064040625 0.8726057687500001 0.6562845359375 0.8744050328125
0 0.7704641453125001 0.8125155749999999 0.7661761453125 0.81319366875 0.759159421875 0.817092734375 0.75162295 0.8230260859375 0.745385859375 0.8255689515625001 0.743176896875 0.8320108765625 0.7429170125 0.84014805625 0.7442164046874999 0.84353854375 0.7511031906250001 0.8469290234375 0.7521426984375 0.8443861578125 0.7537019765624999 0.8477766453125 0.7614983328125 0.8526928406250001 0.768255171875 0.8555747625000001 0.7800796453125 0.85659190625 0.78722630625 0.8572700062499999 0.795412484375 0.8542185625000001 0.800090303125 0.85252331875 0.7998304218750001 0.8491328328125001 0.7982711499999999 0.8443861578125 0.7922939453125 0.8411651859375 0.78722630625 0.8345537406249999 0.7718859499999999 0.813493796875 0.7704641453125001 0.8125155749999999
1 0.44605791874999995 0.6050459515625 0.44605791874999995 0.6170894984374999 0.4507717609375 0.6278518109375 0.45352151249999995 0.641432828125 0.46078871250000003 0.6529638828125 0.46471692343750004 0.663469959375 0.46550255468749996 0.6785884453125 0.45725331562499993 0.6972943859375 0.4517538140625 0.716769059375 0.44645073437500005 0.7349624953125 0.44939689375 0.7418811203125 0.45705690781249997 0.7470060328125 0.46727025156249996 0.7513622203125 0.47768001875 0.753668415625 0.479644125 0.75315593125 0.4814118234375 0.7562308718749999 0.48396515156250003 0.7736555828125 0.5024277484375 0.7705806421875 0.5195154625 0.7598183140625 0.52874676875 0.7500809921875 0.5045882625 0.6791009390625 0.5104805796874999 0.6586012890624999 0.5159800812500001 0.64066409375 0.520497515625 0.6181144796875 0.5206939375 0.6009460203125 0.52422931875 0.5924899140625 0.5197118859375001 0.594796125 0.49967799687500003 0.599152303125 0.48475079687499995 0.60043353125 0.461181528125 0.5996647921875 0.44401605625 0.59740645 0.44605791874999995 0.6050459515625
1 0.6090185640625 0.6462288984375 0.6094478796875 0.6546305953125 0.6150290921875 0.6661129046875 0.624474184375 0.705501503125 0.6234008765625 0.72762596875 0.62812345625 0.7377080125 0.62812345625 0.7466698234375 0.6240448671875 0.75927236875 0.6229715609375 0.8200446421875001 0.628552771875 0.836287909375 0.6264061578125 0.8441295015625 0.6242595421875 0.860372790625 0.6375685484375 0.8637334609374999 0.651092228125 0.8598126640625001 0.64787230625 0.8407688312499999 0.6480869640625 0.81780418125 0.654956125 0.78391734375 0.6613959703125001 0.75031055625 0.66225461875 0.6794562453124999 0.6684798046875 0.6951394140625 0.6766369484375 0.7265057500000001 0.6742756578125 0.744149309375 0.6592493546875 0.8057617734375 0.6545268078124999 0.8267660046875 0.66611853125 0.8343275234374999 0.6785688890625 0.8357278046875001 0.6991764046875 0.7718371375 0.7135587171875 0.71162496875 0.7114121015625 0.689780559375 0.7056162484375 0.6668159203124999 0.7047576 0.643571228125 0.69660045625 0.6094043265625 0.6946685 0.606323703125 0.6942391828125001 0.6180860828125 0.6916632515625001 0.623127096875 0.6813594937499999 0.6189262484375 0.6712704109375001 0.6178060203125 0.649160271875 0.6158456250000001 0.625118175 0.6096843875 0.6073185234375 0.6067365609375 0.6090185640625 0.6462288984375