1 0.63046875 0.65390625 0.19453125 0.4078125
4 0.60234375 0.26875 0.14140625 0.41640625
2 0.63671875 0.35078125 0.0328125 0.07265625
3 0.6546875 0.1375 0.0171875 0.03671875
4 0.7125 0.8890625 0.07109375 0.08828125
0 0.575 0.88125 0.059375 0.0640625
4 0.32265625 0.36015625 0.13203125 0.24140625
1 0.33984375 0.5984375 0.09453125 0.24375
0 0.3234375 0.75546875 0.0296875 0.053125
0 0.359375 0.73515625 0.03125 0.05
0 0.19609375 0.746875 0.021875 0.05546875
0 0.2078125 0.73359375 0.01328125 0.03828125
1 0.20234375 0.6140625 0.06875 0.20703125
4 0.20546875 0.4109375 0.10546875 0.196875
1 0.1140625 0.5921875 0.0421875 0.16796875
4 0.1078125 0.421875 0.05859375 0.16015625
3 0.13125 0.37265625 0.01171875 0.02265625
0 0.1078125 0.69921875 0.01015625 0.03125
0 0.1203125 0.70390625 0.01953125 0.02734375