1 0.1984375 0.815625 0.396875 0.1625
4 0.559375 0.86875 0.39375 0.20625
2 0.490625 0.8734375 0.065625 0.034375
3 0.6421875 0.85546875 0.05 0.0328125
4 0.51484375 0.57578125 0.2953125 0.15625
3 0.5765625 0.55703125 0.0265625 0.01875
2 0.484375 0.5625 0.0546875 0.0265625
4 0.47265625 0.41328125 0.153125 0.0765625
2 0.43515625 0.4 0.0265625 0.015625
1 0.31171875 0.47734375 0.21875 0.0875
4 0.484375 0.5 0.178125 0.0859375
2 0.415625 0.5046875 0.0328125 0.0171875
3 0.5046875 0.4015625 0.015625 0.009375
3 0.53046875 0.50234375 0.0234375 0.0140625
1 0.275 0.54453125 0.275 0.1171875
0 0.11875 0.5484375 0.0609375 0.04375
0 0.1421875 0.50078125 0.040625 0.0265625
0 0.18359375 0.4734375 0.025 0.0203125
0 0.1984375 0.45 0.0296875 0.015625
0 0.25 0.40078125 0.0296875 0.0140625
0 0.23046875 0.38515625 0.0140625 0.0140625
0 0.01015625 0.79609375 0.0203125 0.0578125
0 0.040625 0.75390625 0.08125 0.0453125
1 0.325 0.3984375 0.1671875 0.065625