4 0.584375 0.0859375 0.08125 0.1390625
4 0.421875 0.10859375 0.059375 0.10859375
1 0.59140625 0.21171875 0.07578125 0.14296875
1 0.43046875 0.2234375 0.06328125 0.12109375
1 0.49375 0.20390625 0.0640625 0.13125
0 0.58203125 0.30078125 0.02578125 0.02890625
0 0.596875 0.26796875 0.02890625 0.04609375
0 0.48203125 0.28046875 0.01875 0.02578125
0 0.5203125 0.278125 0.0265625 0.021875
0 0.46640625 0.28828125 0.03046875 0.02734375
0 0.4390625 0.2609375 0.01875 0.02109375
0 0.4078125 0.24609375 0.01328125 0.02265625
2 0.43046875 0.13984375 0.01875 0.025
3 0.6078125 0.046875 0.0078125 0.0125
3 0.5125 0.0765625 0.00390625 0.01171875
3 0.49453125 0.071875 0.00546875 0.00703125
3 0.434375 0.08515625 0.0078125 0.01015625