4 0.39375 0.82421875 0.271875 0.203125
3 0.33125 0.8625 0.0234375 0.01875
4 0.46796875 0.4453125 0.2 0.115625
3 0.41015625 0.45 0.0171875 0.0140625
4 0.45390625 0.31640625 0.253125 0.1703125
3 0.3921875 0.35703125 0.0203125 0.0140625
4 0.54375 0.22890625 0.15 0.075
3 0.5046875 0.2328125 0.0125 0.0109375
1 0.6609375 0.8546875 0.3 0.1375
1 0.71171875 0.1703125 0.3078125 0.125
1 0.675 0.33984375 0.2609375 0.109375
1 0.63828125 0.44609375 0.196875 0.1078125
1 0.625 0.5640625 0.2 0.090625
1 0.6875 0.22265625 0.175 0.0625
0 0.88046875 0.190625 0.05 0.096875
0 0.8640625 0.215625 0.0421875 0.065625
0 0.76640625 0.2046875 0.0484375 0.0265625
0 0.78359375 0.234375 0.0390625 0.0421875
0 0.796875 0.3265625 0.05 0.0578125
0 0.81171875 0.371875 0.0484375 0.0515625
0 0.7640625 0.43515625 0.0421875 0.0390625
0 0.76328125 0.4671875 0.0359375 0.0296875
0 0.7421875 0.55390625 0.0328125 0.0296875
0 0.73828125 0.584375 0.03125 0.0328125
0 0.828125 0.82734375 0.04375 0.05625
0 0.8328125 0.925 0.05625 0.06875