4 0.12421875 0.453125 0.16015625 0.340625
2 0.0828125 0.4484375 0.03984375 0.065625
3 0.1078125 0.3765625 0.0265625 0.03125
1 0.159375 0.72421875 0.1625 0.2609375
1 0.70390625 0.73984375 0.10390625 0.24296875
1 0.9078125 0.73984375 0.09296875 0.225
1 0.80859375 0.74375 0.1046875 0.19453125
4 0.703125 0.53515625 0.11875 0.19921875
4 0.903125 0.53671875 0.13203125 0.22109375
4 0.80546875 0.58046875 0.11015625 0.1734375
3 0.92578125 0.49140625 0.01640625 0.02109375
3 0.83203125 0.534375 0.015625 0.02109375
3 0.7328125 0.4984375 0.0140625 0.01875
2 0.8078125 0.59765625 0.0203125 0.03828125
2 0.90390625 0.5859375 0.021875 0.0421875
0 0.69296875 0.8828125 0.0375 0.0484375
0 0.7328125 0.8796875 0.04453125 0.03125
0 0.78125 0.83203125 0.04375 0.06171875
0 0.84609375 0.84765625 0.040625 0.04609375
0 0.87578125 0.83046875 0.0359375 0.0734375
0 0.9296875 0.86796875 0.0515625 0.0375