4 0.2921875 0.72734375 0.3625 0.5125
1 0.41328125 0.3703125 0.2890625 0.4234375
2 0.35 0.56796875 0.065625 0.0953125
4 0.47734375 0.709375 0.3953125 0.58125
3 0.32734375 0.8890625 0.028125 0.0359375
3 0.54765625 0.87109375 0.046875 0.0609375
4 0.73125 0.76484375 0.403125 0.4703125
3 0.69765625 0.9421875 0.0421875 0.059375
2 0.5671875 0.59453125 0.075 0.1046875
2 0.65390625 0.7203125 0.0515625 0.0953125
1 0.60078125 0.3390625 0.25625 0.428125
1 0.7625 0.39765625 0.246875 0.45
0 0.4890625 0.1578125 0.065625 0.109375
0 0.53828125 0.16953125 0.075 0.109375
0 0.64296875 0.1140625 0.0953125 0.0859375
0 0.66640625 0.24140625 0.103125 0.0953125
0 0.7578125 0.25234375 0.0921875 0.084375
0 0.8296875 0.1671875 0.10625 0.109375