4 0.496875 0.74453125 0.2328125 0.3125
4 0.77890625 0.75703125 0.1359375 0.178125
1 0.5421875 0.44921875 0.2390625 0.3609375
1 0.8015625 0.6203125 0.1078125 0.1515625
1 0.66328125 0.659375 0.0796875 0.13125
1 0.621875 0.55390625 0.1109375 0.178125
0 0.65390625 0.4640625 0.05 0.04375
0 0.78125 0.56953125 0.0203125 0.021875
0 0.6828125 0.59140625 0.03125 0.0453125
0 0.60625 0.290625 0.0625 0.0609375
0 0.503125 0.24921875 0.0734375 0.0796875
0 0.5578125 0.42890625 0.0296875 0.0421875
0 0.8390625 0.159375 0.1265625 0.096875
0 0.1890625 0.2078125 0.09375 0.1203125
3 0.446875 0.78984375 0.01875 0.0265625
2 0.5 0.66328125 0.0375 0.0609375
3 0.7546875 0.78359375 0.0125 0.0140625
2 0.7734375 0.72578125 0.0171875 0.0265625