4 0.81171875 0.23203125 0.3296875 0.4640625
4 0.62578125 0.4171875 0.159375 0.203125
4 0.50390625 0.41875 0.115625 0.1671875
4 0.3734375 0.4671875 0.1015625 0.1390625
1 0.840625 0.6546875 0.2453125 0.490625
1 0.63671875 0.5796875 0.125 0.1859375
1 0.5109375 0.58984375 0.109375 0.1890625
1 0.37578125 0.559375 0.0734375 0.1265625
1 0.4296875 0.55703125 0.059375 0.1171875
3 0.8640625 0.103125 0.0296875 0.0421875
3 0.64921875 0.36328125 0.0140625 0.01875
3 0.5203125 0.37734375 0.0140625 0.0140625
3 0.38046875 0.4421875 0.0109375 0.0125
0 0.3734375 0.6203125 0.0265625 0.0484375
0 0.39375 0.6359375 0.01875 0.0265625
0 0.42421875 0.62890625 0.0203125 0.0265625
0 0.44140625 0.609375 0.03125 0.04375
0 0.49921875 0.678125 0.0421875 0.0546875
0 0.5375 0.69296875 0.0515625 0.0515625
0 0.63671875 0.70546875 0.034375 0.0359375
0 0.665625 0.6765625 0.0375 0.05625
0 0.734375 0.66328125 0.0296875 0.0640625
0 0.75703125 0.68515625 0.0328125 0.0515625
0 0.853125 0.92265625 0.0921875 0.103125
0 0.93515625 0.68671875 0.028125 0.03125
0 0.21484375 0.6640625 0.10625 0.0890625
0 0.26953125 0.66796875 0.0625 0.0625
2 0.62578125 0.4578125 0.0265625 0.0484375