3 0.36875 0.42109375 0.02578125 0.03828125
4 0.7558402078124999 0.43988836875 0.7516735421875 0.43409366718750003 0.744729096875 0.42747115 0.7354698375 0.425815521875 0.7298601671875 0.42372861406249995 0.7270072046875 0.4154389640625 0.7254024140625 0.41352596718749995 0.725747615625 0.42250426250000006 0.7229698375 0.44485525625 0.7207663515625 0.4562495453125 0.7113957640625 0.44485525625 0.700438996875 0.42340978125 0.6993691359375 0.41193180468749996 0.6924142828125001 0.4316102234375 0.67806243125 0.4489943296875 0.6711179859375 0.46389499218749997 0.6674142828125 0.4953519453125 0.66648835625 0.5226698265625 0.66648835625 0.5441930046875 0.667134765625 0.5493308406249999 0.6837510515624999 0.5357670156250001 0.6866408390625 0.577104390625 0.6908102515625 0.695692878125 0.7200531109375 0.68804089375 0.748771296875 0.672051171875 0.7434117359375 0.65424463125 0.7425201859375 0.645317315625 0.7422692718749999 0.6429858312500001 0.7448382171875 0.6478679781250001 0.7476876265625 0.6610709328125 0.752022309375 0.6649463109375 0.7585243328125 0.6604250359375 0.7375733656250001 0.6139204890625 0.7426304953125 0.565478253125 0.7426304953125 0.5086393625000001 0.7523835328125 0.49765912187500005 0.7576920609375 0.48541817031249995 0.76648835625 0.47465658125 0.76602539375 0.4705175078125 0.7558402078124999 0.43988836875
3 0.7078125 0.48828125 0.01484375 0.0234375
3 0.940625 0.36640625 0.01953125 0.03828125
1 0.48381149375000004 0.9636775484375001 0.479838034375 0.93719579375 0.47116866875 0.9016714875 0.46851417656249994 0.8758836109375 0.4592608875 0.8583038921874999 0.45888706562500003 0.8261015984375 0.4606481484375 0.771523178125 0.45416666718750004 0.7632450328125 0.4513888890625 0.7516556296875 0.4481481484375 0.7483443703125 0.43333333281249997 0.6697019875 0.4268518515625 0.666390728125 0.40601851875 0.681291390625 0.3925925921875 0.678807946875 0.38240740781250004 0.6721854296875 0.36296296250000004 0.6713576156250001 0.3578703703125 0.673841059375 0.35601851875 0.696192053125 0.3583333328125 0.8336092718750001 0.36064814843750004 0.845198675 0.36064814843750004 0.8973509937499999 0.366203703125 0.9403973515624999 0.36944444375 0.9991721859375 0.40092592656250003 0.9991721859375 0.39953703749999997 0.931291390625 0.3956729390625 0.9042550734375 0.3978402796875 0.8926289359374999 0.39422804375 0.8777733171875 0.3958333328125 0.8766556296875001 0.3981481484375 0.8700331125 0.3963953859375 0.8590423203125 0.3986111109375 0.850993378125 0.396756609375 0.8370818390625001 0.398201503125 0.8248098046875001 0.396756609375 0.8073706015625 0.397222221875 0.788907284375 0.40046296249999996 0.7731788078124999 0.40831576406250003 0.70531895625 0.4175925921875 0.7822847687500001 0.41805555625 0.8203642390624999 0.425 0.8741721859375 0.42998917968750006 0.8881076609375 0.4328703703125 0.903973509375 0.440277778125 0.9147351 0.4574074078125 0.968543046875 0.46342592656250003 0.9991721859375 0.49305555625 0.9991721859375 0.4921296296875 0.9817880796875 0.48381149375000004 0.9636775484375001
3 0.525 0.55703125 0.00703125 0.01640625
1 0.7643518515625 0.66721854375 0.75601851875 0.663907284375 0.7328703703125 0.6829470203125 0.6972222218749999 0.6970198671875 0.696759259375 0.7168874171875 0.7083333328125 0.8617549671875 0.7171296296875 0.9056291390625001 0.7377516749999999 0.9068386593750001 0.7379629624999999 0.8899006625 0.7308884265625 0.8493538718750001 0.731610875 0.8041411187499999 0.7287210859375 0.7854101203125 0.7287210859375 0.7705545015624999 0.7301659796875 0.6872338546875 0.7373904515625 0.7137156109375 0.7381128984374999 0.736967884375 0.7417251359375 0.7544070890625 0.744976146875 0.766679121875 0.740280240625 0.77895115625 0.7359455578125 0.8558128375 0.752923065625 0.8667930765625 0.7550904078125 0.8480620796875 0.754729184375 0.8487079765625 0.765740740625 0.7996688734374999 0.7708333328125 0.7591059609374999 0.7708333328125 0.740066225 0.7742352578125 0.727925334375 0.7708333328125 0.6928807953125 0.7643518515625 0.66721854375
0 0.765740740625 0.903973509375 0.75601851875 0.8733443703124999 0.7523148140625 0.8683774828124999 0.7366680046875 0.8590423203125 0.7326945453125 0.8661471796875 0.7398148140624999 0.8899006625 0.747222221875 0.918874171875 0.7518518515625 0.928807946875 0.7597222218749999 0.9346026484375001 0.7638888890625 0.9337748343750001 0.76805555625 0.9271523171875 0.76805555625 0.91721854375 0.765740740625 0.903973509375
0 0.7365740734374999 0.90728476875 0.7194444437499999 0.9089403968750001 0.7171296296875 0.931291390625 0.7185185187500001 0.9428807953125 0.728240740625 0.9478476828125 0.7365740734374999 0.9470198671875 0.7402777781250001 0.938741721875 0.7398148140624999 0.9197019875000001 0.7365740734374999 0.90728476875
4 0.547222221875 0.6432119203125 0.5203703703125 0.6605960265624999 0.5259259265625 0.76738410625 0.5292578125 0.7875167859375 0.529959575 0.796300434375 0.5322052140625 0.804582159375 0.541889534375 0.8023235062499999 0.5448369359375 0.7890225531249999 0.5427447296875 0.691961865625 0.5442755265625 0.7180004859375 0.5468018703124999 0.7250274046875 0.5448369359375 0.729544709375 0.5483457484375001 0.7897754375 0.5579107421875 0.7950103984375 0.5611111109375 0.7905629140625 0.5604384109375 0.7611128546875 0.5643518515625 0.7442052984374999 0.561449478125 0.6774989125 0.5638888890625 0.6705298015625 0.5648148140625 0.6572847687500001 0.5671296296875 0.653973509375 0.566203703125 0.6506622515625 0.547222221875 0.6432119203125
0 0.558515590625 0.7955298015625 0.5557378140625 0.793874171875 0.548626453125 0.7902773609375 0.5469415171875001 0.8013245031249999 0.5469415171875001 0.803807946875 0.5483304062500001 0.8087748343750001 0.5501822578125 0.8120860921874999 0.551571146875 0.8170529796875 0.5534229984375 0.8203642390624999 0.5557378140625 0.8220198671875 0.5589785546875 0.8220198671875 0.5594415171875 0.821192053125 0.56083040625 0.821192053125 0.563608184375 0.8170529796875 0.5639248718750001 0.812863884375 0.5626822578125 0.8079470203125 0.5595739453124999 0.8010687000000001 0.558515590625 0.7955298015625
0 0.5421296296875 0.8013245031249999 0.5393518515625 0.8021523171875 0.5324074078125001 0.803807946875 0.5314814812499999 0.8145695359375 0.5301223562499999 0.81682285625 0.5310185187500001 0.8195364234375001 0.5324074078125001 0.8220198671875 0.5361111109375 0.8228476828125 0.5421296296875 0.8220198671875 0.54398148125 0.818708609375 0.54398148125 0.8087748343750001 0.54305555625 0.803807946875 0.5421296296875 0.8013245031249999