4 0.5328125 0.3890625 0.284375 0.2125
3 0.58125 0.35 0.0296875 0.0328125
4 0.54765625 0.52109375 0.24375 0.1390625
3 0.59765625 0.4796875 0.028125 0.0234375
1 0.19140625 0.16328125 0.3078125 0.153125
0 0.0203125 0.18125 0.03125 0.0359375
0 0.04375 0.2109375 0.0375 0.040625
1 0.3046875 0.46171875 0.284375 0.159375
1 0.39296875 0.85 0.2875 0.14375
1 0.45546875 0.95625 0.1859375 0.0875
3 0.61328125 0.7203125 0.01875 0.015625
4 0.61328125 0.928125 0.1921875 0.14375
3 0.63671875 0.9015625 0.0125 0.0109375
2 0.57109375 0.9265625 0.0375 0.025
4 0.5703125 0.6140625 0.275 0.1984375
2 0.52578125 0.60859375 0.0609375 0.034375
0 0.35546875 0.96328125 0.0359375 0.0375
0 0.35703125 0.91484375 0.046875 0.0375
0 0.3421875 0.78046875 0.0640625 0.05625
0 0.26015625 0.86875 0.0390625 0.05
0 0.228125 0.73515625 0.0671875 0.04375
0 0.18359375 0.67265625 0.0484375 0.0515625
0 0.18984375 0.60390625 0.0625 0.0578125
0 0.228125 0.6328125 0.0640625 0.0375
0 0.1921875 0.52734375 0.0796875 0.0578125
0 0.15 0.48984375 0.0640625 0.0484375
1 0.33671875 0.6546875 0.2859375 0.1890625
4 0.459375 0.1046875 0.2890625 0.209375
3 0.51796875 0.0421875 0.03125 0.0234375
2 0.484375 0.39375 0.053125 0.040625
2 0.39296875 0.1125 0.05625 0.0359375