1 0.4453125 0.7015625 0.0984375 0.31484375
4 0.428125 0.39765625 0.14921875 0.3140625
4 0.234375 0.30625 0.2609375 0.60546875
3 0.29140625 0.15859375 0.0359375 0.04765625
2 0.25546875 0.5 0.04765625 0.15
3 0.4703125 0.328125 0.0171875 0.03671875
2 0.4234375 0.4390625 0.02578125 0.0609375
2 0.50703125 0.48046875 0.015625 0.03984375
3 0.5078125 0.4375 0.00859375 0.0171875
4 0.6546875 0.46953125 0.075 0.1390625
3 0.67265625 0.43515625 0.00859375 0.0125
0 0.48203125 0.875 0.0453125 0.05390625
0 0.659375 0.7203125 0.0171875 0.0234375
1 0.65546875 0.62421875 0.05390625 0.1671875
0 0.64609375 0.7 0.01328125 0.03515625
0 0.41953125 0.8609375 0.03046875 0.04609375