1 0.181748028125 0.6713170921875 0.1765484453125 0.6359323828125001 0.1804481265625 0.551241084375 0.15087547343750002 0.5535613921875 0.10310425625 0.549500846875 0.0904302546875 0.6660964093749999 0.09497989999999999 0.7786314046875 0.11675317656249999 0.7786314046875 0.11740311562500001 0.651594475 0.141468678125 0.593650865625 0.1531502828125 0.6446335421875 0.161924603125 0.7855923812500001 0.18434783125 0.7826919953125 0.181748028125 0.6713170921875
0 0.063779128125 0.815487953125 0.06432016874999999 0.82321395625 0.0797397359375 0.8261111968750001 0.09813500625 0.8203166984375001 0.1130135359375 0.8188680796875 0.11707131562499999 0.8159708390624999 0.11235166249999999 0.789760671875 0.0992170859375 0.79569014375 0.0919130890625 0.7908613984375 0.0802807765625 0.8058304640625 0.063779128125 0.815487953125
0 0.1611658734375 0.8193509640625001 0.17523283750000002 0.8135564671875001 0.179020103125 0.8082448359375001 0.183077884375 0.8058304640625 0.1806432109375 0.782169625 0.178479075 0.7903784953125 0.16549416875 0.7850668640625 0.1590239390625 0.7879509546875 0.1557554984375 0.8005188890625 0.1492630453125 0.808727721875 0.1487220171875 0.8174194968749999 0.1611658734375 0.8193509640625001
1 0.42182673125000003 0.8597220890624999 0.42423949843750003 0.645458790625 0.432081028125 0.5948539015625001 0.44173216249999997 0.6761447453125 0.4287634609375 0.7983502421875001 0.4423353484375 0.8075021546875 0.47038392656249994 0.6691461984375 0.47400308750000003 0.56309124375 0.4577168171875 0.55663105 0.40041328906249996 0.5749349484375 0.3871430171875 0.5770883453125 0.3858076921875 0.5865918828125001 0.3925717578125 0.6949869953125 0.39046058437500003 0.7369782921875 0.3992069171875 0.87210415625 0.42182673125000003 0.8597220890624999
0 0.40455585625 0.918336325 0.4236557125 0.9190774984375001 0.4216168734375 0.8751617546875 0.407877584375 0.86942006875 0.3954211515625 0.876831625 0.3954211515625 0.9042543859375 0.40455585625 0.918336325
0 0.4464925046875 0.8560792749999999 0.43984908125000005 0.8212449578125 0.42822306406250005 0.819762640625 0.42213597968750005 0.84553291875 0.422825296875 0.8716435296875 0.435281728125 0.8990662921875 0.44400122499999994 0.8990662921875 0.4464925046875 0.8560792749999999
4 0.5051159125 0.39563181875 0.5021489484375 0.40569425781249996 0.48850089375000005 0.41416787499999996 0.472775996875 0.44859201875 0.4739627875 0.46977608281250005 0.5045225062500001 0.4210526921875 0.53419215 0.47136484375 0.5146101890625 0.5492163015625 0.4947315375 0.5502754890625 0.48731412656249995 0.534387440625 0.48583064531250003 0.5735779671875 0.5427963499999999 0.5746371531250001 0.540126078125 0.4883121390625 0.5422029671875 0.4639504328125 0.557631171875 0.461832059375 0.5457633140625 0.4162862890625 0.5338954578124999 0.40675344375 0.52707143125 0.407283059375 0.524104465625 0.390865396875 0.5216053140625 0.3931308953125 0.519357328125 0.41522708281250004 0.5146101890625 0.4263487078125 0.5077861625 0.40993106562500004 0.5051159125 0.39563181875
3 0.52890625 0.446875 0.0109375 0.01796875
1 0.513803921875 0.656993328125 0.521458896875 0.7150657125000001 0.5321758437499999 0.7136993234375 0.5371515890625 0.646062065625 0.5331623999999999 0.5779934609375 0.48624599531249996 0.5777416140625 0.4992594578125 0.7471763296875 0.5149521499999999 0.74785955 0.513803921875 0.656993328125
0 0.4986647484375 0.7723148515625 0.5101231125 0.77268008125 0.5148292328124999 0.7715844093750001 0.5149963750000001 0.7524890578125001 0.5099185015625001 0.7482093765625 0.5023478015625 0.7536878921875 0.4980509015625 0.7653753953125 0.4986647484375 0.7723148515625
0 0.5391782625 0.7336000031250001 0.533653684375 0.710955484375 0.5229264812500001 0.715530765625 0.5236276109375 0.7390785171875 0.5295614109375 0.754053134375 0.535699821875 0.753322690625 0.5391782625 0.7336000031250001