0 0.27890625 0.87421875 0.140625 0.07421875
0 0.071875 0.65546875 0.08125 0.0453125
0 0.0796875 0.8390625 0.1453125 0.08671875
4 0.225 0.23671875 0.24453125 0.47265625
1 0.8765625 0.37109375 0.0609375 0.1390625
1 0.8328125 0.35234375 0.05625 0.1421875
4 0.90078125 0.25390625 0.06875 0.11875
4 0.86015625 0.2375 0.071875 0.12734375
3 0.903125 0.22734375 0.01015625 0.0109375
2 0.86015625 0.29609375 0.01328125 0.0234375
0 0.8734375 0.4421875 0.0203125 0.0328125
0 0.84765625 0.44375 0.03359375 0.01640625
0 0.80625 0.4109375 0.03515625 0.02578125
0 0.98515625 0.43515625 0.0265625 0.01953125