4 0.390625 0.42109375 0.1484375 0.2796875
3 0.3734375 0.48515625 0.0140625 0.0234375
2 0.38671875 0.4234375 0.0234375 0.0484375
4 0.5625 0.3921875 0.10625 0.2375
2 0.5640625 0.3625 0.0171875 0.04375
3 0.546875 0.43828125 0.0140625 0.021875
4 0.8453125 0.58359375 0.1578125 0.196875
3 0.83828125 0.57890625 0.0234375 0.0390625
1 0.55546875 0.15703125 0.075 0.2609375
1 0.375 0.17109375 0.1015625 0.2796875
0 0.3421875 0.071875 0.025 0.0734375
0 0.38203125 0.02734375 0.034375 0.0453125
0 0.5453125 0.0109375 0.01875 0.021875
4 0.49375 0.3890625 0.0578125 0.159375
1 0.49140625 0.2328125 0.053125 0.1609375
0 0.4875 0.13125 0.0375 0.0265625
3 0.4921875 0.42265625 0.0109375 0.015625