4 0.46875 0.253125 0.24375 0.4828125
4 0.56328125 0.153125 0.1015625 0.30625
1 0.50859375 0.6984375 0.184375 0.453125
1 0.59296875 0.47421875 0.1078125 0.3734375
0 0.55390625 0.95078125 0.0515625 0.0953125
0 0.565625 0.82734375 0.0328125 0.1046875
0 0.4625 0.778125 0.0375 0.034375
0 0.41171875 0.7265625 0.0265625 0.0390625
0 0.59140625 0.67734375 0.0390625 0.05
0 0.60859375 0.58125 0.046875 0.115625
0 0.28359375 0.5015625 0.0203125 0.0265625
3 0.5609375 0.0671875 0.0203125 0.0203125
3 0.51796875 0.15625 0.021875 0.0359375
2 0.525 0.346875 0.028125 0.0671875
3 0.12734375 0.24609375 0.0046875 0.009375
4 0.2546875 0.28984375 0.0859375 0.14375