4 0.24296875 0.3453125 0.4859375 0.33125
1 0.6140625 0.33046875 0.4109375 0.259375
2 0.40703125 0.34140625 0.09375 0.059375
4 0.30703125 0.51875 0.596875 0.353125
3 0.09921875 0.43671875 0.034375 0.0265625
3 0.1953125 0.63515625 0.059375 0.04375
4 0.30390625 0.78515625 0.56875 0.3703125
3 0.18203125 0.80078125 0.05625 0.0390625
2 0.459375 0.5546875 0.1015625 0.0671875
2 0.3734375 0.68046875 0.09375 0.04375
1 0.7109375 0.49375 0.4203125 0.225
1 0.71328125 0.665625 0.44375 0.2125
0 0.83984375 0.325 0.10625 0.0578125
0 0.84609375 0.375 0.10625 0.0671875
0 0.93515625 0.45234375 0.0796875 0.090625
0 0.825 0.5203125 0.0890625 0.096875
0 0.84765625 0.60859375 0.0796875 0.0890625
0 0.95078125 0.6453125 0.0984375 0.1