4 0.9126502328124999 0.92361471875 0.9577375171875 0.89044934375 0.9910406281249999 0.714572359375 0.94441628125 0.6844220203125 0.9623487265625 0.5085450359375 0.9551757390625 0.44623424843750004 0.944928628125 0.43417418124999996 0.9305826765624999 0.4452293296875 0.9059895953125 0.45829446875 0.8916436624999999 0.4633195265625 0.8772976921875 0.49246483124999996 0.8762729968749999 0.5155801234374999 0.8829335953124999 0.539700371875 0.8839583296875 0.5598005984375 0.8813965515625 0.5758808015625 0.8875448031250001 0.60603114375 0.8839583296875 0.6321614234374999 0.8696123578125 0.65226165 0.8598775953125 0.656281709375 0.8434822328125 0.6653267890625 0.830160996875 0.6572867062500001 0.8178644546875 0.64321653125 0.8153026765625 0.6673368187500001 0.78456134375 0.6834169859375 0.8004443578125 0.8643190453124999 0.8219633140625 0.8934643703124999 0.8398957593749999 0.91255958125 0.8506234031250001 0.93446146875 0.8527046484374999 0.906529528125 0.8634641078125 0.8683390859375001 0.87012470625 0.8442187796875 0.8737112187499999 0.87135413125 0.8839583296875 0.8864293015625 0.8936930921874999 0.9175846375000001 0.8962548703125 0.935674853125 0.8921560109375 0.9517550296874999 0.9049648984375 0.9346698390625001 0.9126502328124999 0.92361471875
4 0.800158240625 0.502414540625 0.7954523203125 0.4991177953125 0.796796871875 0.47274382031249995 0.800158240625 0.47274382031249995 0.8008305296874999 0.4430731 0.765872296875 0.4490072546875 0.7517545359375 0.4615349015625 0.73730066875 0.4819747203125 0.751082271875 0.54329423125 0.756124325 0.5498877234374999 0.7588134296875 0.7246152968749999 0.7339393015625 0.7437364015625 0.7420065890624999 0.9109888015625 0.7648638765625 0.9340660296875001 0.77125048125 0.9320879874999999 0.7850320843749999 0.9393408187500001 0.788057321875 0.967033496875 0.7951161890625 0.8971424640624999 0.8028473453125 0.8740652375 0.8240239484374999 0.9024172671875 0.83242736875 0.9294505796875001 0.8344442109375001 0.9512091140625 0.831399225 0.9660634234375 0.841166946875 0.9502326546875001 0.845872840625 0.9383643718749999 0.8509148921874999 0.9363863218749999 0.8502426296875001 0.9179245328125001 0.8404946578124999 0.9086936437500001 0.8236878171875001 0.8915505593749999 0.8055364234375 0.8658359390625 0.7833514015625 0.6858335734375001 0.799822109375 0.6726465859374999 0.800158240625 0.502414540625
3 0.8484375 0.7703125 0.025 0.0484375
4 0.78665978125 0.9547281421875 0.7842402374999999 0.9325797281250001 0.7659591140625001 0.9336344171875 0.744989590625 0.9157047421875 0.7339671578125 0.7437908734375 0.74445191875 0.7360848609375 0.7374620859375 0.5393549328125 0.74203235625 0.50296826875 0.73289179375 0.495058121875 0.7148795265625 0.4961128125 0.7148795265625 0.5040229593750001 0.6836940984375001 0.5077143453125 0.68826436875 0.5282806953125 0.69606073125 0.5525385093749999 0.69606073125 0.5836517625 0.690415096875 0.6342766953125001 0.6611600531249999 0.6648087296875 0.6664982234375 0.6905105093749999 0.66989526875 0.7552410218750001 0.6611600531249999 0.77618320625 0.6378661671875 0.7818947421875 0.6436896203125 0.9189710359375001 0.6587336078125 0.949432446875 0.6883362281250001 0.978941934375 0.6944123546875 0.9978918640625001 0.696598403125 0.9820633750000001 0.708158528125 0.942512640625 0.7151483625 0.912981403125 0.7232135609375 0.9525321578125 0.7275149953125 0.9641337109375 0.7331606500000001 0.9920828921875 0.7361178859375 1 0.747946846875 0.9800406078125 0.7785945828124999 0.9679117093749999 0.78665978125 0.9547281421875
3 0.78125 0.8078125 0.021875 0.046875
2 0.89375 0.534375 0.01640625 0.09609375
3 0.68203125 0.86015625 0.01953125 0.040625
2 0.72890625 0.64296875 0.02421875 0.07734375
4 0.541639296875 0.729261265625 0.5341719984375 0.7397237484375 0.5312384171875 0.7151798312500001 0.53817234375 0.6712372703125 0.5387057140625 0.600092278125 0.5099032484375 0.5959073 0.49763551093749997 0.5744591359375 0.48856808125000006 0.5224534515625 0.4845677359375 0.49472780156249996 0.48803468906249997 0.46909470000000003 0.4813674484375 0.4578682109375 0.46163241250000003 0.45002133437499997 0.46163241250000003 0.5039032015625 0.4549651734375 0.4855938203125 0.4490980109375 0.538952609375 0.448031246875 0.5907419890625001 0.4474978765625 0.640438878125 0.442430728125 0.66868764375 0.43549684375000003 0.6890895328125 0.4216289921875 0.703737034375 0.403494090625 0.71053765625 0.40589428125 0.7518645421875 0.39869366875 0.762850171875 0.3984269640625 0.8269966828124999 0.3874927140625 0.8620460421875 0.40402746250000005 0.8845404406249999 0.41576178906249994 0.92482108125 0.41602849375 0.954097684375 0.4453643515625 0.9697914390625 0.4549651734375 0.968222053125 0.46669952031250006 0.9978653156249999 0.46616614843750004 0.9774634265625 0.47310007499999995 0.9533996765625 0.47683373281249997 0.9329977875000001 0.48616786875000007 0.9167809171875 0.4861365984375 0.9024943734375 0.49336848125 0.9123550375 0.49896895781249995 0.9196788093749999 0.5123034390625001 0.9573438234375 0.51257014375 0.9678063265624999 0.5200374421875 0.9406038156250001 0.5515068234375 0.9118319312500001 0.5677748859375 0.8903838078125 0.5696417046875 0.7235068546875 0.5549737765625 0.72089123125 0.541639296875 0.729261265625
2 0.4921875 0.62578125 0.03125 0.084375
3 0.45234375 0.83984375 0.02578125 0.04375
4 0.32708725156249996 0.8725809312499999 0.3336016578125 0.852580090625 0.34351487187499996 0.8559135578125 0.353994546875 0.8559135578125 0.368722740625 0.8303569234375001 0.380052128125 0.6997958234375 0.370705396875 0.6753503328125 0.3607921828125 0.6764614734375 0.35002925625 0.675405721875 0.3437981015625 0.6537381265625 0.3194399234375 0.62765850625 0.3072608234375 0.6365477640625 0.2945152625 0.6287696671874999 0.2778044125 0.5871012109375 0.254579178125 0.567655940625 0.25372946406249997 0.60876880625 0.26590856406249996 0.616546921875 0.26477562187500003 0.7854429734374999 0.23928449999999998 0.8504457375 0.26250973593750004 0.8682242734375001 0.271290028125 0.874891228125 0.2809199890625 0.9037813328125001 0.282871565625 0.8999155859375 0.2809199890625 0.8909150406249999 0.2970643796875 0.8236899281250001 0.3100931703125 0.7998000703125 0.31632432499999996 0.768132034375 0.32708725156249996 0.7797992093749999 0.33133577187499996 0.8009112343749999 0.3338848875 0.8209120328124999 0.3290698859375 0.8409129140625 0.3239716734375 0.8698030359375 0.32708725156249996 0.8725809312499999
3 0.27421875 0.7671875 0.021875 0.04921875
4 0.164039484375 0.4899823921875 0.14924555781249998 0.46560635625 0.1214329734375 0.4203367125 0.10782254375 0.36752208125 0.0563397015625 0.4058271953125 0.055747953125000006 0.424399359375 0.059890234375 0.46850825937499996 0.097466796875 0.69367219375 0.06787894375 0.7464868250000001 0.059594337500000004 0.744165315625 0.091845121875 0.8764921031249999 0.1158112546875 0.9066719015625001 0.1504290546875 0.920020653125 0.175282853125 0.940914359375 0.17972103125 0.867206 0.1847509796875 0.8561787796875 0.1879736671875 0.83816875625 0.21138004531250001 0.8678544671875 0.22410280781249997 0.9061595875 0.22528632656249997 0.8707563703125001 0.2628628890625 0.8011106890624999 0.2661175703125 0.6167351437499999 0.21433883125 0.6165053734375 0.205166578125 0.5224837 0.18741386875 0.503911515625 0.164039484375 0.4899823921875
3 0.15078125 0.77109375 0.025 0.0515625
4 0.28395073593750003 0.32359074374999997 0.2717096765625 0.285726446875 0.2773593859375 0.2672560859375 0.27688858125000004 0.24047412031249998 0.2580561734375 0.23585652812500002 0.24958161093750003 0.21276857656249998 0.23074920312499997 0.244168134375 0.21332920312499998 0.2672560859375 0.1907302984375 0.282955934375 0.1709562828125 0.3152790671875 0.1624816859375 0.3319023484375 0.186022196875 0.404860325 0.2086211015625 0.4334893 0.24204861875 0.4658125015625 0.2604102234375 0.47966527187499997 0.2575853703125 0.5082943171875 0.26182266875 0.5276882171875 0.28536318125000004 0.5443115359374999 0.29948748593749996 0.5526232125 0.3234988 0.587716890625 0.348922559375 0.5821757625 0.3729338734375 0.5498526296875 0.36351766875 0.4177895546875 0.377641975 0.44087750625 0.3965558734375 0.48751732812500004 0.40965708437500004 0.4242541203125 0.40683219375 0.397472153125 0.395532778125 0.3633020125 0.38140847187500004 0.3309788453125 0.371521428125 0.317126075 0.3559847125 0.3309788453125 0.341389603125 0.3291318359375 0.31973230468749997 0.330055340625 0.28395073593750003 0.32359074374999997
2 0.16953125 0.5328125 0.03359375 0.096875
3 0.31953125 0.4546875 0.0265625 0.04765625
4 0.5284287265625001 0.13078218125000002 0.517657678125 0.14956261875000001 0.512072678125 0.0933383859375 0.5320190859375 0.004913853125 0.506487678125 0.005696359375 0.4881369875 0 0.45502593750000003 0.0636026859375 0.44305809218750003 0.0659502625 0.42909560625000004 0.125421603125 0.4131385109375 0.1535922609375 0.3959845875 0.1504621171875 0.371251053125 0.1293341921875 0.3572885671875 0.1042936171875 0.35609176875 0.1293341921875 0.36845850625 0.1528097265625 0.3736445859375 0.16846008125 0.39039955625 0.2748825171875 0.36766066249999996 0.27409998125 0.387607071875 0.33357135000000004 0.41553204218750006 0.4127180984375 0.4422602484375 0.444801315625 0.4618077359375 0.44793139687499994 0.47377557968749995 0.4534089984375 0.4891868546875 0.45822871875000004 0.48973270625 0.38197040625 0.4993069890625 0.3170214375 0.51406731875 0.3381493625 0.5280298046875 0.3725802171875 0.5372051640625 0.393708171875 0.5691194187499999 0.3311067515625 0.566725825 0.21607663124999998 0.56034298125 0.133129759375 0.539598728125 0.13782485312499998 0.5284287265625001 0.13078218125000002
3 0.45625 0.25546875 0.02578125 0.0484375
2 0.4765625 0.0328125 0.0375 0.065625
2 0.621875 0.09296875 0.025 0.09609375
4 0.8570143328125001 0 0.844311853125 0.0224919125 0.8123840546875 0.026532418749999998 0.8199368609375 0.1565024234375 0.8106675062500001 0.19690759687499998 0.7983083578125 0.249434321875 0.7694703265625 0.25818879687499996 0.7979650265625 0.3820979875 0.7976217218749999 0.40432084062499996 0.8161604578125001 0.434624721875 0.8353858031250001 0.4521336359375 0.8429386359375 0.423176584375 0.8432819390624999 0.3814245765625 0.8484315875 0.355161215625 0.8573576375 0.4023005875 0.8772696171875 0.475989753125 0.8779562265624999 0.4919285890625 0.894435109375 0.46162470781250003 0.9198400156250001 0.448156315625 0.9500512921875 0.423913221875 0.988158690625 0.2595988046875 0.960693903125 0.2515177890625 0.9658435515624999 0.14370746406249998 0.968590028125 0.084446546875 0.96927665 0.0009425062499999999 0.9620671359375 0.029899517187500002 0.9538277078125 0 0.8570143328125001 0
2 0.85546875 0.04296875 0.02578125 0.08359375
3 0.83203125 0.28515625 0.01171875 0.04296875
4 0.7287470640625 0.4217865578125 0.728469225 0.388543865625 0.7262466609375 0.2844561 0.682628590625 0.28009645 0.6740161125 0.1944399234375 0.6515125328125 0.092532034375 0.6403996515625 0.075638221875 0.6265085515625 0.0865374609375 0.6167847796875 0.1181452703125 0.588169103125 0.0859925078125 0.5792787859375 0.08490255937499999 0.562887303125 0.1143305125 0.554274803125 0.12631969999999998 0.552607896875 0.136128990625 0.5609425578125 0.141578609375 0.5634429390625 0.1797259671875 0.5756671328125 0.2091539 0.5834461156249999 0.22223299531250001 0.5876134671875 0.2451214015625 0.5953924921875 0.38211779687499997 0.5834461156249999 0.387567415625 0.579556625 0.4278946078125 0.574000184375 0.4393388 0.582612684375 0.4725814828125 0.5956703109375 0.47639620000000005 0.6128952671875 0.49165515 0.6223412203125 0.48838538593749997 0.6290089531249999 0.48130087499999996 0.6414802265625 0.48109199843750006 0.6420665796875 0.44031524062500005 0.646511728125 0.4152470109375 0.647345203125 0.3820043390625 0.662069778125 0.40434777187500004 0.6765165140625 0.4517594640625 0.6837398828125 0.4893618359375 0.6895741421875 0.4735579421875 0.6981866421875 0.4582990015625 0.7159672328125 0.4463098453125 0.7287470640625 0.4217865578125