4 0.60859375 0.5140625 0.171875 0.3796875
3 0.66171875 0.4234375 0.0296875 0.0421875
4 0.284375 0.5453125 0.121875 0.3078125
4 0.0625 0.41875 0.125 0.39375
3 0.05625 0.33359375 0.0234375 0.0421875
1 0.58046875 0.83828125 0.1640625 0.3234375
3 0.48828125 0.559375 0.009375 0.0171875
1 0.25078125 0.79140625 0.096875 0.2640625
0 0.22890625 0.909375 0.0421875 0.0828125
0 0.25078125 0.94296875 0.0265625 0.0453125
1 0.45859375 0.73671875 0.059375 0.175
0 0.44140625 0.8234375 0.0203125 0.0359375
0 0.4609375 0.83046875 0.0171875 0.0234375
3 0.296875 0.47578125 0.0171875 0.0265625
0 0.49140625 0.85390625 0.0265625 0.0359375
0 0.5296875 0.86015625 0.0234375 0.0328125