4 0.6 0.94765625 0.275 0.1046875
4 0.58984375 0.87890625 0.2265625 0.1359375
1 0.37265625 0.9171875 0.2703125 0.159375
4 0.63828125 0.78515625 0.2125 0.1515625
1 0.46796875 0.73515625 0.2 0.1390625
1 0.42734375 0.828125 0.196875 0.1359375
3 0.67421875 0.79140625 0.01875 0.015625
3 0.6265625 0.88359375 0.021875 0.0203125
3 0.6578125 0.9875 0.021875 0.021875
0 0.253125 0.8328125 0.0640625 0.0703125
0 0.2765625 0.91328125 0.053125 0.0640625
0 0.3140625 0.81328125 0.05625 0.065625
0 0.375 0.715625 0.0453125 0.0625