1 0.3640625 0.7140625 0.07578125 0.29296875
1 0.49140625 0.69375 0.0625 0.2453125
1 0.55703125 0.66015625 0.05234375 0.19375
1 0.65234375 0.63359375 0.03203125 0.1171875
4 0.4953125 0.496875 0.09609375 0.20234375
4 0.57265625 0.47578125 0.06640625 0.1578125
3 0.5109375 0.4640625 0.01171875 0.0234375
3 0.5796875 0.453125 0.0078125 0.0203125
0 0.35078125 0.859375 0.02890625 0.034375
0 0.3859375 0.87578125 0.034375 0.04921875
0 0.47421875 0.83984375 0.0234375 0.0484375
0 0.51328125 0.81328125 0.03125 0.04921875
0 0.54296875 0.759375 0.0171875 0.04609375
0 0.5640625 0.76484375 0.0265625 0.0359375
2 0.48984375 0.55546875 0.015625 0.040625