0 0.7296875 0.06015625 0.1640625 0.1
0 0.9578125 0.2734375 0.040625 0.053125
0 0.9125 0.07734375 0.0890625 0.1046875
4 0.85390625 0.72109375 0.2921875 0.4984375
1 0.1453125 0.6875 0.084375 0.159375
1 0.1953125 0.70234375 0.08125 0.1625
4 0.134375 0.81875 0.090625 0.1390625
4 0.18203125 0.83125 0.0953125 0.1484375
3 0.1359375 0.8484375 0.0140625 0.0140625
2 0.1734375 0.7671875 0.01875 0.0265625
0 0.1390625 0.61015625 0.0265625 0.0390625
0 0.1671875 0.6046875 0.0390625 0.0234375
0 0.21640625 0.63515625 0.040625 0.0328125
0 0.02265625 0.6328125 0.0234375 0.0234375