4 0.3411773609375 0.40191226406249997 0.342382840625 0.3934531625 0.342382840625 0.3864039171875 0.3447937859375 0.3807645109375 0.343588321875 0.3718354578125 0.351725290625 0.356327109375 0.35293075625000003 0.3455182515625 0.351725290625 0.33423945312500003 0.33243765000000003 0.324370484375 0.313150025 0.310271990625 0.30712263906250004 0.33564929375 0.31043770312499996 0.3130916984375 0.2950678640625 0.31920105625 0.288739115625 0.328600034375 0.2896432015625 0.3379990515625 0.2905473203125 0.3497478015625 0.29597196718749996 0.37606500781249996 0.29295828125 0.384524109375 0.2914514390625 0.4211802109375 0.28843775312500003 0.4037920578125 0.2775884609375 0.4037920578125 0.27909530312499997 0.4446777234375 0.289341840625 0.461125975 0.30621851875 0.46770527656249994 0.3119445453125 0.4357486703125 0.318574671875 0.449377225 0.3267116421875 0.476164378125 0.3456979046875 0.46253582812499994 0.35232803125 0.452196921875 0.3574513 0.408491559375 0.34599926718749996 0.404731959375 0.342382840625 0.41272110937499995 0.3411773609375 0.40191226406249997
3 0.29765625 0.434375 0.0125 0.01953125
2 0.315625 0.3640625 0.0125 0.02890625
1 0.29687608593750003 0.1345834578125 0.2905473203125 0.20037646250000002 0.28813635937500004 0.29577633593749997 0.28783499687499997 0.3286728421875 0.29928703125 0.3136344390625 0.3203828765625 0.31457433749999997 0.3511225515625 0.3333723421875 0.35262939375 0.33485550937499997 0.35248084999999996 0.3317721953125 0.3390677765625 0.1966168640625 0.338766415625 0.16231050625000001 0.3291225859375 0.1096760921875 0.314054128125 0.11249579999999999 0.314054128125 0.1641903125 0.3170678125 0.2144749703125 0.3158623484375 0.2755684796875 0.30862948125 0.20319615781249997 0.31104044218750004 0.1359933 0.29687608593750003 0.1345834578125
0 0.3144874515625 0.114623675 0.32950235 0.111325928125 0.3293971828125 0.10947161875 0.32909738125 0.0974542765625 0.3204161125 0.09019030624999999 0.3144874515625 0.0938222859375 0.311523121875 0.1037277109375 0.3144874515625 0.114623675
0 0.2971249265625 0.1334439734375 0.3117348546875 0.13608542031249998 0.2998775234375 0.10207681093750001 0.2905610453125 0.10306734843750001 0.290137578125 0.11165204843750001 0.29479581875 0.1291516234375 0.2971249265625 0.1334439734375
1 0.44983342187500003 0.24899429843749998 0.4451312140625 0.275880328125 0.44473935000000003 0.3039884453125 0.4521845375 0.296044846875 0.48627558281249994 0.29237856562500003 0.5078274140625 0.30032217499999997 0.5031251828125 0.12617399375 0.48666744531250006 0.131062378125 0.48470819374999996 0.183612340625 0.47843855468749996 0.2312739546875 0.47883041718749997 0.2508274265625 0.476871165625 0.2764913765625 0.46942598125 0.182390246875 0.46981784375 0.1408391125 0.45336008281250006 0.14267223906249998 0.44787417031250004 0.23616232343750002 0.44983342187500003 0.24899429843749998
1 0.5133133265625001 0.1884770484375 0.5160562828125 0.173811928125 0.509002959375 0.1664793859375 0.5050844578125 0.17808928125 0.5054762984375001 0.2929659625 0.5121377796875 0.29968745625 0.51017850625 0.3174077984375 0.5066518453125 0.32412931093749997 0.5074355500000001 0.32962872656250003 0.53839181875 0.337572334375 0.5348651578125 0.215363078125 0.5340814515625001 0.1658683546875 0.5211503546875 0.1683125125 0.5203666499999999 0.18297763281249999 0.52310960625 0.19642065625 0.51723185 0.20925263125 0.5140970312500001 0.25324795624999996 0.515272578125 0.2801339859375 0.5105703703125 0.234916565625 0.5133133265625001 0.20069797500000003 0.5133133265625001 0.1884770484375
1 0.403887921875 0.1583565078125 0.40419163437499994 0.1356229484375 0.38870192812500004 0.137991034375 0.385569790625 0.23066290625 0.385569790625 0.3113210046875 0.41025642187500005 0.3039884453125 0.4227957 0.30337740625 0.441604553125 0.3070436765625 0.43940566406250003 0.2937659984375 0.43852598593750003 0.29160707812500003 0.43848844375 0.291620559375 0.43651048125 0.2496053296875 0.42945715937499995 0.20805419687499999 0.4251483171875 0.16593435625 0.4215036828125 0.15077865937499998 0.417701628125 0.14572748124999998 0.4075134859375 0.148782703125 0.405554234375 0.1799460703125 0.4079053265625 0.241050690625 0.4035949828125 0.18850070937500002 0.403887921875 0.1583565078125
0 0.52452025625 0.1630615640625 0.5341151390625 0.1630615640625 0.5341151390625 0.156405990625 0.5373134328125 0.148086521875 0.5373134328125 0.1447587359375 0.5341151390625 0.1381031609375 0.5319829421875 0.1381031609375 0.53091684375 0.1364392671875 0.5234541578125 0.1364392671875 0.522388059375 0.1381031609375 0.522388059375 0.1597337765625 0.52452025625 0.1630615640625
0 0.513859275 0.17138103124999998 0.5170575687500001 0.17138103124999998 0.5202558640625 0.1663893515625 0.5213219609374999 0.156405990625 0.522388059375 0.154742096875 0.5181236671875 0.154742096875 0.5149253734375 0.151414309375 0.5085287843749999 0.151414309375 0.5063965890625 0.153078203125 0.5063965890625 0.1630615640625 0.51066098125 0.1663893515625 0.513859275 0.17138103124999998
0 0.49680170625000003 0.08485856875 0.4904051171875 0.08985024999999999 0.488272921875 0.0948419296875 0.488272921875 0.0981697171875 0.4872068234375 0.0998336109375 0.4872068234375 0.111480865625 0.488272921875 0.11314475937499999 0.488272921875 0.1214642265625 0.4904051171875 0.1247920140625 0.49680170625000003 0.1247920140625 0.497867803125 0.12645590625 0.4989339015625 0.12645590625 0.5031982937499999 0.1231281203125 0.5042643921875001 0.1164725453125 0.51066098125 0.10648918437499999 0.5117270781250001 0.0965058234375 0.5127931765625 0.0948419296875 0.5127931765625 0.08818635625 0.51066098125 0.083194675 0.5 0.083194675 0.4989339015625 0.08485856875 0.49680170625000003 0.08485856875
0 0.45522388124999996 0.10981697187499999 0.45522388124999996 0.1214642265625 0.45628997812499994 0.1231281203125 0.45628997812499994 0.13144758750000002 0.45735607656250005 0.13311148125 0.45735607656250005 0.1364392671875 0.46162046874999996 0.1364392671875 0.46268656718749995 0.1381031609375 0.47121535156250005 0.1381031609375 0.47121535156250005 0.134775375 0.4733475484375 0.12978369375 0.4733475484375 0.11314475937499999 0.47228145 0.111480865625 0.47228145 0.10482529062499998 0.47014925312500006 0.0998336109375 0.4594882734375 0.0998336109375 0.45628997812499994 0.10316139843750001 0.45628997812499994 0.108153078125 0.45522388124999996 0.10981697187499999
0 0.403951659375 0.1154158609375 0.4045941203125 0.1434666359375 0.40716389687500004 0.14697299375 0.41872785625000003 0.141963925 0.41792323906249995 0.1420517609375 0.41840660781250005 0.10389501406249999 0.40587900781249997 0.10289319687500001 0.403951659375 0.1154158609375
0 0.3862721609375 0.1365701828125 0.39872467500000003 0.137991034375 0.4023693265625 0.1304131734375 0.4005470171875 0.0944183703125 0.38262754375 0.0944183703125 0.3792001734375 0.10289319687500001 0.3862721609375 0.1365701828125
4 0.388887534375 0.44619058593750005 0.39129158125 0.46345023125000007 0.41148569999999995 0.47470652031249994 0.4181577703125 0.4623407359375 0.42735250625 0.48221071093749995 0.4504314984375 0.47695777812499995 0.451393109375 0.46870316250000005 0.44754662500000003 0.3801536859375 0.4408152671875 0.30586217968749996 0.39898459218750004 0.303610921875 0.38456022343749996 0.313366378125 0.392253190625 0.3756511703125 0.4018694671875 0.41842506874999996 0.386002659375 0.40266626250000004 0.388887534375 0.44619058593750005
4 0.5062057156249999 0.323121834375 0.5138987265625 0.3028605140625 0.48793486093749994 0.291604225 0.46341343124999995 0.29460589062500003 0.445142578125 0.3043613453125 0.446585015625 0.37114865468749997 0.4571628578125 0.398163746875 0.44850823437500004 0.41242171875 0.43360308124999997 0.41167129375 0.44177687656250003 0.46720233125000005 0.4461041875 0.47470652031249994 0.46341343124999995 0.48371155000000005 0.4730296640625 0.4581973 0.47591453906250003 0.4581973 0.479039846875 0.4581973 0.48937729843750005 0.4619493890625 0.48985812500000003 0.4852123921875 0.499955184375 0.46870316250000005 0.50860980625 0.462699815625 0.5143795546875001 0.43268303750000003 0.5042824953125 0.4019158546875 0.5066865421875 0.3658957296875 0.5062057156249999 0.3538890171875 0.5090905890624999 0.33813021249999997 0.5062057156249999 0.323121834375
2 0.4859375 0.35546875 0.01484375 0.02890625
2 0.421875 0.3453125 0.01640625 0.034375
4 0.50572493125 0.3820297390625 0.50235923125 0.402291059375 0.5153411640625001 0.43305824218750005 0.5114946796875001 0.4514435265625 0.5167836015625 0.4653262765625 0.536016109375 0.45106830468750003 0.547074778125 0.421801953125 0.5340928453125 0.412046515625 0.526880659375 0.42780531875000005 0.5340928453125 0.3647701015625 0.5403434203125 0.34150708125 0.5302463609375 0.33100123593749997 0.5119754624999999 0.328749978125 0.50572493125 0.3820297390625