4 0.4046875 0.44765625 0.2828125 0.10625
4 0.36328125 0.525 0.246875 0.1046875
4 0.3875 0.365625 0.2375 0.096875
1 0.6015625 0.51484375 0.259375 0.11875
1 0.6328125 0.4421875 0.2453125 0.1265625
1 0.58828125 0.37734375 0.196875 0.0859375
1 0.71328125 0.2234375 0.365625 0.140625
1 0.6203125 0.14296875 0.396875 0.0875
0 0.74453125 0.5125 0.0515625 0.0546875
0 0.72734375 0.45 0.053125 0.0765625
0 0.8 0.48125 0.0609375 0.0828125
0 0.77578125 0.409375 0.0625 0.071875
0 0.69375 0.3609375 0.0484375 0.0625
0 0.89375 0.23515625 0.0796875 0.125
0 0.85390625 0.2671875 0.065625 0.0703125
3 0.35859375 0.46796875 0.0265625 0.0171875
2 0.46171875 0.48203125 0.05 0.0234375