4 0.7546875 0.25625 0.35625 0.5125
3 0.71875 0.0921875 0.0375 0.0609375
2 0.7203125 0.3359375 0.0546875 0.11875
4 0.334375 0.36484375 0.2515625 0.4546875
3 0.36796875 0.27890625 0.025 0.0375
4 0.12421875 0.3625 0.2484375 0.48125
3 0.14140625 0.28828125 0.028125 0.0421875
0 0.234375 0.94296875 0.06875 0.1140625
1 0.41640625 0.759375 0.2015625 0.4640625
0 0.409375 0.95546875 0.05 0.0796875
0 0.503125 0.98359375 0.05 0.0328125
0 0.69921875 0.95234375 0.065625 0.0484375
0 0.76875 0.9265625 0.0859375 0.0796875
1 0.70234375 0.71796875 0.2203125 0.490625
1 0.83984375 0.7078125 0.2453125 0.4953125
1 0.178125 0.778125 0.221875 0.44375