1 0.26328125 0.1453125 0.3453125 0.1640625
1 0.3265625 0.4875 0.3109375 0.146875
1 0.3265625 0.72421875 0.2828125 0.1484375
1 0.35390625 0.90546875 0.31875 0.134375
4 0.58359375 0.45234375 0.2828125 0.1828125
4 0.54765625 0.1296875 0.2921875 0.1640625
2 0.48203125 0.1328125 0.05625 0.0375
3 0.64375 0.40625 0.0296875 0.025
2 0.52734375 0.43125 0.0578125 0.03125
4 0.5796875 0.71328125 0.284375 0.1921875
2 0.52578125 0.7125 0.0484375 0.0375
4 0.63671875 0.8796875 0.1875 0.1625
3 0.6734375 0.8453125 0.0328125 0.0265625
3 0.63984375 0.62265625 0.0234375 0.021875
0 0.153125 0.45234375 0.046875 0.0484375
0 0.18125 0.53515625 0.0578125 0.053125
0 0.165625 0.69765625 0.0484375 0.046875
0 0.18828125 0.77109375 0.0421875 0.0328125
0 0.20078125 0.9 0.0421875 0.0453125
0 0.1125 0.20625 0.0390625 0.0328125
0 0.08125 0.08671875 0.04375 0.0640625