4 0.3046875 0.459375 0.2359375 0.340625
4 0.09140625 0.56328125 0.1171875 0.1546875
4 0.459375 0.58671875 0.1078125 0.159375
4 0.21875 0.55703125 0.084375 0.16875
1 0.2734375 0.7796875 0.171875 0.3515625
1 0.4484375 0.74921875 0.1046875 0.1890625
1 0.3484375 0.73046875 0.084375 0.1859375
1 0.18203125 0.690625 0.0609375 0.1484375
1 0.08828125 0.7125 0.09375 0.1640625
1 0.54296875 0.715625 0.0765625 0.125
1 0.6140625 0.7359375 0.06875 0.115625
4 0.6296875 0.6296875 0.078125 0.109375
4 0.56015625 0.60390625 0.065625 0.10625
3 0.27421875 0.3828125 0.028125 0.03125
3 0.08515625 0.51953125 0.0140625 0.01875
3 0.22109375 0.5171875 0.0140625 0.0203125
3 0.61640625 0.62109375 0.0109375 0.0140625
3 0.79453125 0.5875 0.021875 0.0234375
0 0.72734375 0.84453125 0.1421875 0.0890625