4 0.596875 0.340625 0.10859375 0.21015625
1 0.4671875 0.69765625 0.17265625 0.353125
0 0.38203125 0.7984375 0.03828125 0.1328125
0 0.546875 0.8921875 0.09921875 0.05078125
0 0.5984375 0.703125 0.04921875 0.03203125
0 0.61328125 0.56328125 0.1109375 0.24375
0 0.615625 0.678125 0.03671875 0.04453125
4 0.45859375 0.3390625 0.2078125 0.390625
0 0.36484375 0.5609375 0.11484375 0.2390625
0 0.33359375 0.7015625 0.0453125 0.0296875
0 0.40625 0.6765625 0.03203125 0.0265625
3 0.52109375 0.27578125 0.01875 0.03828125
2 0.51171875 0.3984375 0.03203125 0.06484375
2 0.62578125 0.37421875 0.021875 0.04765625