4 0.95546875 0.65390625 0.0890625 0.2921875
3 0.94375 0.5953125 0.0109375 0.021875
4 0.8171875 0.621875 0.0484375 0.146875
3 0.80546875 0.59453125 0.00625 0.015625
2 0.7703125 0.68046875 0.015625 0.03125
4 0.72421875 0.609375 0.1 0.23125
3 0.70078125 0.5640625 0.009375 0.01875
2 0.71640625 0.61875 0.0140625 0.034375
4 0.6265625 0.67578125 0.115625 0.3
3 0.58359375 0.6171875 0.00625 0.021875
2 0.59765625 0.73125 0.0125 0.046875
4 0.5328125 0.6484375 0.1 0.334375
2 0.51484375 0.7234375 0.0140625 0.046875
3 0.475 0.578125 0.00625 0.0125
4 0.40234375 0.66015625 0.1203125 0.309375
2 0.3578125 0.70390625 0.0203125 0.053125
2 0.1765625 0.69296875 0.0203125 0.0625
1 0.9671875 0.88125 0.065625 0.20625
0 0.88984375 0.95859375 0.0359375 0.0359375
0 0.8375 0.87890625 0.0234375 0.025
0 0.82109375 0.8609375 0.015625 0.025
0 0.79765625 0.9 0.0234375 0.03125
0 0.76875 0.903125 0.0109375 0.0234375
0 0.7484375 0.971875 0.0296875 0.040625
0 0.728125 0.95390625 0.0328125 0.0484375
0 0.7125 0.91875 0.025 0.0359375
1 0.90078125 0.83046875 0.0859375 0.2375
1 0.82734375 0.778125 0.04375 0.1765625
1 0.740625 0.8359375 0.06875 0.2171875
1 0.62421875 0.896875 0.0828125 0.2015625
1 0.390625 0.88515625 0.11875 0.2296875