1 0.3890625 0.48828125 0.5484375 0.4
1 0.63515625 0.10703125 0.2296875 0.13125
1 0.63671875 0.1953125 0.2171875 0.1140625
1 0.3703125 0.7984375 0.38125 0.2375
4 0.6578125 0.8625 0.40625 0.275
3 0.7484375 0.9671875 0.0296875 0.025
2 0.60703125 0.90703125 0.0671875 0.04375
2 0.70625 0.59609375 0.090625 0.0578125
4 0.81953125 0.25 0.2234375 0.1578125
3 0.85234375 0.28125 0.025 0.01875
4 0.82421875 0.15390625 0.2359375 0.175
3 0.8703125 0.196875 0.0234375 0.015625
2 0.7765625 0.25078125 0.0375 0.0234375
2 0.7875 0.16484375 0.0375 0.0234375
4 0.78671875 0.571875 0.4265625 0.3
0 0.125 0.58984375 0.125 0.1546875
0 0.2328125 0.33984375 0.0796875 0.09375
0 0.540625 0.14453125 0.0609375 0.0375
0 0.52421875 0.171875 0.0453125 0.046875
0 0.5234375 0.0671875 0.0296875 0.0296875
0 0.1640625 0.75625 0.115625 0.1234375