4 0.52421875 0.90625 0.3765625 0.1875
2 0.525 0.9625 0.0734375 0.05
3 0.446875 0.94609375 0.0359375 0.03125
1 0.80390625 0.846875 0.29375 0.2046875
1 0.75078125 0.275 0.2671875 0.1390625
1 0.72421875 0.0625 0.2484375 0.125
1 0.74140625 0.16484375 0.2171875 0.134375
4 0.5359375 0.3015625 0.2234375 0.15
4 0.51328125 0.0921875 0.25 0.1671875
4 0.57109375 0.1890625 0.196875 0.1375
3 0.46171875 0.075 0.0234375 0.021875
3 0.51875 0.16796875 0.0234375 0.01875
3 0.49453125 0.2765625 0.0203125 0.0171875
2 0.5890625 0.184375 0.04375 0.0265625
2 0.56328125 0.0859375 0.0453125 0.0265625
0 0.903125 0.26796875 0.05625 0.046875
0 0.89375 0.2265625 0.0390625 0.05
0 0.83828125 0.18203125 0.0703125 0.0546875
0 0.8453125 0.1125 0.0546875 0.05
0 0.8234375 0.08359375 0.0828125 0.046875
0 0.85625 0.02578125 0.046875 0.0515625