1 0.8611111109375 0.6883987874999999 0.8449074078125 0.69499400625 0.8273148140625001 0.69499400625 0.7810185187500001 0.6867499828125 0.7703703703125 0.6892231890625 0.7708333328125 0.7098332468749999 0.7736111109375 0.72219928125 0.7888888890625 0.8821333296875 0.7949074078125 0.9711687796874999 0.7986111109375 0.9827104109375 0.8148148140625 0.9860080203124999 0.8291666671875 0.9827104109375 0.834259259375 0.9546807328125 0.83148148125 0.921704640625 0.8249389828125 0.8864812437499999 0.82728445 0.7591468156250001 0.8315666531250001 0.7896482515625001 0.8353730562499999 0.8125243265625001 0.8425100625 0.8489565953125 0.8420342625 0.8964032718749999 0.8624936812499999 0.90233410625 0.869619828125 0.8682207500000001 0.880574096875 0.7981208718749999 0.8893518515625001 0.7724878234375 0.8875 0.736214121875 0.891203703125 0.687574384375 0.8893518515625001 0.6702619359375 0.8611111109375 0.6883987874999999
0 0.8652777781250001 0.905193734375 0.859722221875 0.90849134375 0.8453703703125001 0.9076669421875 0.8462962968750001 0.943116240625 0.853703703125 0.9670239078125 0.8601851859374999 0.9777411375 0.8666666671875 0.9793899421875001 0.8736111109375001 0.9736191265624999 0.8731481484374999 0.93981863125 0.8652777781250001 0.905193734375
0 0.8046296296875 0.98433635625 0.8 0.990107171875 0.7976851859375 0.9991755984375 0.827777778125 0.9991755984375 0.827777778125 0.983511953125 0.8046296296875 0.98433635625
4 0.8773148140625 0.39956108281249997 0.871759259375 0.38142423124999997 0.8648148140625 0.369058196875 0.85 0.3575165640625 0.8291666671875 0.3525701515625 0.8259259265625 0.3575165640625 0.8263888890625 0.362462978125 0.8208333328125 0.382248634375 0.8176481828125001 0.389658621875 0.80648148125 0.375653415625 0.7875 0.34102851875 0.7824074078125001 0.35586775937500004 0.771759259375 0.3698826 0.778240740625 0.3805998296875 0.7768518515625 0.3896682546875 0.771759259375 0.38884385312499997 0.7615740734374999 0.40615630156250004 0.75 0.41604912812499995 0.746296296875 0.4242931515625 0.7430555562500001 0.45479603749999997 0.74351851875 0.47045968125000004 0.747222221875 0.4902453359375 0.7625 0.505084578125 0.7620370375000001 0.511679796875 0.753703703125 0.5174506125 0.7523148140625 0.53311425625 0.7629629625 0.5446558890625 0.7634259265625001 0.5487778999999999 0.7620370375000001 0.5759831765625 0.766203703125 0.6015396484375 0.7625 0.6386377515625 0.7675925921875 0.6856286828125 0.7734510484375 0.6868558765625 0.7833333328125 0.6881018906249999 0.8411375703124999 0.694010625 0.865740740625 0.6864530859375 0.8833333328125 0.672438246875 0.8871891296875001 0.6521828640625 0.897222221875 0.641110959375 0.8981481484374999 0.634515740625 0.8953703703125001 0.625447315625 0.8916666671875 0.6229741078125001 0.8916666671875 0.6155544875000001 0.8884259265625 0.6040128546875 0.8824074078124999 0.5982420390625001 0.877777778125 0.5883492109375 0.878240740625 0.5801051875 0.86944444375 0.571861165625 0.86851851875 0.5553731187500001 0.86944444375 0.523221428125 0.8646269562500001 0.5101886203125 0.8824074078124999 0.500962565625 0.8847165640625001 0.4986309484375 0.8921296296874999 0.4902453359375 0.8921296296874999 0.4820013125 0.8773148140625 0.39956108281249997
3 0.79375 0.434375 0.01640625 0.03125
2 0.84140625 0.46171875 0.01640625 0.04375
4 0.65579073125 0.2812674046875 0.6530129546875 0.27879419843750003 0.652087028125 0.282916209375 0.6506981390625 0.2820918078125 0.6456055468749999 0.320838715625 0.639587028125 0.3282583359375 0.6261611015625 0.323311921875 0.61736480625 0.3134190953125 0.614124065625 0.3059994734375 0.6104203609375001 0.3092970828125 0.6094944359375 0.314243496875 0.5780129546875 0.3628832328125 0.5682907312500001 0.40245454374999995 0.5636611015625 0.434606234375 0.5569355390624999 0.499354896875 0.5675723406250001 0.49591106875 0.6004497265625 0.5079644640625001 0.608105546875 0.556617775 0.6077020906249999 0.580284828125 0.6072186 0.6362470140625 0.6096360546875 0.6930701578125 0.6782935703125 0.6647627093749999 0.7261573796875 0.637107971875 0.7237399250000001 0.6241936203125 0.6469944359375 0.5368321203125 0.6437536953125 0.535183315625 0.63680925 0.5203440734375 0.635883325 0.5088024421874999 0.6428277687499999 0.4931387984375 0.6469944359375 0.47005553281249995 0.648383325 0.456865096875 0.645142584375 0.450269878125 0.6469944359375 0.44779667031250003 0.6465314734375001 0.44367465937499995 0.652087028125 0.437079440625 0.665049990625 0.4387282453125 0.6627351765625 0.43130862499999995 0.6696796203125001 0.41894259062500006 0.6913460296875 0.43822696875 0.70633425 0.3986229609375 0.7256738890625 0.3839866953125 0.7396951265625 0.3598799078125 0.75951825625 0.350409384375 0.724223415625 0.3013348515625 0.6961809390625 0.2737842359375 0.6700724265625 0.27292327968749996 0.65579073125 0.2812674046875
3 0.61875 0.40625 0.0265625 0.03359375
4 0.5546296296875 0.510305028125 0.5402564015625 0.489961325 0.53503204375 0.4791077515625 0.530243046875 0.4992643890625 0.522222221875 0.51112943125 0.515740740625 0.498763396875 0.5097222218749999 0.4781533390625 0.5076041578125 0.467478921875 0.4865740734375 0.48145094843749997 0.4791666671875 0.49381698281249997 0.47083333281249995 0.521022259375 0.4658159984375 0.5426564359375 0.47615123437499995 0.554750521875 0.4814664984375 0.552121371875 0.4867817609375 0.5579055015625001 0.48825822343749997 0.5910327843750001 0.48101851875 0.624072546875 0.4791666671875 0.6306677656249999 0.478703703125 0.65375103125 0.4861111109375 0.6611706515625 0.50648148125 0.67188788125 0.5134259265625001 0.669414675 0.525 0.6743610875 0.541203703125 0.6743610875 0.5518518515624999 0.669414675 0.5476851859375 0.6199505359375 0.5458333328125 0.5935696625 0.5470214171875 0.5663187796875 0.5567660671875 0.5731545687499999 0.5625 0.568013190625 0.5594123859375 0.551206490625 0.5546296296875 0.510305028125
3 0.49921875 0.51484375 0.0125 0.021875
1 0.5504629624999999 0.669414675 0.5425925921875 0.6743610875 0.525 0.675185490625 0.5199074078125 0.6710634796875 0.5175925921875 0.6570486390625 0.5097222218749999 0.672712284375 0.49398148124999997 0.6652926625 0.4828703703125 0.6562242375 0.478703703125 0.6562242375 0.4773148140625 0.6595218468749999 0.4763888890625 0.6892003296875 0.48055555625 0.7114591921875 0.4824074078125 0.735366859375 0.490740740625 0.7436108828125 0.49259259218749996 0.7831821921875 0.49629629687500004 0.7947238249999999 0.4916666671875 0.8112118718750001 0.49120370312499995 0.83924155 0.4995370375 0.927452596875 0.5013888890625 0.9315746078125 0.5114160453125 0.92665770625 0.5175925921875 0.927452596875 0.51898148125 0.9208573781249999 0.5176077765625 0.9086156953125 0.51676345 0.8830561796874999 0.5162005656249999 0.8184056421875001 0.519859315625 0.810386971875 0.522392296875 0.817904475 0.523236625 0.8414593218749999 0.5221108546875 0.84797449375 0.5221108546875 0.8780445109375 0.5325242234374999 0.88957135 0.53956028125 0.8745363421875 0.5481481484375 0.8252267109375 0.5482849953125 0.7783122859375 0.5513888890625 0.7427864796875 0.55601851875 0.7089859859375001 0.55601851875 0.7007419625 0.553240740625 0.69661995 0.553240740625 0.6924979390625 0.5574074078125 0.6834295140625 0.55694444375 0.672712284375 0.5504629624999999 0.669414675
2 0.53203125 0.65234375 0.01328125 0.040625
1 0.6898148140625 0.6603462484375 0.622222221875 0.6859027203125 0.6138888890625 0.690849134375 0.6101851859375 0.69661995 0.6152777781250001 0.7271228359374999 0.6203703703125 0.788953009375 0.61944444375 0.887056884375 0.6208333328125 0.9258037921875 0.625 0.9802143453125 0.6291666671875 0.9991755984375 0.6976851859375001 0.9991755984375 0.70694444375 0.8746908484375 0.7101851859375 0.757625721875 0.7175925921874999 0.7089859859375001 0.7180555562500001 0.643858203125 0.6898148140625 0.6603462484375
4 0.43057295624999997 0.5534425828125 0.419757025 0.531350196875 0.4127584796875 0.5256854828125 0.40138888906250003 0.5185490515625 0.3986111109375 0.5218466609375 0.3976851859375 0.5333882937500001 0.398443275 0.548344340625 0.39589835 0.5625061265625 0.3901722671875 0.551176696875 0.378720103125 0.52398606875 0.37140344375 0.535315496875 0.3631324359375 0.5460784546874999 0.3518518515625 0.599340478125 0.35555555625 0.608408903125 0.36981286406249997 0.61122266875 0.371759259375 0.693322340625 0.3856481484375 0.69661995 0.39589835 0.689395725 0.4046296296875 0.693322340625 0.42870370312499995 0.6768342953125 0.42175925937500003 0.61830173125 0.43057295624999997 0.5534425828125
3 0.3796875 0.56015625 0.01328125 0.0171875
2 0.39140625 0.646875 0.0171875 0.0375
1 0.428240740625 0.6801319046875001 0.41203703750000004 0.6883759281249999 0.3726851859375 0.69661995 0.38333333281250004 0.8499587796875 0.3861111109375 0.8615004125000001 0.39444444375 0.8631492171874999 0.3981481484375 0.858202803125 0.3964137671875 0.8179691234375 0.39962921875 0.76643706875 0.40422272187499997 0.7844323906249999 0.41018518593750003 0.858202803125 0.4125 0.86397361875 0.4236111109375 0.8540807921875 0.42453703750000005 0.7938994234375001 0.4262715328125 0.78034254375 0.43055555625 0.7625721359375001 0.43101851875 0.704039571875 0.428240740625 0.6801319046875001
0 0.42550177031249997 0.86507513125 0.42046231250000005 0.8622035140625 0.40940103125 0.87663156875 0.408972346875 0.8927144625000001 0.41401180625 0.89379131875 0.41804337187499996 0.8851764640625 0.42671123906249997 0.8833817015625 0.42872702343749997 0.8744078921874999 0.42550177031249997 0.86507513125
0 0.39425712968750004 0.8740489406249999 0.3910318765625 0.8736899890625001 0.38377505625 0.8772795125 0.3851851859375 0.887056884375 0.3986111109375 0.8854080796874999 0.39949816562499996 0.8733310359375 0.39425712968750004 0.8740489406249999
0 0.5307479421875 0.9168482125 0.523777284375 0.9128987125 0.5257798109375 0.9238948 0.530409440625 0.9379096390624999 0.5378168484375 0.9370852359375 0.5401316625 0.9321388234375 0.5405946265625 0.9057579484374999 0.5307479421875 0.9168482125
0 0.502777778125 0.9612530921875001 0.503240740625 0.9777411375 0.5203703703125 0.9777411375 0.521759259375 0.956306678125 0.502777778125 0.9612530921875001