4 0.7296875 0.21171875 0.14140625 0.4015625
4 0.459375 0.24140625 0.18828125 0.42265625
4 0.1421875 0.13671875 0.16171875 0.2734375
4 0.2703125 0.15625 0.140625 0.2765625
3 0.1765625 0.0296875 0.0265625 0.03671875
2 0.82578125 0.26328125 0.02421875 0.053125
1 0.15078125 0.4515625 0.1546875 0.35546875
1 0.2859375 0.42734375 0.16171875 0.30078125
1 0.46875 0.6125 0.25078125 0.4046875
1 0.68984375 0.50546875 0.234375 0.37109375
0 0.85234375 0.578125 0.07890625 0.0546875
0 0.70390625 0.5546875 0.03203125 0.04609375
0 0.81328125 0.71796875 0.096875 0.059375
0 0.59296875 0.7015625 0.09140625 0.08125
0 0.578125 0.82734375 0.109375 0.0765625
0 0.3875 0.73125 0.1 0.08359375
0 0.17109375 0.65546875 0.09453125 0.08125
0 0.10546875 0.62890625 0.0578125 0.0578125
0 0.35546875 0.58828125 0.071875 0.05