4 0.696875 0.21171875 0.19140625 0.36171875
3 0.71796875 0.1375 0.0234375 0.03515625
2 0.67890625 0.19921875 0.03203125 0.05234375
4 0.4109375 0.2515625 0.2421875 0.34765625
2 0.40234375 0.22890625 0.04453125 0.059375
3 0.4625 0.165625 0.02265625 0.0296875
1 0.7015625 0.540625 0.140625 0.32109375
0 0.68515625 0.72421875 0.04921875 0.0640625
0 0.7515625 0.65625 0.03671875 0.08359375
1 0.44296875 0.5671875 0.17109375 0.3015625
0 0.4046875 0.728125 0.06953125 0.04765625
0 0.51171875 0.6921875 0.0359375 0.06875