1 0.57734375 0.2296875 0.05625 0.12578125
1 0.43671875 0.221875 0.06015625 0.121875
4 0.4328125 0.0984375 0.0828125 0.14140625
2 0.4390625 0.13984375 0.0125 0.03203125
4 0.4890625 0.09765625 0.05390625 0.13125
2 0.48671875 0.13671875 0.01328125 0.025
3 0.50078125 0.06484375 0.00703125 0.0140625
3 0.45546875 0.06171875 0.01015625 0.01640625
1 0.48203125 0.22578125 0.053125 0.1390625
0 0.4640625 0.28828125 0.0125 0.01796875
4 0.58828125 0.10234375 0.06953125 0.1359375
0 0.5515625 0.28671875 0.01328125 0.0375
0 0.57734375 0.303125 0.03125 0.0234375
0 0.5015625 0.30234375 0.02578125 0.0125