4 0.56484375 0.72109375 0.1953125 0.125
3 0.58203125 0.728125 0.028125 0.021875
4 0.5203125 0.625 0.221875 0.1265625
3 0.56484375 0.63203125 0.021875 0.0171875
1 0.31796875 0.578125 0.2453125 0.1296875
0 0.16484375 0.5703125 0.053125 0.0515625
0 0.21875 0.5171875 0.0859375 0.04375
2 0.44375 0.6203125 0.040625 0.025
1 0.2421875 0.76875 0.484375 0.21875
0 0.0359375 0.70078125 0.071875 0.0578125
0 0.21484375 0.3234375 0.0671875 0.046875
0 0.20859375 0.2921875 0.05 0.0328125
1 0.271875 0.19921875 0.4328125 0.234375
4 0.67890625 0.31484375 0.490625 0.290625
1 0.35390625 0.3390625 0.2734375 0.13125
1 0.296875 0.7015625 0.3015625 0.1390625
0 0.1296875 0.6921875 0.0515625 0.0609375
0 0.14921875 0.64375 0.05 0.04375