0 0.25625 0.7515625 0.05859375 0.03671875
0 0.246875 0.72890625 0.06796875 0.06875
1 0.36640625 0.578125 0.06953125 0.19921875
0 0.33671875 0.66015625 0.02109375 0.0546875
0 0.378125 0.68125 0.03359375 0.034375
0 0.45390625 0.8140625 0.03671875 0.04765625
0 0.50625 0.7625 0.040625 0.0796875
0 0.53515625 0.7265625 0.04140625 0.06796875
0 0.621875 0.74921875 0.04296875 0.059375
1 0.584375 0.57578125 0.11171875 0.284375
1 0.465625 0.60390625 0.12578125 0.30546875
1 0.25703125 0.59140625 0.09609375 0.22265625
4 0.3640625 0.403125 0.0875 0.20078125
4 0.4796875 0.3390625 0.14921875 0.3140625
4 0.58828125 0.32109375 0.10390625 0.27734375
3 0.3765625 0.35234375 0.0140625 0.02109375
3 0.50546875 0.23984375 0.01875 0.02734375
3 0.60859375 0.27578125 0.0125 0.02421875
2 0.60078125 0.38046875 0.0203125 0.04453125
2 0.4796875 0.39296875 0.025 0.05859375