4 0.30703125 0.41015625 0.078125 0.165625
3 0.30546875 0.39296875 0.0140625 0.02265625
4 0.38359375 0.47109375 0.071875 0.19296875
3 0.38671875 0.43046875 0.01171875 0.01640625
1 0.38046875 0.6625 0.06875 0.215625
0 0.353125 0.80078125 0.0390625 0.040625
0 0.41328125 0.76484375 0.0234375 0.07578125
2 0.3703125 0.540625 0.01484375 0.03359375
1 0.1921875 0.69296875 0.096875 0.446875
0 0.15078125 0.9421875 0.04609375 0.06484375
0 0.20625 0.89375 0.03828125 0.07109375
0 0.58515625 0.8109375 0.03046875 0.05625
0 0.61171875 0.82421875 0.02109375 0.04375
1 0.709375 0.796875 0.128125 0.3953125
4 0.69609375 0.3984375 0.16953125 0.4234375
1 0.60234375 0.68359375 0.06328125 0.24375
1 0.265625 0.6546875 0.06484375 0.26953125
0 0.23671875 0.8046875 0.0484375 0.03828125
0 0.284375 0.7984375 0.03046875 0.04140625