4 0.5609375 0.225 0.19296875 0.45
4 0.4148148140625 0.20287958125 0.41944444374999995 0.2002617796875 0.427777778125 0.2081151828125 0.43240740781250003 0.2081151828125 0.43981481406249995 0.195026178125 0.45185185156249996 0.1845549734375 0.45277777812500003 0.12434555 0.44259259218749997 0.11125654375 0.4361111109375 0.10994764374999999 0.43055555625 0.10994764374999999 0.41944444374999995 0.10994764374999999 0.40555555625000006 0.130890053125 0.40648148125 0.18586387499999998 0.4148148140625 0.20287958125
4 0.421875 0.46640625 0.26015625 0.50390625
1 0.5640625 0.69375 0.16796875 0.534375
1 0.45234375 0.8359375 0.3015625 0.328125
0 0.49375 0.8921875 0.046875 0.10859375
4 0.2515625 0.465625 0.1484375 0.4453125
2 0.28671875 0.5515625 0.0328125 0.06875
2 0.41328125 0.584375 0.046875 0.0890625
2 0.71171875 0.31640625 0.02890625 0.0546875
2 0.546875 0.33828125 0.021875 0.0875
3 0.465625 0.34609375 0.03515625 0.05078125
3 0.5640625 0.121875 0.02734375 0.040625
4 0.8875 0.69140625 0.2234375 0.4921875
3 0.88125 0.7453125 0.0265625 0.05859375
1 0.2640625 0.82734375 0.10546875 0.30859375