4 0.29765625 0.4703125 0.14375 0.1625
4 0.46796875 0.475 0.175 0.33125
4 0.5484375 0.453125 0.0640625 0.1703125
4 0.85546875 0.52734375 0.209375 0.41875
1 0.31171875 0.1890625 0.1203125 0.275
1 0.50546875 0.19140625 0.16875 0.346875
1 0.559375 0.25625 0.0828125 0.2046875
0 0.5078125 0.0125 0.040625 0.025
0 0.5453125 0.034375 0.0515625 0.0671875
0 0.30078125 0.034375 0.0484375 0.0625
0 0.33828125 0.046875 0.0328125 0.05625
0 0.5546875 0.140625 0.028125 0.0453125
0 0.5890625 0.171875 0.03125 0.0578125
3 0.54375 0.49609375 0.009375 0.0171875
3 0.484375 0.56796875 0.0171875 0.0265625
3 0.2984375 0.47890625 0.0140625 0.0234375