4 0.48828125 0.24609375 0.19140625 0.49140625
4 0.1921875 0.3984375 0.1375 0.2265625
1 0.50703125 0.68203125 0.24453125 0.4234375
1 0.690625 0.64921875 0.1484375 0.28671875
1 0.346875 0.58046875 0.1 0.1765625
1 0.18046875 0.58359375 0.1140625 0.209375
0 0.44921875 0.93515625 0.1046875 0.08671875
0 0.61796875 0.91484375 0.1484375 0.078125
0 0.77109375 0.81015625 0.0875 0.04921875
0 0.6484375 0.81796875 0.08671875 0.06875
0 0.36640625 0.6875 0.04296875 0.0625
0 0.31796875 0.6890625 0.03671875 0.034375
0 0.18515625 0.69921875 0.046875 0.040625
0 0.1453125 0.7046875 0.04140625 0.05390625
0 0.2828125 0.659375 0.0484375 0.0375
2 0.55234375 0.2609375 0.0453125 0.07265625
2 0.18203125 0.40546875 0.01875 0.03046875
3 0.2109375 0.35390625 0.0171875 0.02109375