4 0.22578125 0.50390625 0.12578125 0.19921875
4 0.3203125 0.53203125 0.065625 0.13984375
4 0.45234375 0.52578125 0.07265625 0.14609375
4 0.70078125 0.540625 0.090625 0.1375
4 0.77578125 0.52421875 0.0671875 0.1515625
4 0.9125 0.5 0.165625 0.2640625
4 0.89453125 0.72578125 0.19609375 0.22890625
4 0.78203125 0.70234375 0.0765625 0.15703125
4 0.70703125 0.7046875 0.08203125 0.1578125
4 0.64765625 0.6625 0.075 0.14453125
4 0.4265625 0.6875 0.0765625 0.146875
4 0.35546875 0.68125 0.09375 0.15703125
4 0.2390625 0.71015625 0.1296875 0.1234375
2 0.23671875 0.49296875 0.0171875 0.03359375
2 0.31953125 0.57421875 0.01796875 0.034375
2 0.45546875 0.575 0.0171875 0.034375
2 0.3625 0.72109375 0.0203125 0.03515625
2 0.653125 0.71328125 0.01796875 0.03359375
2 0.6515625 0.7125 0.01875 0.0375
2 0.6921875 0.553125 0.01796875 0.0296875
2 0.7828125 0.53515625 0.015625 0.0328125
2 0.70234375 0.75390625 0.015625 0.03203125
0 0.19609375 0.85390625 0.05 0.05
0 0.26796875 0.84140625 0.03515625 0.0375
0 0.40703125 0.79921875 0.01953125 0.0515625
0 0.83515625 0.890625 0.090625 0.0609375
0 0.93203125 0.9078125 0.05546875 0.06953125
0 0.98203125 0.890625 0.03359375 0.0515625
3 0.92421875 0.43984375 0.0109375 0.0203125
3 0.8953125 0.71484375 0.01953125 0.02734375
3 0.72109375 0.67734375 0.01484375 0.021875
3 0.70625 0.49765625 0.01875 0.0234375
3 0.76015625 0.4515625 0.01328125 0.015625
3 0.6671875 0.6484375 0.015625 0.02578125
3 0.45078125 0.665625 0.01328125 0.021875
3 0.4703125 0.49140625 0.01171875 0.01796875
3 0.2546875 0.45859375 0.01484375 0.02578125
3 0.25703125 0.7171875 0.015625 0.02578125
3 0.3828125 0.65234375 0.015625 0.0234375
3 0.34609375 0.50078125 0.009375 0.021875