1 0.57578125 0.29296875 0.2984375 0.1234375
1 0.58984375 0.490625 0.2765625 0.1234375
1 0.58984375 0.61640625 0.2671875 0.1171875
1 0.59375 0.815625 0.1734375 0.078125
4 0.33515625 0.28984375 0.24375 0.1265625
4 0.34296875 0.49453125 0.24375 0.1453125
4 0.35078125 0.61484375 0.2453125 0.121875
4 0.4265625 0.8140625 0.190625 0.109375
0 0.70390625 0.809375 0.040625 0.040625
0 0.73671875 0.6359375 0.0484375 0.0609375
0 0.73046875 0.5875 0.0484375 0.05625
0 0.7515625 0.48984375 0.04375 0.0359375
0 0.703125 0.47265625 0.059375 0.025
0 0.74609375 0.284375 0.0359375 0.0484375
3 0.2828125 0.25390625 0.0234375 0.015625
3 0.29375 0.5984375 0.0234375 0.015625
3 0.371875 0.80234375 0.021875 0.0125
2 0.42421875 0.26796875 0.040625 0.015625