1 0.58046875 0.79453125 0.128125 0.33046875
1 0.4140625 0.71484375 0.08671875 0.2
0 0.2265625 0.97109375 0.04140625 0.05625
0 0.27734375 0.9265625 0.04609375 0.103125
4 0.42265625 0.55546875 0.0796875 0.16015625
3 0.4328125 0.50703125 0.01484375 0.01796875
4 0.26953125 0.465625 0.18046875 0.3359375
3 0.32421875 0.409375 0.01875 0.03515625
2 0.2984375 0.48828125 0.03046875 0.059375
2 0.41015625 0.5984375 0.01796875 0.02890625
0 0.36953125 0.8265625 0.03359375 0.0234375
0 0.43203125 0.83046875 0.02578125 0.02890625
0 0.56328125 0.9625 0.040625 0.02890625
0 0.609375 0.97734375 0.03828125 0.03203125
1 0.271875 0.7859375 0.115625 0.315625