4 0.3515625 0.44140625 0.2953125 0.19375
4 0.40234375 0.58515625 0.334375 0.225
3 0.325 0.58515625 0.03125 0.021875
3 0.2953125 0.43359375 0.025 0.0203125
1 0.58359375 0.38046875 0.240625 0.1375
1 0.66484375 0.52734375 0.2890625 0.15
1 0.690625 0.69296875 0.384375 0.2296875
0 0.89375 0.66953125 0.096875 0.065625
0 0.88671875 0.6234375 0.1078125 0.08125
0 0.81640625 0.5 0.078125 0.0609375
0 0.78984375 0.47265625 0.06875 0.05
0 0.728125 0.35859375 0.0625 0.059375
0 0.675 0.3359375 0.1 0.0671875
0 0.73203125 0.58671875 0.0625 0.0671875