1 0.20546875 0.3265625 0.4109375 0.19375
1 0.28359375 0.49921875 0.38125 0.1421875
4 0.56953125 0.46171875 0.2859375 0.15
2 0.51015625 0.4546875 0.0578125 0.034375
3 0.6390625 0.42578125 0.021875 0.0140625
4 0.55546875 0.6109375 0.20625 0.121875
3 0.5984375 0.5921875 0.0203125 0.0109375
2 0.5171875 0.61875 0.0390625 0.01875
4 0.615625 0.265625 0.48125 0.278125
3 0.75234375 0.21171875 0.0296875 0.015625
1 0.3578125 0.63671875 0.2203125 0.0890625
0 0.2578125 0.653125 0.0390625 0.01875
0 0.23515625 0.6421875 0.040625 0.028125
0 0.09921875 0.53984375 0.040625 0.0375
0 0.11640625 0.48515625 0.046875 0.0375