4 0.18620209062499998 0.4043991578125 0.17685996406249999 0.412785771875 0.1675178390625 0.44511235937500004 0.1721460484375 0.44877196875 0.1799454359375 0.45380394218750003 0.178659821875 0.47194952187499994 0.17497439374999998 0.4881128125 0.174717275 0.4943646609375 0.1812310484375 0.4945171421875 0.19048746875 0.49558452500000005 0.1977726109375 0.49634694531249995 0.2025722328125 0.49573700781249996 0.21148582187499998 0.4937547234375 0.2183424203125 0.49161994687500005 0.21525694843749998 0.48231843124999996 0.2111429890625 0.46722252343750004 0.2110572828125 0.458835909375 0.21200006562499998 0.44922942499999996 0.21774246874999997 0.4435875203125 0.22288492343750002 0.43916548437499997 0.21962803281249998 0.42879658125000003 0.2154283671875 0.412785771875 0.21251430937500002 0.4065339375 0.21062874531250003 0.4045516421875 0.204372090625 0.40302680312500005 0.2006106484375 0.4027404828125 0.2019722765625 0.4098885765625 0.20128662031250003 0.4140056421875 0.1988010984375 0.423154675 0.1979440234375 0.42071493593750003 0.194858553125 0.4205624484375 0.19263015781249998 0.412785771875 0.1886876046875 0.4019594203125 0.18620209062499998 0.4043991578125
3 0.21015625 0.42109375 0.0046875 0.00859375
2 0.19609375 0.4765625 0.00703125 0.0140625
4 0.26348291874999996 0.45462151874999995 0.267629246875 0.4574466765625 0.2719520125 0.46074269218749997 0.2714226890625 0.4701598859375 0.2708933734375 0.4825592 0.2714226890625 0.501079675 0.2734517453125 0.507043903125 0.2759218984375 0.5087703859375 0.27698053125 0.5035909249999999 0.2841263234375 0.5029631218749999 0.2850967390625 0.5079856203124999 0.2874786734375 0.509712103125 0.291624996875 0.5089273375000001 0.2970063953125 0.48365786875000005 0.294712684375 0.4824022375 0.293036509375 0.4761241140625 0.2946244671875 0.464352621875 0.29674174062500003 0.4506976890625 0.2971828390625 0.43876923906250004 0.2986825703125 0.429822909375 0.30282889218750003 0.42511431406250005 0.30344644062500004 0.4222891515625 0.2984179078125 0.41946399218749997 0.2934776078125 0.4188361859375 0.2911956421875 0.42023113125 0.28765511093749996 0.4274686140625 0.2839498875 0.429822909375 0.2832441265625 0.4191500875 0.28209727500000004 0.41946399218749997 0.27062871718750003 0.42370173125 0.2681585640625 0.43045071874999996 0.2666588328125 0.443006978125 0.26348291874999996 0.45462151874999995
3 0.2921875 0.43984375 0.00546875 0.00859375
2 0.27421875 0.49765625 0.00703125 0.0171875
4 0.30376471875 0.48578230624999996 0.300074240625 0.5014672703125 0.29699884062500004 0.5129574125 0.2997666984375 0.516969853125 0.3081727953125 0.5191584484375 0.3140160515625 0.516605078125 0.31709145156249996 0.51313980625 0.33113578125 0.5153284015625 0.3297005921875 0.4910714125 0.32898299531249997 0.48195225312499995 0.3320583953125 0.4595190984375 0.33349358281249997 0.45806003281249996 0.3344162046875 0.438180253125 0.33359609375 0.4281491703125 0.3307257265625 0.4239543515625 0.3262151390625 0.420853840625 0.3201769859375 0.41700276562500005 0.3171939625 0.4265077171875 0.31288840625000003 0.440733615625 0.31022306093749996 0.4257781859375 0.301304396875 0.4294258484375 0.2959737078125 0.45568905 0.301919484375 0.46006625312500005 0.303149640625 0.46809111562499994 0.30376471875 0.48578230624999996
2 0.30625 0.49375 0.0078125 0.01484375
3 0.31796875 0.4453125 0.00546875 0.009375
4 0.3742366015625 0.4151461890625 0.36952009375 0.41974783281250005 0.3664011125 0.42665029375 0.3658686 0.4346354984375 0.36252140312500003 0.468606440625 0.3649557296875 0.4700952046875 0.3654121640625 0.48398308593749995 0.363358203125 0.487651625 0.353316596875 0.5228406453125001 0.35065405156249996 0.5379990015625 0.3528601609375 0.539487765625 0.3654121640625 0.5459842046875 0.3692158015625 0.5459842046875 0.37279122343750004 0.5473376296875 0.38176780312499997 0.548555703125 0.395080534375 0.5477436515624999 0.396678065625 0.5432773578125001 0.396221625 0.5377283109375 0.4040571203125 0.49861435781249996 0.3981995203125 0.4930653203125 0.396830209375 0.49428340000000004 0.395080534375 0.48751627812500004 0.3988081046875 0.462827203125 0.40063384687500003 0.4411724171875 0.40436140624999994 0.4352173515625 0.40816504374999996 0.433728584375 0.4077846796875 0.42533735781250004 0.4037528328125 0.4157034390625 0.39736271562500003 0.41001905625 0.39264620781250004 0.40525865312500003 0.3886254953125 0.398214378125 0.38633216875 0.41000317812500003 0.3834414078125 0.42015385937499994 0.37971384218750004 0.427868378125 0.3780402390625 0.42259002187499994 0.3779641671875 0.4135220796875 0.3765187828125 0.4095971515625 0.374997328125 0.411762628125 0.3742366015625 0.4151461890625
2 0.37578125 0.4796875 0.01015625 0.0234375
3 0.3875 0.4453125 0.00625 0.01171875
4 0.4176017296875 0.43043384375000004 0.4164159640625 0.43043384375000004 0.40438891874999994 0.4355571921875 0.4006622328125 0.44083123124999996 0.3993070734375 0.4531875515625 0.398290703125 0.46961241875 0.4030337609375 0.46825623437499997 0.40371133906249995 0.5004833328125 0.3965967546875 0.5380043546875 0.3980366109375 0.5416482312500001 0.40489710937499995 0.5500867015625001 0.41192699531250004 0.553853871875 0.41819460937499997 0.5511415046875 0.4261561734375 0.5515935703125 0.436828053125 0.5517442546875 0.438945490625 0.5395386234374999 0.43530349687500003 0.4988531765625 0.4381832125 0.4861954796875 0.43530349687500003 0.48242830937500003 0.44131702187500005 0.447027071875 0.43674335781250007 0.4414516578125 0.432339084375 0.43391731718750004 0.4298268078125 0.42961973750000004 0.4276807234375 0.43495444843750003 0.42463161562499996 0.44339290781249996 0.4212437171875 0.45454373593749997 0.41904158437500005 0.45966708437500003 0.4175170265625 0.46102326875 0.417093540625 0.45228343281249994 0.4176017296875 0.43917367812499997 0.4176017296875 0.43043384375000004
3 0.4265625 0.4640625 0.00703125 0.01171875
1 0.42816635 0.693059596875 0.4332051 0.692474946875 0.43462909843749997 0.6538884703125001 0.43616262499999997 0.6075313171875 0.43725800625 0.5946691625 0.43824385 0.5763503265625001 0.43824385 0.5687499640625 0.4339718640625 0.564462571875 0.4360530890625 0.551990175 0.42542789843750006 0.551990175 0.41830792343749995 0.551990175 0.41195471093749997 0.5541338765625 0.40614919374999997 0.5510157687499999 0.397495684375 0.5410768265625 0.39650984375 0.5609547187499999 0.398481528125 0.5808325921875 0.40154859375 0.6267022625 0.4018772078125 0.676233521875 0.40067229062500004 0.6867571015625 0.4023153609375 0.6924086734375 0.404615659375 0.6926035374999999 0.41020210468749996 0.6920188953124999 0.414255009375 0.6914342687499999 0.41688392500000004 0.6758437578125001 0.41677438906250003 0.6623295125 0.416664853125 0.640307953125 0.4177602328125 0.624327678125 0.4186365328125 0.61692219375 0.4188066828125 0.6047999578125001 0.421374984375 0.618030334375 0.4222512921875 0.631866896875 0.4220322203125 0.648626684375 0.42148452968749994 0.670063609375 0.42060822187499997 0.6876029171875 0.4199509953125 0.692669840625 0.42816635 0.693059596875
2 0.40703125 0.53828125 0.00625 0.02109375
4 0.4546788640625 0.42362580000000005 0.45336898281250004 0.428149590625 0.450903321875 0.4289720984375 0.4457408359375 0.4344554828125 0.442773015625 0.43952761249999994 0.43537602187499996 0.482435103125 0.44423700312500003 0.4906601734375 0.439228621875 0.5391065125 0.43429729687499996 0.56378175 0.440153246875 0.5688538703125 0.44778139375 0.57241806875 0.4514798921875 0.5726922437499999 0.4551783828125 0.5728293265625 0.4586457234375 0.5728293265625 0.461881909375 0.5746114203125 0.4682772203125 0.5744743375 0.4806055390625 0.5733776671874999 0.48345646562500005 0.57529684375 0.483379409375 0.5625861734375001 0.48530570781250004 0.5391447046875 0.4844581375 0.5173482515625001 0.4913928171875 0.501388546875 0.4923944953125 0.48685758124999995 0.4920862921875 0.45946920156250004 0.49301091250000006 0.4527520546875 0.490082934375 0.442196546875 0.4881566359375 0.4357535640625 0.48299414843750005 0.42876225156250003 0.476213578125 0.4228676125 0.47242688125 0.41310192343749996 0.469935159375 0.4197874296875 0.46600550937499996 0.42856084375 0.4625381703125 0.4347296515625 0.4589937796875 0.440761375 0.45722158281249997 0.43623758125 0.4575297921875 0.43020586562499996 0.45776094375 0.4192390921875 0.4546788640625 0.42362580000000005
3 0.46484375 0.46015625 0.00625 0.0125
2 0.45 0.490625 0.00546875 0.02265625
4 0.520353871875 0.4256051 0.5150826734375 0.42731020781250006 0.5076893 0.43559215625 0.50063821875 0.469085328125 0.5070047296875 0.4763929375 0.5063196999999999 0.5110611781250001 0.506045475 0.52338051875 0.503170271875 0.546155875 0.5041286734375 0.5504186421874999 0.5080307281249999 0.55224554375 0.5195315296875 0.5480117078125 0.5283625015625 0.5381464484375 0.540137128125 0.545088665625 0.54198546875 0.529597696875 0.5378095890625 0.5040210921875 0.532812215625 0.48067748593750004 0.5314430734375 0.47872878906249994 0.5300739296875 0.471542984375 0.5327437546875 0.4509102609375 0.5342498203125 0.43312843125 0.533359875 0.428134903125 0.5337706125 0.4228977890625 0.5305630421875 0.42194905 0.527268046875 0.430355040625 0.5228867890625 0.44168182343750007 0.5197377609375 0.442290790625 0.5196693 0.43790623437500004 0.5206961578125 0.4293806953125 0.522476046875 0.42268206093750005 0.522476046875 0.42158592031250003 0.520353871875 0.4256051
3 0.52578125 0.45390625 0.00546875 0.01171875
2 0.51171875 0.50234375 0.0078125 0.021875
0 0.49335630156250004 0.7416673734375 0.49261600000000005 0.7452235078125 0.49335630156250004 0.7469357109375 0.49757601874999996 0.7483845015624999 0.502239921875 0.747462546875 0.5072739703125 0.7444332484375 0.5089026375000001 0.7416673734375 0.5106793625 0.7404819953125 0.512752203125 0.7403502890625 0.514528934375 0.7382429562499999 0.5128556640624999 0.723346271875 0.5078662140625 0.7307355796875 0.5052011296875001 0.724676984375 0.5024620093750001 0.7240184421875 0.5006112546875 0.7269160343750001 0.49853841406250005 0.7287599546875 0.4961694453125 0.7332380328125 0.4941706328125 0.7374527078125 0.49335630156250004 0.7416673734375
0 0.4784010296875 0.7381753609375 0.476624309375 0.7284289453125 0.4758099734375 0.720263015625 0.4732929515625 0.7178922765625 0.46914725781250005 0.7176288484375 0.4662088625 0.7208781875 0.46551978437499997 0.7310631140625 0.4650015703125 0.740282703125 0.4650015703125 0.745682746875 0.4664821734375 0.7471315374999999 0.470109653125 0.7491071640625 0.4746254921875 0.748712034375 0.4784750640625 0.7459461593750001 0.4784010296875 0.7381753609375
0 0.44353183124999995 0.7244776921875 0.4478996125 0.7271118609375 0.4538960546875 0.7273752734375 0.45981846875 0.7247411046875001 0.46389012812499997 0.7240825625 0.46596297499999995 0.7232923140625 0.46470445781249997 0.7189459328125001 0.464450353125 0.70903138125 0.45989249687499995 0.705511671875 0.45693129062500004 0.7040628812499999 0.45441426875 0.710253178125 0.449676334375 0.7136775953125001 0.443309740625 0.7151263906249999 0.4410148078125 0.7167068875 0.4407927140625 0.7213166828124999 0.44353183124999995 0.7244776921875
0 0.420261465625 0.717760559375 0.4230005796875 0.7185508171875 0.42692418125 0.7163117640625 0.428626871875 0.7109117203124999 0.4295152375 0.7105165953125 0.430033446875 0.6994530859375 0.4291450859375 0.695238415625 0.4276141875 0.69800726875 0.42388894062500004 0.695238415625 0.42011340312499995 0.6945798734374999 0.41767041093749996 0.7011652953125 0.41589368593750003 0.707619009375 0.41404293125 0.7134141765625001 0.4135247171875 0.7176288484375 0.41589368593750003 0.7174971421875 0.420261465625 0.717760559375
0 0.4053604046875 0.7126239390625 0.41076460312499996 0.7088043828124999 0.41476223437500004 0.708014134375 0.41676104687500004 0.7053799656249999 0.41602074531250005 0.69642379375 0.41468820468749995 0.6904969140625 0.41379983906250006 0.6936579125 0.41098669687499995 0.6932627890624999 0.4067669734375 0.692209121875 0.40373546875 0.6937292562499999 0.39966007812500004 0.699979921875 0.39699499375 0.7041945875 0.3942558765625 0.7070921734375 0.39336751406250003 0.7093312171874999 0.39336751406250003 0.7113068546875 0.3977352953125 0.713019053125 0.39966007812500004 0.7143361374999999 0.4053604046875 0.7126239390625
0 0.40310947031250005 0.6970402671875 0.40381576093750005 0.6935605125000001 0.401588221875 0.6894041375 0.40109924843749994 0.68263794375 0.401588221875 0.67886820625 0.39881738125 0.6767416875000001 0.39599220625 0.67780495 0.3941449828125 0.680221446875 0.3941449828125 0.6827346015625 0.3928953859375 0.682927921875 0.39115681874999997 0.6806080828125001 0.3897985640625 0.6797381484375 0.389558515625 0.6805938265625 0.388711959375 0.683894521875 0.387842671875 0.6886308546875 0.38762535468750003 0.6924005921874999 0.390667846875 0.6941404703125 0.3928953859375 0.69394715 0.3971874734375 0.6977168875 0.40039295781249995 0.69974674375 0.40310947031250005 0.6970402671875
0 0.354503075 0.7091577171875 0.35996332343750004 0.7100524593750001 0.3626216 0.7092855265625 0.366573096875 0.7071125671875 0.3692313796875 0.7048117765625 0.36750708906249996 0.6982928859374999 0.3659264875 0.6952251687500001 0.363196365625 0.6925409203124999 0.3632682109375 0.6892175640625 0.361974990625 0.6866611359375 0.3593167140625 0.6870445984375 0.357376890625 0.6858942046875 0.3557244453125 0.6858942046875 0.352635090625 0.689473203125 0.3517011046875 0.6915183500000001 0.3522040203125 0.692924384375 0.3510544953125 0.693307846875 0.34868359375 0.6889619203125 0.347268825 0.6845933890625 0.3472466875 0.6878115265625 0.3459534734375 0.69215745625 0.344372871875 0.69931545625 0.344372871875 0.702127528125 0.34753406875000004 0.7045561375 0.3482525234375 0.70404485 0.3500486578125 0.7058343515625001 0.354503075 0.7091577171875
1 0.4450379625 0.5947988953125 0.44876225156249994 0.6181846390625 0.4529247015625 0.6584581828125 0.454896390625 0.6765821484375001 0.45807298750000003 0.6865182140625 0.4570871515625 0.6948981046875 0.45697760625 0.7030831234375 0.46453573593749997 0.7087346828125 0.46519296250000003 0.7198429046875 0.468040959375 0.7173094437499999 0.47351786406249996 0.7175043359375 0.4766944609375 0.7198429046875 0.47768030625 0.712242534375 0.47680400624999997 0.7015240687500001 0.4791043046875 0.6820359484375 0.4794329140625 0.662547828125 0.47888522343749995 0.6300209515625 0.4783375328125 0.618522965625 0.4791043046875 0.6099481890625 0.4808569109375 0.5898754265624999 0.4827602234375 0.5760718375 0.480747375 0.5737517234375 0.4637689734375 0.5751158890625 0.45829206874999995 0.5739466015625 0.45139116718750005 0.5739466015625 0.44240904687500004 0.571413146875 0.44240904687500004 0.5784288703125 0.4450379625 0.5947988953125
1 0.3433360640625 0.6517345812500001 0.3424417359375 0.6711461890625 0.340921375 0.6771924312500001 0.3417262703125 0.6791017640625 0.34512472031249997 0.6805337703125 0.3521899046875 0.6821248859375 0.35658342187500003 0.6826254125 0.35871850156249996 0.634709653125 0.3606860203125 0.6236353 0.3646210640625 0.599450346875 0.36703574687499996 0.5889489890624999 0.36936100625 0.5669915984375 0.3709707984375 0.5655595953125 0.37338548125000004 0.567309821875 0.3758896015625 0.58990365625 0.3785725859375 0.5977001234375 0.37955633906249997 0.606292146875 0.38214989843749997 0.61504328125 0.38411741718750003 0.6182255109375 0.3851906078125 0.621885075 0.38635323593750004 0.634932221875 0.387515865625 0.6412966765625 0.3870687015625 0.650047809375 0.38778416718750003 0.6648451859375 0.38885735781249997 0.6683456343749999 0.38778416718750003 0.6734372109375 0.38867849374999996 0.677892325 0.39243466875 0.6790061140625 0.3940444625 0.6798016703124999 0.39619084375 0.675028325 0.39628028125000003 0.6624585125 0.3977111984375 0.65816250625 0.399052690625 0.614884165625 0.39619084375 0.607724146875 0.39636970625 0.6004050203125 0.3948493515625 0.5949952265625 0.3946704890625 0.573819615625 0.3938655859375 0.5617271421875001 0.39431275 0.556953796875 0.39431275 0.548679996875 0.3872475640625 0.548679996875 0.3731171796875 0.5477253296875 0.3673040484375 0.54740710625 0.3512061453125 0.5394515296875 0.34816542968749997 0.5531134359375 0.3468239375 0.599892221875 0.3433360640625 0.6517345812500001
0 0.31514884374999996 0.6597496406250001 0.3151015046875 0.667666534375 0.31557489843750003 0.6698563125 0.318273240625 0.6717092046875 0.3204035078125 0.6728883125 0.321729009375 0.6720460890625 0.324190653125 0.6701089812500001 0.3247113890625 0.66581365 0.32442735 0.6616025375000001 0.3226284609375 0.6552858625 0.322387325 0.6566745921875 0.322675796875 0.6584020859375 0.3233385515625 0.6599180921875 0.3233858859375 0.661349865625 0.3226284609375 0.6626131984375 0.3191726890625 0.6620236484375 0.3159536140625 0.661939421875 0.3156222359375 0.6533487515624999 0.31514884374999996 0.6597496406250001
0 0.2955030234375 0.662935515625 0.2982013671875 0.663440846875 0.304686853125 0.6626828453125 0.3099415171875 0.6612510703125001 0.309988859375 0.659482403125 0.3133026125 0.6576295109375 0.3133499515625 0.6608299578125 0.3152435234375 0.6609141796875 0.31533820156250003 0.6536710671875 0.31587708124999997 0.649099034375 0.3115510546875 0.6519023984375 0.3079532671875 0.653502628125 0.30544428125 0.6547659625 0.3026512640625 0.6547659625 0.3016571359375 0.6541763984375 0.2947455953125 0.6591455140625 0.2947455953125 0.6604930687499999 0.2955030234375 0.662935515625
1 0.3089651625 0.6427968515625 0.315360421875 0.64430274375 0.3161128078125 0.648987778125 0.3198747265625 0.64848580625 0.32326045312499996 0.6468125812500001 0.323636646875 0.6381118156250001 0.32467117343749996 0.6238894046875 0.325423559375 0.5977870937499999 0.323448546875 0.5854052328125 0.323636646875 0.5743619437499999 0.3241068859375 0.5649918875 0.33106643125 0.5287447296875001 0.3307842984375 0.5155262546875 0.32467117343749996 0.5148569640625 0.3180878140625 0.5133510625000001 0.315548521875 0.51535893125 0.310281828125 0.5185380609375 0.30604966875 0.5185380609375 0.3001246515625 0.517032159375 0.299851565625 0.519064415625 0.3001246515625 0.5374960390625 0.3014413234375 0.5497105796875 0.3042627640625 0.5701239250000001 0.30520324374999996 0.5849032656250001 0.306519909375 0.5875804234374999 0.3058615765625 0.5944406437499999 0.30717825 0.6106709265625 0.3089651625 0.6427968515625
1 0.2826070265625 0.6179570734375 0.2826070265625 0.593125046875 0.2855072890625 0.5678092796875001 0.28741058124999996 0.6242457046875 0.287954378125 0.6373067031249999 0.29565819375 0.6384354265625001 0.2975614796875 0.6311793156250001 0.299283515625 0.60183238125 0.29973668125 0.5799027984375 0.29846781093749997 0.5626493828125 0.300371109375 0.5473309296875 0.299192878125 0.516556403125 0.2954769171875 0.5154276765625 0.284782221875 0.5305848859375 0.2750844890625 0.531068625 0.27281866250000003 0.5207488265625 0.2689214390625 0.5147826875 0.26618842656249997 0.5147206015625 0.2670181453125 0.5331175531250001 0.269283971875 0.55246718125 0.26982776875000003 0.563754465625 0.27082473125 0.6027998609375 0.2716404296875 0.6373067031249999 0.2798880359375 0.6384354265625001 0.28088499843750003 0.63069558125 0.2826070265625 0.6179570734375
0 0.2690162859375 0.653735203125 0.27135965781250004 0.6545904046875 0.2761665734375 0.6539490015625 0.278329684375 0.6536282953125 0.27935115625 0.6487108546875 0.280432709375 0.6473211484375 0.28079322812499996 0.6411208937499999 0.2805528859375 0.638127665625 0.2787124828125 0.6385185015625 0.2780893375 0.642189903125 0.275085015625 0.6453969296875 0.2720206078125 0.6463590390625 0.27123948593749997 0.6435796171875 0.27027809999999997 0.6453969296875 0.26925663125 0.64860395625 0.2687759390625 0.6521316890625 0.2690162859375 0.653735203125
0 0.296013884375 0.6495979671875001 0.297116196875 0.645246675 0.29749511875 0.6408953828125 0.2965994875 0.63844395 0.2952904890625 0.63844395 0.2943604125 0.64052766875 0.2925691546875 0.64408224375 0.2898822640625 0.646227246875 0.2881599 0.6465949609375 0.2870920359375 0.6460433921875001 0.2857967015625 0.6446702484375 0.283345325 0.64968693125 0.282725271875 0.652260934375 0.2828975078125 0.6545897968750001 0.28585997343749997 0.6552026546875 0.2899592046875 0.6544672265625 0.2931972484375 0.65385436875 0.296013884375 0.6495979671875001
1 0.195306159375 0.6168456890625 0.195186409375 0.567204353125 0.19865920937499998 0.6181240031249999 0.21015541249999997 0.6162065390625 0.207760371875 0.6021450265625 0.20859863125000003 0.5957534359375 0.20835913125 0.5618780265625001 0.20835913125 0.5567647359375 0.21350846406250001 0.4939140984375 0.20548508124999998 0.49583157499999997 0.19590491875 0.49647073124999996 0.1866840078125 0.49561852812499996 0.1775919921875 0.49590948749999997 0.178301365625 0.5060581171874999 0.1815346765625 0.5290678421874999 0.183091446875 0.5582561078125 0.1846482265625 0.5725306703124999 0.18380996562500002 0.5929837578125 0.186085246875 0.60768441875 0.1845284765625 0.6194023343749999 0.195306159375 0.6168456890625
0 0.1806329765625 0.6259675375 0.1800077453125 0.6302147421875001 0.1798372296875 0.6323383437500001 0.1822244796875 0.632742840625 0.1871126625 0.633147334375 0.19012515000000002 0.6285967578125 0.1933649890625 0.62758551875 0.194160740625 0.619900103125 0.194160740625 0.6183832453125 0.19059994062500002 0.62030925625 0.188704165625 0.62303494375 0.1864305921875 0.623945059375 0.183304428125 0.623945059375 0.18296339374999998 0.6233383171875 0.18472541250000002 0.6200012265625 0.184327534375 0.6200012265625 0.182395 0.62303494375 0.1806329765625 0.6259675375
0 0.2115983359375 0.63001249375 0.211257296875 0.6261697859375001 0.2104615484375 0.6209113421875 0.208926884375 0.617776503125 0.2078469359375 0.617776503125 0.2098363125 0.6203046015625 0.2103478671875 0.6231360687499999 0.208472171875 0.623945059375 0.20511865 0.6240461828125 0.2035839859375 0.622731571875 0.2018275859375 0.619424940625 0.201765128125 0.6209113421875 0.20295875312499997 0.6236416890625 0.2030155921875 0.6280911390624999 0.204834453125 0.6328439625 0.20852901093749998 0.6330462109375 0.211370978125 0.6323383437500001 0.2115983359375 0.63001249375
0 0.24094665 0.643581221875 0.2432488375 0.6409747578125 0.24806250468750002 0.637809759375 0.2480762625 0.625463034375 0.2429348984375 0.6229157 0.24094665 0.621798640625 0.23665619843750002 0.6296180421875001 0.23404007343750002 0.632969190625 0.23226111249999998 0.637809759375 0.23205182500000002 0.6430226890624999 0.23686549375000002 0.6437673953124999 0.24094665 0.643581221875
1 0.11140521249999999 0.5866204125000001 0.11018022812499999 0.5969229984375 0.11018022812499999 0.6070274671875 0.1090666046875 0.612971275 0.1078416140625 0.6199057156250001 0.11340973593749999 0.6214907375000001 0.11708469375 0.6256514 0.119534671875 0.6212926140625 0.11975739375000001 0.6105937578125 0.12231873281250001 0.6002911484375 0.12721868125 0.5632414234375 0.13378905624999998 0.5259935687499999 0.1356822234375 0.5279748390625 0.138800365625 0.5515519328125 0.1392458171875 0.5723552578125 0.13857764374999998 0.607819978125 0.13902309531249998 0.6212926140625 0.1420298765625 0.621886984375 0.14715254687499998 0.617330075 0.14982524531250002 0.6175282 0.14993660625 0.5945454812500001 0.14982524531250002 0.57493090625 0.1482661703125 0.546796890625 0.14949116406250001 0.5222291515624999 0.14893435156249998 0.49885017343750004 0.146076215625 0.4861658109375 0.1393571765625 0.48798457031250003 0.13401178593750002 0.48937145937500004 0.12966865 0.49174897656249994 0.1204255671875 0.48976770781249995 0.119089221875 0.49888155 0.116416521875 0.5535332015625001 0.114523359375 0.565420815625 0.11140521249999999 0.5866204125000001
2 0.1375 0.5109375 0.00546875 0.0234375
0 0.1455785890625 0.628026821875 0.14852944375 0.629310128125 0.153513109375 0.6286101453125 0.15574264531249998 0.6272101578125 0.155939365625 0.6234768796875 0.1531196625 0.6227769015625 0.1508901265625 0.6219602375 0.148895515625 0.6190106703125 0.1466933546875 0.6203269312499999 0.1447261171875 0.6199769328125 0.14210313593749999 0.6219602375 0.1389555546875 0.6216102515624999 0.1385621078125 0.6253435203125 0.1400047515625 0.6275601515625 0.14308675312500002 0.6269768265625 0.1455785890625 0.628026821875
0 0.1145344859375 0.6312268046875 0.11603619843749999 0.628661946875 0.11693722656250001 0.628661946875 0.11705736562499999 0.625349009375 0.11386388750000001 0.6225740828124999 0.1119515421875 0.6234253671875 0.10888804375000001 0.6221429390625001 0.1069057859375 0.6258833546875 0.1048033875 0.6282344734375 0.10450304531250001 0.631013065625 0.105223865625 0.63411226875 0.11111058124999999 0.633364184375 0.1145344859375 0.6312268046875