4 0.7898583718750001 0.1041494515625 0.7796434640625 0.089403203125 0.7700122578124999 0.057987370312499995 0.7638833171875 0.03618865 0.76038105 0.06375763437500001 0.74987429375 0.0810683984375 0.7536684109375 0.0938911828125 0.7495824437499999 0.12274245156250001 0.74170238125 0.132359540625 0.7384919640625001 0.1612107828125 0.744037203125 0.19262661718750002 0.7554195328125 0.199679140625 0.7714715296875 0.209296228125 0.790733921875 0.2221190140625 0.7936524656249999 0.25609941406250003 0.8000732781250001 0.2785392890625 0.8260483093750001 0.457969925 0.8164171250000001 0.48042860000000004 0.814666003125 0.5836520359375 0.840641034375 0.5842931671875 0.89755268125 0.5310786609375 0.9279055296875001 0.48363429687500004 0.9535887328125 0.44644822343749996 0.9334507921874999 0.3583564328125 0.9267381296874999 0.32373492656249997 0.8978445078125 0.2221754390625 0.9045571703125 0.2035824140625 0.9340344921874999 0.156138096875 0.8820843843749999 0.03071733125 0.87449615 0.021741396875 0.8642812421875 0.0300762015625 0.8610708703125001 0.0230236546875 0.8543582078125 0.03456418125 0.849688540625 0.0230236546875 0.8467699968750001 0.008918609375 0.8242971875 0.0069951734375 0.8111991749999999 0.000160190625 0.8108718859374999 0.0419588875 0.800656978125 0.0708101546875 0.8026999515625001 0.122101296875 0.7898583718750001 0.1041494515625
4 0.7020798187499999 0.260362484375 0.694716303125 0.2212704890625 0.69532994375 0.1963325265625 0.69042091875 0.2192484953125 0.6879664296875 0.238120478125 0.6799892984375 0.248230471875 0.6523761390625 0.3230088640625 0.648080753125 0.3472728375 0.6275242765625 0.49892273749999994 0.63795591875 0.516446715625 0.6554442671875 0.5306007484374999 0.6695576562500001 0.534644734375 0.676000721875 0.6214306281249999 0.6692508484374999 0.705680546875 0.6799892984375 0.813520475 0.7401246218749999 0.8088024484374999 0.7484085609375 0.7939744796875 0.7674309734375 0.75825248125 0.7729535921874999 0.719834528125 0.7806239140625 0.70433251875 0.781237553125 0.6847865203125 0.784612490625 0.6618706015625 0.789214684375 0.5884045890625 0.790441940625 0.527744628125 0.7849192984375 0.49067465312499997 0.7873738109375 0.473150675 0.7987258781250001 0.45495268125 0.81682784375 0.4509086953125 0.8232709343750001 0.456974675 0.8119188421875 0.37176414375 0.8039416890625001 0.3232361703125 0.8008735609375 0.2791316828125 0.7886010437500001 0.2481277140625 0.782157978125 0.2454317171875 0.752090328125 0.21173172812500002 0.7380850484375 0.181199553125 0.7333747234375 0.2671024796875 0.7211022078125 0.293388446875 0.7106705890625 0.2859744609375 0.7020798187499999 0.260362484375
3 0.759375 0.375 0.021875 0.0515625
2 0.7125 0.6078125 0.03359375 0.10859375
3 0.84609375 0.14453125 0.02578125 0.05390625
2 0.51796875 0.71484375 0.03359375 0.1125
4 0.3989848796875 0.2803145109375 0.38973566718749997 0.2850953296875 0.3791262984375 0.2737409046875 0.37558982812499997 0.2588008671875 0.3557312265625 0.272545696875 0.3483862765625 0.2821073234375 0.340769271875 0.306608984375 0.3260793609375 0.3281226265625 0.3241751109375 0.3352938703125 0.3521947765625 0.39983480937500004 0.3532829234375 0.4303124734375 0.3467540671875 0.497243884375 0.2898986375 0.6801729953125 0.3132936890625 0.7267858796875 0.34185741875 0.763239559375 0.3685169078125 0.7733988109375 0.40442558906250003 0.7847532453125 0.41204259218750006 0.7733988109375 0.41585109375 0.7124434374999999 0.41857144843749994 0.6538785015624999 0.4253723375 0.6150344078125001 0.42618843125000005 0.5791783234375 0.43353340312500005 0.53316303125 0.443870740625 0.5295774078125 0.44441482343749994 0.528979815625 0.45502419375000003 0.53316303125 0.45856066406249996 0.4937213234375 0.48358792343749996 0.3836575109375 0.46917005312500004 0.3609486609375 0.45203180625000006 0.327482978125 0.4401590234375 0.28235039375 0.443054646875 0.3012305609375 0.4308130484375 0.3430626734375 0.401433203125 0.3980420078125 0.3989848796875 0.2803145109375
3 0.4328125 0.44140625 0.0140625 0.046875
4 0.28448771562499997 0.392583046875 0.28040360625 0.360836484375 0.2791469796875 0.32563919375 0.2756911828125 0.264906609375 0.2763195203125 0.2407516078125 0.26186809375000003 0.262146040625 0.2398767859375 0.26352633124999997 0.21725714062499998 0.2655967546875 0.20217740156250003 0.26904746875 0.184270178125 0.28147003593750003 0.17798694843750001 0.29458276250000004 0.164478015625 0.32908990781249997 0.1550531578125 0.33944205156249996 0.127092775 0.410472153125 0.129920234375 0.4222045609375 0.1409158875 0.4518807140625 0.1544248328125 0.4774159796875 0.14876992656250002 0.507092146875 0.14123004374999998 0.5298668578125 0.1286635828125 0.5843881296875 0.10824308281249999 0.694072346875 0.1145263140625 0.7216780625 0.124893653125 0.7389316359375 0.12740694375 0.7485935953125 0.14719911875 0.7810303171874999 0.17358868125 0.8113966156249999 0.1921242171875 0.8279600046875 0.21247688281250002 0.8472840265625001 0.2284991296875 0.8362417499999999 0.2482912921875 0.8148473296875001 0.26337105625 0.7841895671875 0.26274271875 0.7469218390625 0.2778224828125 0.666865271875 0.279707446875 0.645470853125 0.2847340265625 0.6116538390625 0.29038894375 0.602404715625 0.292588065625 0.602404715625 0.3054687078125 0.5948131546875 0.30986695000000003 0.5823905609375 0.30641117812499996 0.5485735468749999 0.3186634828125 0.5147566140625 0.327460015625 0.5050945484375 0.34442472031250004 0.527179128125 0.346938021875 0.51889740625 0.35039379375 0.4540239890625 0.35322125312499997 0.4126154140625 0.3481946734375 0.39122096875 0.33122994375000003 0.3511926875 0.3205768828125 0.3303845828125 0.3030232515625 0.3746393421875 0.28700101718750004 0.4084563296875 0.28448771562499997 0.392583046875
3 0.30703125 0.49140625 0.01875 0.0578125
2 0.26796875 0.70625 0.03203125 0.1
2 0.10234375 0.80625 0.02890625 0.090625