4 0.33671875 0.42421875 0.140625 0.24609375
3 0.3734375 0.35859375 0.0140625 0.021875
4 0.05 0.390625 0.1 0.22421875
3 0.08125 0.35 0.01953125 0.0234375
2 0.353125 0.4421875 0.02265625 0.05
4 0.73515625 0.41484375 0.18515625 0.315625
2 0.7515625 0.42890625 0.03125 0.05625
4 0.865625 0.4296875 0.16171875 0.32109375
3 0.91484375 0.3640625 0.01640625 0.03125
3 0.0375 0.45078125 0.01953125 0.04296875
1 0.04609375 0.6140625 0.09140625 0.234375
0 0.00859375 0.71015625 0.0171875 0.0453125
0 0.065625 0.746875 0.0421875 0.040625
1 0.33671875 0.64296875 0.09453125 0.21328125
1 0.5328125 0.7125 0.1578125 0.365625
1 0.70625 0.71953125 0.1515625 0.371875
1 0.184375 0.67578125 0.140625 0.3859375
0 0.32109375 0.76171875 0.0359375 0.0390625
0 0.48359375 0.88125 0.06015625 0.059375
0 0.5484375 0.9453125 0.07265625 0.06015625
0 0.73125 0.9359375 0.0796875 0.0734375
0 0.665625 0.89375 0.0609375 0.06640625
1 0.803125 0.721875 0.1609375 0.33984375
0 0.75078125 0.86171875 0.046875 0.05859375
4 0.55 0.409375 0.1875 0.33828125
2 0.60234375 0.45859375 0.03359375 0.07890625
2 0.878125 0.4953125 0.025 0.0609375
0 0.88515625 0.9109375 0.1140625 0.08359375
4 0.184375 0.3359375 0.15234375 0.2828125