1 0.33515625 0.66484375 0.18125 0.3375
4 0.35703125 0.3953125 0.2203125 0.3
2 0.33984375 0.42734375 0.0234375 0.0546875
4 0.59140625 0.41171875 0.1625 0.23125
3 0.5671875 0.3578125 0.01875 0.0234375
4 0.1984375 0.4515625 0.1140625 0.1625
3 0.1984375 0.409375 0.0140625 0.015625
0 0.334375 0.84375 0.05 0.0578125
0 0.29609375 0.8125 0.0421875 0.0578125
1 0.1796875 0.6078125 0.0921875 0.190625
1 0.5671875 0.621875 0.1125 0.225
0 0.546875 0.7125 0.040625 0.059375
0 0.5703125 0.74140625 0.0296875 0.04375
4 0.69609375 0.4890625 0.090625 0.11875
3 0.68359375 0.47109375 0.009375 0.0125
2 0.68125 0.5109375 0.0109375 0.0140625
1 0.68203125 0.5875 0.059375 0.1078125
0 0.68046875 0.64921875 0.0171875 0.0203125
0 0.1875 0.703125 0.0453125 0.0265625
0 0.15546875 0.70234375 0.03125 0.03125
0 0.50859375 0.70625 0.0390625 0.0234375
0 0.4546875 0.71328125 0.034375 0.0296875
0 0.403125 0.71015625 0.040625 0.0296875
0 0.63671875 0.63984375 0.0203125 0.0265625
0 0.61484375 0.646875 0.0140625 0.021875
0 0.8375 0.73046875 0.1390625 0.1015625