1 0.3125 0.765625 0.0765625 0.24609375
3 0.03046875 0.41015625 0.025 0.02421875
4 0.3203125 0.55 0.090625 0.1921875
3 0.3390625 0.5109375 0.0125 0.01953125
3 0.4703125 0.484375 0.01484375 0.021875
1 0.44453125 0.75859375 0.078125 0.2515625
4 0.60625 0.49765625 0.1234375 0.2515625
3 0.615625 0.4359375 0.01796875 0.0265625
0 0.28203125 0.896875 0.0375 0.0390625
0 0.3328125 0.89609375 0.028125 0.03125
0 0.41171875 0.89453125 0.03125 0.05703125
0 0.46796875 0.89375 0.01875 0.0265625
0 0.58125 0.90078125 0.034375 0.07890625
0 0.61171875 0.928125 0.02578125 0.04296875
1 0.5984375 0.75859375 0.08515625 0.2921875