4 0.74765625 0.603125 0.196875 0.3828125
4 0.55234375 0.58125 0.1765625 0.3296875
4 0.40546875 0.5859375 0.184375 0.378125
1 0.7234375 0.21796875 0.1625 0.43125
1 0.5453125 0.2625 0.109375 0.3703125
1 0.40234375 0.2203125 0.184375 0.4390625
0 0.74453125 0.0359375 0.0453125 0.071875
0 0.54921875 0.1078125 0.0359375 0.0828125
0 0.534375 0.03046875 0.0375 0.0609375
3 0.7046875 0.67890625 0.0234375 0.0328125
3 0.5265625 0.653125 0.0171875 0.0265625
2 0.7390625 0.5046875 0.028125 0.0671875
2 0.53984375 0.4890625 0.025 0.0703125
3 0.375 0.65546875 0.0203125 0.0328125