4 0.45 0.03984375 0.178125 0.0796875
4 0.47890625 0.11796875 0.1390625 0.1265625
4 0.49375 0.3078125 0.1125 0.1046875
4 0.5328125 0.65703125 0.125 0.1296875
4 0.5125 0.75 0.1296875 0.0921875
4 0.53046875 0.8171875 0.1578125 0.0703125
4 0.53671875 0.90859375 0.2296875 0.1828125
4 0.7109375 0.87578125 0.1953125 0.225
4 0.67265625 0.73984375 0.10625 0.125
4 0.671875 0.653125 0.1296875 0.121875
4 0.625 0.56875 0.1234375 0.125
4 0.62265625 0.2453125 0.128125 0.1390625
4 0.61171875 0.14296875 0.1390625 0.1296875
4 0.63046875 0.03828125 0.1328125 0.0765625
2 0.4375 0.01015625 0.028125 0.015625
3 0.41328125 0.028125 0.0171875 0.0234375
3 0.45546875 0.15546875 0.015625 0.0171875
3 0.63046875 0.01484375 0.0203125 0.021875
3 0.61015625 0.2828125 0.01875 0.021875
3 0.61953125 0.5984375 0.021875 0.025
3 0.50859375 0.66953125 0.0140625 0.0171875
3 0.7015625 0.88828125 0.025 0.0328125
3 0.5015625 0.953125 0.015625 0.021875
2 0.51171875 0.109375 0.03125 0.028125
2 0.5296875 0.315625 0.03125 0.03125
2 0.6453125 0.16953125 0.0265625 0.025
2 0.66640625 0.56875 0.0171875 0.0234375
2 0.55 0.64453125 0.0296875 0.025
2 0.53125 0.75625 0.0171875 0.0171875
0 0.8265625 0.79765625 0.0546875 0.11875
0 0.853125 0.93046875 0.0609375 0.075
2 0.55625 0.8859375 0.0265625 0.0359375