0 0.90390625 0.753125 0.1109375 0.0734375
0 0.84921875 0.85625 0.0875 0.0765625
0 0.759375 0.8390625 0.1046875 0.078125
0 0.540625 0.7765625 0.0828125 0.0640625
0 0.475 0.76953125 0.0625 0.0890625
0 0.40234375 0.91328125 0.10625 0.08125
0 0.2828125 0.9 0.084375 0.115625
1 0.8578125 0.58515625 0.1453125 0.3625
1 0.76796875 0.640625 0.18125 0.3453125
1 0.5109375 0.62890625 0.165625 0.2859375
4 0.475 0.4171875 0.18125 0.28125
2 0.5109375 0.4140625 0.0328125 0.0515625
4 0.7453125 0.353125 0.1703125 0.3234375
3 0.76640625 0.2765625 0.028125 0.0328125
3 0.45546875 0.35546875 0.025 0.0328125
4 0.8515625 0.2953125 0.15 0.3640625