4 0.34375 0.56875 0.3484375 0.20625
4 0.4171875 0.7546875 0.4234375 0.3390625
2 0.3921875 0.55078125 0.0609375 0.0421875
3 0.29609375 0.696875 0.0328125 0.0296875
3 0.278125 0.5546875 0.03125 0.0234375
1 0.65390625 0.5234375 0.3765625 0.1875
1 0.7421875 0.65625 0.3671875 0.171875
0 0.90234375 0.65234375 0.0734375 0.0703125
0 0.91875 0.58203125 0.0875 0.06875
0 0.81640625 0.54453125 0.1046875 0.053125
0 0.8453125 0.4828125 0.0546875 0.0609375
1 0.56328125 0.0875 0.3703125 0.175
0 0.7484375 0.07109375 0.08125 0.1015625
4 0.23046875 0.14921875 0.309375 0.1984375