4 0.415625 0.4453125 0.19375 0.11875
4 0.43359375 0.38984375 0.1484375 0.071875
4 0.37109375 0.340625 0.1625 0.1140625
4 0.39921875 0.259375 0.178125 0.084375
4 0.46640625 0.30078125 0.0921875 0.053125
4 0.27421875 0.640625 0.1359375 0.0734375
4 0.28203125 0.71640625 0.1390625 0.0796875
4 0.4078125 0.65390625 0.1359375 0.0734375
4 0.409375 0.75625 0.1453125 0.0609375
4 0.3859375 0.81015625 0.1625 0.075
4 0.390625 0.8734375 0.1875 0.09375
4 0.4484375 0.928125 0.1984375 0.0859375
4 0.4390625 0.68671875 0.0921875 0.040625
1 0.20234375 0.88125 0.2203125 0.084375
1 0.225 0.81875 0.1765625 0.0703125
0 0.1265625 0.81328125 0.0296875 0.0328125
0 0.12109375 0.834375 0.046875 0.028125
0 0.1015625 0.86171875 0.046875 0.0328125
0 0.08125 0.878125 0.0421875 0.05
0 0.16015625 0.95703125 0.0515625 0.0265625
3 0.43671875 0.2859375 0.015625 0.0125
3 0.39921875 0.35625 0.015625 0.0109375
2 0.41484375 0.44375 0.034375 0.0203125
3 0.46015625 0.4625 0.0171875 0.0171875
3 0.43671875 0.6609375 0.015625 0.009375
3 0.30234375 0.72109375 0.01875 0.0125
3 0.4578125 0.69375 0.0125 0.009375
3 0.4296875 0.88125 0.0203125 0.0140625
3 0.49453125 0.91640625 0.025 0.015625
2 0.36875 0.81328125 0.03125 0.0171875
2 0.35546875 0.3390625 0.01875 0.01875