4 0.39375 0.26484375 0.23125 0.36328125
4 0.11171875 0.29921875 0.2234375 0.3921875
2 0.10625 0.29375 0.034375 0.06484375
3 0.13515625 0.20390625 0.034375 0.04140625
2 0.434375 0.26875 0.03828125 0.06484375
3 0.44453125 0.18671875 0.028125 0.034375
1 0.43828125 0.58671875 0.18203125 0.3265625
1 0.1640625 0.60234375 0.234375 0.31484375
0 0.365625 0.7078125 0.0609375 0.11796875
0 0.51328125 0.77265625 0.09921875 0.0859375
0 0.2953125 0.78984375 0.096875 0.07890625
0 0.1609375 0.78359375 0.05 0.0765625