4 0.42109375 0.41796875 0.3859375 0.1734375
4 0.47578125 0.92265625 0.2796875 0.1546875
4 0.4703125 0.62578125 0.2546875 0.125
1 0.73046875 0.91953125 0.284375 0.146875
1 0.67578125 0.6125 0.2140625 0.1015625
1 0.778125 0.4109375 0.4390625 0.15625
4 0.43984375 0.328125 0.2921875 0.084375
0 0.86328125 0.8828125 0.071875 0.0625
0 0.78203125 0.61796875 0.0671875 0.03125
0 0.80546875 0.59765625 0.0609375 0.0296875
0 0.78828125 0.53203125 0.05 0.0453125
0 0.940625 0.34296875 0.078125 0.04375
0 0.75703125 0.4578125 0.0328125 0.021875
1 0.66484375 0.546875 0.215625 0.071875
3 0.4 0.9234375 0.028125 0.0140625
3 0.41796875 0.609375 0.0234375 0.0109375
3 0.33203125 0.3484375 0.025 0.015625
3 0.3375 0.3875 0.03125 0.01875