0 0.4734375 0.98203125 0.02421875 0.034375
0 0.50078125 0.975 0.02421875 0.04765625
0 0.63671875 0.9234375 0.03203125 0.0546875
0 0.672222221875 0.9661995046875 0.6745370375 0.943116240625 0.6736111109375 0.934047815625 0.665740740625 0.9117889531250001 0.6564814812499999 0.9117889531250001 0.6541666671875 0.9225061828125 0.6504629625 0.9266281953125001 0.6495370375 0.9464138500000001 0.652777778125 0.965375103125 0.6703703703125 0.9703215171874999 0.672222221875 0.9661995046875
0 0.56953125 0.846875 0.01796875 0.03125
0 0.5890625 0.81953125 0.015625 0.0484375
4 0.49375 0.51796875 0.134375 0.321875
3 0.51171875 0.4515625 0.01640625 0.03203125
4 0.64296875 0.55546875 0.1125 0.21875
3 0.67265625 0.50546875 0.02109375 0.03046875
2 0.49375 0.53828125 0.02734375 0.05859375
1 0.640625 0.8046875 0.0765625 0.23203125
1 0.4875 0.81171875 0.08203125 0.30703125