1 0.30234375 0.62265625 0.325 0.1625
4 0.56640625 0.6515625 0.2859375 0.203125
2 0.53203125 0.6625 0.0546875 0.0203125
4 0.59375 0.4234375 0.221875 0.1484375
3 0.64140625 0.4578125 0.0234375 0.0171875
4 0.48203125 0.79375 0.1546875 0.103125
3 0.52265625 0.8015625 0.015625 0.0140625
0 0.13046875 0.58984375 0.05625 0.0453125
0 0.15390625 0.6328125 0.0546875 0.0375
1 0.32890625 0.7828125 0.1828125 0.08125
1 0.3875 0.4078125 0.215625 0.1
0 0.296875 0.41015625 0.05625 0.0375
0 0.2734375 0.38203125 0.0421875 0.028125
4 0.53828125 0.30859375 0.1109375 0.084375
3 0.55390625 0.3234375 0.0109375 0.0078125
2 0.51484375 0.31796875 0.0125 0.0109375
1 0.44140625 0.303125 0.103125 0.053125
0 0.3828125 0.29296875 0.0203125 0.0171875
0 0.23828125 0.75625 0.025 0.04375
0 0.2328125 0.78828125 0.028125 0.0296875
0 0.2953125 0.4484375 0.021875 0.0390625
0 0.2796875 0.49765625 0.0265625 0.0328125
0 0.27265625 0.54921875 0.028125 0.0375
0 0.38359375 0.3375 0.025 0.01875
0 0.37265625 0.35625 0.0203125 0.0125
0 0.334375 0.12734375 0.09375 0.134375