1 0.65234375 0.7015625 0.465625 0.275
4 0.2484375 0.60625 0.465625 0.2203125
2 0.3296875 0.65703125 0.0828125 0.046875
3 0.1015625 0.640625 0.04375 0.025
4 0.88828125 0.828125 0.10625 0.0890625
0 0.90234375 0.68046875 0.078125 0.0734375
4 0.3921875 0.3265625 0.278125 0.18125
1 0.6421875 0.38515625 0.275 0.140625
0 0.8109375 0.39375 0.0609375 0.0390625
0 0.784375 0.42890625 0.0578125 0.0421875
0 0.82421875 0.25703125 0.0625 0.0328125
0 0.8078125 0.26796875 0.0421875 0.021875
1 0.68203125 0.240625 0.23125 0.109375
4 0.465625 0.2109375 0.228125 0.14375
1 0.6734375 0.14453125 0.1859375 0.0734375
4 0.49453125 0.109375 0.1796875 0.0890625
3 0.4375 0.12578125 0.0265625 0.015625
0 0.7875 0.15546875 0.0359375 0.015625
0 0.79140625 0.16953125 0.03125 0.025