2 0.284375 0.453125 0.028125 0.059375
4 0.38307125468750003 0.6069889796875 0.4122404265625 0.6364073484375 0.41094975624999996 0.6276737703124999 0.41198229218750004 0.61756120625 0.42031534375 0.5994459703125 0.427070903125 0.5973230843749999 0.43819770625 0.6348273984375 0.4499280296875 0.6281334328125 0.4552852984375 0.62138245625 0.46482255781250004 0.5789247421875 0.46641210156249996 0.537174659375 0.45965654218749996 0.5357594015625 0.458280028125 0.51333281875 0.459205953125 0.4993179796875 0.45735410156249995 0.494371565625 0.45550225 0.45892226718750007 0.458280028125 0.435839003125 0.459205953125 0.390496875 0.45457632343750004 0.3806040484375 0.43559484218750005 0.372360025 0.42979355625000004 0.3964637796875 0.4223076640625 0.38083527031250003 0.395780028125 0.3929700828125 0.3892664765625 0.4006007375 0.3814281765625 0.400389703125 0.3828131203125 0.4130116109375 0.3814281765625 0.42099976093749997 0.3879096578125 0.4308925890625 0.38591073124999997 0.5545875109375 0.38023177812500003 0.5766512875 0.3795763234375 0.5825826140625 0.377650434375 0.597336078125 0.378682971875 0.6005537125 0.38307125468750003 0.6069889796875
2 0.43984375 0.4609375 0.0234375 0.04609375
3 0.4484375 0.5640625 0.01640625 0.02734375
1 0.29722222187499997 0.37510305 0.31851851875000003 0.375927453125 0.3416666671875 0.3891178890625 0.35615323125 0.388391128125 0.35555555625 0.33718054375 0.35046296250000003 0.3173948890625 0.3481481484375 0.29678483125 0.340740740625 0.20939818593749998 0.3421296296875 0.20032976093750002 0.334259259375 0.08985985156250001 0.3295051859375 0.079573840625 0.32592592656249997 0.05193734531250001 0.30454908125 0.044926046875 0.3015881875 0.068275646875 0.3003192328125 0.11196199531249999 0.3092019140625 0.22795678125 0.3135493171875 0.3367450359375 0.3092019140625 0.3311469484375 0.30745440625 0.30297932968749997 0.3006822828125 0.2185650609375 0.29661900937499996 0.1413863015625 0.29820430937500003 0.0893656078125 0.2939744609375 0.075807775 0.29270550625 0.0486921109375 0.28001596093750003 0.05095175 0.27578611249999996 0.05170496249999999 0.2671296296875 0.05193734531250001 0.266203703125 0.07831821875 0.271759259375 0.098103875 0.26527777812500003 0.141797196875 0.26732641562500004 0.2083732453125 0.26574074062499997 0.2695795546875 0.2629629625 0.3767518546875 0.26435185156249996 0.3800494640625 0.29722222187499997 0.37510305
0 0.26805555625 0.0527617484375 0.2870370375 0.04699093125 0.291203703125 0.0486397359375 0.29305555625 0.042868920312499996 0.2925925921875 0.028854081250000004 0.290277778125 0.0222588625 0.272222221875 0.009068425 0.25509259218749997 0.008244023437500001 0.253240740625 0.012366034375 0.253703703125 0.0230832640625 0.26805555625 0.0527617484375
0 0.3062410203125 0.046432471875 0.3134259265625 0.0494641390625 0.32592592656249997 0.0527617484375 0.3333333328125 0.0263808734375 0.333796296875 0.0008244015625 0.308796296875 0.0008244015625 0.30555555624999997 0.037098103125 0.3062410203125 0.046432471875
0 0.409259259375 0.1154163234375 0.4175925921875 0.11376751874999999 0.42083333281249996 0.10387469062500002 0.41851851875 0.075020609375 0.4078703703125 0.0717230015625 0.3981481484375 0.0766694140625 0.397222221875 0.08903545 0.4 0.10387469062500002 0.409259259375 0.1154163234375
1 0.4001882 0.39370233125 0.40970480781249996 0.378702134375 0.42679239999999996 0.3716258484375 0.460570196875 0.38294790624999997 0.45620671875 0.3813362953125 0.45666968125 0.3335209625 0.44972523750000004 0.2758128 0.45111412656249994 0.263446765625 0.4401701390625 0.201506896875 0.44099442812499995 0.1873179875 0.43769727343750003 0.17900035 0.4319272515625 0.17361835 0.42478341718749996 0.1780218046875 0.41983768593750004 0.19025362343750002 0.42313484062500006 0.2245027140625 0.419288159375 0.26951580625 0.41846387187499995 0.19025362343750002 0.415928940625 0.11835195937500001 0.4006511625 0.1068103265625 0.396947459375 0.111756740625 0.396757603125 0.143283440625 0.3918548671875 0.194196971875 0.3886141265625 0.3631994453125 0.384910421875 0.3969999390625 0.4001882 0.39370233125
0 0.414102153125 0.1654401109375 0.42594572968750005 0.163180471875 0.434405425 0.1646868984375 0.434722221875 0.1434460015625 0.4263888890625 0.11459192031250001 0.4236111109375 0.1121187140625 0.4129629625 0.117065128125 0.4129629625 0.1376751859375 0.414102153125 0.1654401109375
4 0.5328703703125 0.4245671890625 0.534259259375 0.4237427859375 0.5356481484375 0.3965375109375 0.54444444375 0.36356141875 0.5527777781250001 0.3577906015625 0.584259259375 0.344600165625 0.6180555562500001 0.3396537515625 0.6240740734375 0.3396537515625 0.64305555625 0.349546578125 0.6587962968750001 0.347073371875 0.6587962968750001 0.3050288546875 0.6675925921875 0.27782357812499997 0.671759259375 0.24896949687499997 0.66805555625 0.186314921875 0.6583333328125 0.151690025 0.6555555562500001 0.12695795625 0.6398148140625 0.08326463281249999 0.6319444437499999 0.056059356250000004 0.6268518515625 0.028029678125000002 0.6226851859375 0.0222588625 0.6141203703125 0.02473206875 0.6083333328125 0.0197856546875 0.60694444375 0.013190437499999999 0.5907095 0.022695225 0.60872784375 0.13022476562500002 0.6165195609375 0.1727162765625 0.6243112765625 0.1874582296875 0.6184674890624999 0.196997140625 0.6223633484375 0.21173909375000002 0.6135976671875001 0.22041083125 0.616032578125 0.2420901734375 0.592170446875 0.3079953765625 0.5853526953125 0.2611679953125 0.5790219249999999 0.1995986625 0.56684736875 0.1267560703125 0.5600296171875 0.0001487078125 0.5273148140624999 0.0008244015625 0.5291666671875 0.1277823578125 0.5324074078125001 0.1714756796875 0.5319444437499999 0.2632591375 0.5291666671875 0.29183841718750003 0.528240740625 0.3429513609375 0.5254629625 0.36356141875 0.5296296296875 0.4122011546875 0.5328703703125 0.4245671890625