1 0.42265625 0.7484375 0.07578125 0.28984375
4 0.31328125 0.47578125 0.1390625 0.30234375
2 0.284375 0.546875 0.028125 0.059375
4 0.421875 0.4953125 0.0890625 0.2640625
2 0.43984375 0.5390625 0.0234375 0.04609375
3 0.4484375 0.4359375 0.01640625 0.02734375
1 0.309375 0.7828125 0.09296875 0.34453125
0 0.2734375 0.96953125 0.03984375 0.04453125
0 0.31953125 0.9734375 0.028125 0.0515625
0 0.409375 0.90625 0.0234375 0.04375
0 0.42421875 0.8609375 0.021875 0.053125
1 0.596875 0.82890625 0.1421875 0.3421875
4 0.58046875 0.4484375 0.17109375 0.42734375