4 0.29375 0.42734375 0.134375 0.28828125
4 0.5046875 0.4109375 0.16015625 0.31640625
4 0.821875 0.38984375 0.19921875 0.54921875
1 0.4859375 0.7046875 0.1078125 0.3328125
1 0.27734375 0.6953125 0.08203125 0.2640625
1 0.16171875 0.68046875 0.1015625 0.228125
0 0.1265625 0.80546875 0.05546875 0.04375
0 0.21015625 0.759375 0.02578125 0.09609375
0 0.2625 0.8515625 0.0453125 0.05625
0 0.303125 0.8125 0.0375 0.09453125
0 0.4515625 0.875 0.046875 0.09296875
0 0.49609375 0.89296875 0.04296875 0.07890625
3 0.309375 0.3765625 0.01484375 0.028125
3 0.53671875 0.325 0.01484375 0.02734375
2 0.52265625 0.42109375 0.03125 0.0421875
2 0.87265625 0.4640625 0.0328125 0.10078125
3 0.9015625 0.265625 0.01484375 0.04453125