4 0.23046875 0.36328125 0.13984375 0.30546875
4 0.4234375 0.42109375 0.11171875 0.28203125
4 0.57421875 0.440625 0.12890625 0.28984375
4 0.4875 0.4578125 0.03984375 0.2515625
1 0.21484375 0.6984375 0.134375 0.40390625
1 0.409375 0.6953125 0.08984375 0.34375
1 0.559375 0.71484375 0.10390625 0.34765625
1 0.4671875 0.6625 0.05625 0.2515625
0 0.19453125 0.9265625 0.03828125 0.05234375
0 0.246875 0.8453125 0.0390625 0.0828125
0 0.3625 0.75 0.03984375 0.03828125
0 0.3921875 0.84140625 0.0328125 0.075
0 0.42265625 0.88515625 0.03046875 0.065625
0 0.46171875 0.80546875 0.03125 0.04609375
0 0.5125 0.8609375 0.02421875 0.05234375
0 0.534375 0.91328125 0.02421875 0.06015625
2 0.434375 0.44453125 0.01875 0.05546875
2 0.209375 0.37421875 0.0140625 0.05703125
3 0.2578125 0.28046875 0.01875 0.02890625
3 0.45625 0.36171875 0.01171875 0.021875
3 0.4859375 0.3984375 0.0109375 0.01953125
3 0.5984375 0.37890625 0.0140625 0.02890625
0 0.5578125 0.8953125 0.02265625 0.03046875