1 0.79375 0.49296875 0.271875 0.1109375
1 0.7421875 0.31640625 0.4203125 0.1390625
1 0.81171875 0.59609375 0.3046875 0.10625
4 0.5484375 0.621875 0.2640625 0.0859375
3 0.48203125 0.6203125 0.0296875 0.015625
2 0.6078125 0.61484375 0.025 0.015625
0 0.978125 0.59609375 0.04375 0.0296875
0 0.96171875 0.546875 0.0484375 0.0484375
0 0.93359375 0.44609375 0.053125 0.034375
0 0.903125 0.371875 0.0453125 0.0578125
0 0.96171875 0.321875 0.05 0.0609375
0 0.9125 0.3484375 0.04375 0.0375
0 0.959375 0.26953125 0.040625 0.034375
0 0.94921875 0.51171875 0.053125 0.0296875
1 0.7078125 0.38671875 0.3609375 0.10625