4 0.76796875 0.353125 0.17734375 0.340625
3 0.7640625 0.28515625 0.0203125 0.025
4 0.6140625 0.3359375 0.071875 0.15625
4 0.5578125 0.3890625 0.14140625 0.22265625
3 0.6171875 0.30703125 0.0109375 0.01328125
3 0.5421875 0.33203125 0.015625 0.0171875
2 0.51171875 0.43671875 0.0234375 0.0515625
4 0.46953125 0.35625 0.0796875 0.19921875
3 0.47265625 0.31953125 0.0125 0.015625
4 0.34609375 0.3515625 0.10625 0.21015625
3 0.35390625 0.30859375 0.0125 0.01796875
1 0.75390625 0.66484375 0.17578125 0.29375
0 0.8171875 0.78828125 0.03828125 0.0484375
0 0.6703125 0.8203125 0.08203125 0.04296875
1 0.46968921718749995 0.688263353125 0.45563731093750004 0.7300490671875 0.46848475624999997 0.7402276890625 0.48655149218749993 0.7477276578125001 0.49016484531250004 0.7332633656249999 0.5030122890625 0.699513365625 0.5246923796875 0.631477640625 0.5383428078125 0.5741562015625 0.54356206875 0.5800490609375 0.564037728125 0.6352276453125001 0.564037728125 0.6529062140625 0.57327181875 0.6748704937500001 0.5764836953125 0.7123704984375 0.599368215625 0.720941940625 0.6082008609375 0.71612054375 0.6037845234375 0.6695133515625 0.6041860296875 0.62879906875 0.5937474468749999 0.5993347796874999 0.5897326171875 0.5430847734375 0.5969593234375 0.4868347609375 0.5877252015625001 0.487370471875 0.569658465625 0.498084759375 0.5459709921875 0.5018347640624999 0.5142538265625001 0.49754904375000003 0.4930031640625 0.4906942609375 0.49096779843749994 0.5430847734375 0.48534703125 0.5945133421875 0.47932478593749994 0.6502276421875 0.46968921718749995 0.688263353125
0 0.58515625 0.73515625 0.0390625 0.0328125
0 0.45703125 0.75234375 0.059375 0.0296875
0 0.3140625 0.6625 0.034375 0.0328125
0 0.35546875 0.63359375 0.05078125 0.034375
1 0.34375 0.5375 0.0609375 0.1765625
1 0.442807953125 0.5927242671874999 0.44460774374999995 0.6017299671874999 0.459230978125 0.6002290171875 0.46418037500000003 0.583118196875 0.458331084375 0.5714107828125 0.446857471875 0.5155754390625 0.45518146093749995 0.47625055468750005 0.4637304359375 0.5155754390625 0.46575517812499995 0.5512980749999999 0.4675549671875 0.5717109687499999 0.4662051328125 0.61193643125 0.48307809687500003 0.6116362453125 0.485327825 0.5909231312500001 0.4889273875 0.5515982375 0.482403171875 0.51197316875 0.48442793125000005 0.4699465703125 0.48555279531249995 0.4558376328125 0.47070459062500003 0.4528357328125 0.45000707812499996 0.44503079687499997 0.43313411406249996 0.44623155625 0.4261697921875 0.45084594375 0.4241352 0.5131739203125 0.42615995937499995 0.5251815203125 0.4450576828125 0.5834183828125 0.442807953125 0.5927242671874999