4 0.82109375 0.6859375 0.1703125 0.315625
3 0.82421875 0.6234375 0.02421875 0.02734375
2 0.77265625 0.74921875 0.02265625 0.05390625
2 0.69296875 0.6375 0.01015625 0.02265625
4 0.63359375 0.640625 0.09140625 0.209375
2 0.65703125 0.6359375 0.015625 0.03046875
4 0.45078125 0.61171875 0.06171875 0.15078125
3 0.4671875 0.58203125 0.01015625 0.0125
4 0.425 0.59296875 0.0484375 0.1421875
3 0.42109375 0.55859375 0.00703125 0.0125
4 0.378125 0.60859375 0.05625 0.14296875
1 0.606894840625 0.7791005296875 0.605902778125 0.7827380953125 0.606398809375 0.8138227515625 0.6039186515625 0.8263888890625 0.603174603125 0.8363095234375001 0.6039186515625 0.865740740625 0.6081349203124999 0.8988095234375001 0.6078869046875 0.9050925921875 0.6056547625 0.9074074078125 0.6051587296875 0.9117063484375001 0.6073908734375 0.921626984375 0.61259920625 0.9173280421875001 0.616142290625 0.9169973546874999 0.6240079359374999 0.9173280421875001 0.6269841265625 0.921626984375 0.62822420625 0.921626984375 0.6316964281249999 0.9130290999999999 0.6416170640625001 0.9143518515625001 0.6473214281249999 0.912367725 0.6574900796875001 0.884920634375 0.6577380953125 0.8796296296874999 0.65575396875 0.8664021156249999 0.6552579359374999 0.8386243390624999 0.66220238125 0.8194444437499999 0.662450396875 0.7982804234375 0.6626984125 0.796957671875 0.665674603125 0.7949735453125 0.666170634375 0.7919973546875 0.6696428578125 0.765211640625 0.6696428578125 0.746693121875 0.66865079375 0.7430555562500001 0.6664186515625 0.740740740625 0.6550099203124999 0.74404761875 0.64012896875 0.7453703703125 0.6180555562500001 0.7420634921875 0.606894840625 0.73776455 0.6019345234375 0.7387566140625 0.6016865078125 0.7450396828125 0.603670634375 0.7516534390625 0.606894840625 0.7721560843749999 0.606894840625 0.7791005296875
1 0.534375 0.81484375 0.0578125 0.19609375
1 0.45234375 0.75078125 0.0546875 0.1375
1 0.33125 0.759375 0.05 0.13359375
1 0.26953125 0.76953125 0.0640625 0.18828125
1 0.15078125 0.76015625 0.0546875 0.209375
1 0.09453125 0.72421875 0.05234375 0.14453125
0 0.659375 0.91796875 0.05703125 0.03671875
0 0.61953125 0.93984375 0.0234375 0.04765625
0 0.5515625 0.9234375 0.06171875 0.03515625
0 0.4984375 0.82890625 0.0265625 0.03046875
0 0.4234375 0.828125 0.03828125 0.028125
0 0.471875 0.82890625 0.0203125 0.0265625
0 0.4015625 0.77890625 0.02578125 0.02265625
0 0.375 0.79921875 0.03515625 0.01640625
0 0.35078125 0.83828125 0.040625 0.02578125
0 0.41840277812500004 0.8052248671875001 0.421626984375 0.8039021156249999 0.4228670640625 0.797288359375 0.4206349203125 0.79365079375 0.403521825 0.796296296875 0.40302579375 0.80026455 0.4045138890625 0.8035714281249999 0.41220238125 0.8052248671875001 0.41840277812500004 0.8052248671875001
0 0.1515625 0.8671875 0.06015625 0.028125
0 0.02265625 0.8421875 0.0453125 0.03125
2 0.384375 0.6 0.009375 0.02109375
0 0.1671875 0.83203125 0.02734375 0.0265625
0 0.31953125 0.83203125 0.0234375 0.03046875
0 0.490625 0.7609375 0.0171875 0.0203125
0 0.69140625 0.8140625 0.0140625 0.02109375
0 0.5328125 0.90390625 0.059375 0.0328125
4 0.92734375 0.7 0.11328125 0.30625
1 0.19453125 0.725 0.0390625 0.134375
0 0.1984375 0.79765625 0.02578125 0.028125
0 0.2234375 0.76796875 0.025 0.034375