4 0.65625 0.75859375 0.321875 0.165625
4 0.5828125 0.56640625 0.2953125 0.134375
4 0.55234375 0.4140625 0.3046875 0.1515625
4 0.540625 0.503125 0.2578125 0.0578125
1 0.31484375 0.79765625 0.4203125 0.165625
1 0.30390625 0.6 0.3578125 0.1171875
1 0.27421875 0.4484375 0.3625 0.13125
1 0.33359375 0.53828125 0.259375 0.075
0 0.084375 0.83515625 0.05625 0.0421875
0 0.16328125 0.77578125 0.0875 0.046875
0 0.25234375 0.6515625 0.04375 0.04375
0 0.15625 0.62734375 0.0796875 0.0390625
0 0.11015625 0.59921875 0.06875 0.0359375
0 0.18828125 0.5546875 0.0484375 0.034375
0 0.128125 0.50625 0.0546875 0.028125
0 0.07421875 0.4875 0.0625 0.0296875
2 0.5578125 0.55703125 0.0578125 0.021875
2 0.64609375 0.78046875 0.059375 0.01875
3 0.73828125 0.7234375 0.03125 0.0203125
3 0.64140625 0.528125 0.0234375 0.0140625
3 0.60078125 0.50078125 0.0203125 0.0125
3 0.6140625 0.384375 0.03125 0.015625
0 0.0890625 0.46328125 0.0328125 0.0234375