3 0.64921875 0.47890625 0.0125 0.01640625
1 0.334375 0.675 0.05859375 0.16875
4 0.32578125 0.521875 0.0859375 0.1609375
4 0.703125 0.5984375 0.09375 0.24609375
1 0.69140625 0.8328125 0.0765625 0.2328125
0 0.68515625 0.971875 0.065625 0.053125
0 0.71640625 0.93203125 0.034375 0.034375
2 0.86171875 0.81015625 0.02265625 0.0734375
3 0.89375 0.5421875 0.01796875 0.0296875
3 0.875 0.60859375 0.0046875 0.021875
0 0.32734375 0.7625 0.02890625 0.02578125
0 0.35625 0.740625 0.03046875 0.02421875
0 0.3796875 0.7515625 0.0328125 0.03671875
0 0.41015625 0.7921875 0.02578125 0.03828125
0 0.25859375 0.73828125 0.04296875 0.021875
0 0.27109375 0.72421875 0.021875 0.01640625
0 0.28828125 0.7046875 0.01875 0.02578125
0 0.2 0.70703125 0.01875 0.02421875
0 0.225 0.69296875 0.0203125 0.01875
0 0.1515625 0.68359375 0.01484375 0.021875
0 0.17890625 0.68984375 0.01953125 0.01953125
4 0.20546875 0.5171875 0.06484375 0.13359375
1 0.184375 0.62734375 0.040625 0.1078125