1 0.7879629625 0.459302325 0.7745370375 0.46594684375 0.7356481484375 0.46428571406249997 0.73101851875 0.47176079687500005 0.73101851875 0.54318936875 0.7333333328125 0.5589701 0.7361111109375 0.5639534890625 0.7398148140624999 0.617109634375 0.7361111109375 0.65697674375 0.7393518515624999 0.660299003125 0.7574074078125 0.6636212625 0.7625 0.676079734375 0.7675925921875 0.6802325578125 0.7759259265625 0.6785714281249999 0.7791666671875 0.673588040625 0.7856481484375 0.5481727578125 0.790277778125 0.5008305640625 0.7898148140625 0.47508305625 0.7879629625 0.459302325
1 0.6495370375 0.45764119531249997 0.6425925921875 0.4559800671875 0.575 0.45681063125000004 0.5606481484375 0.4684385375 0.55601851875 0.48421926875 0.5518518515624999 0.5514950171875 0.5523148140624999 0.5996677734375 0.55648148125 0.635382059375 0.5615740734375 0.651162790625 0.5851851859375 0.700996678125 0.5925925921874999 0.7051495015625 0.603240740625 0.7416943515625001 0.6013888890625 0.787375415625 0.603240740625 0.8089701 0.6018518515625 0.8147840531250001 0.603703703125 0.8189368765625 0.6129629624999999 0.808139534375 0.6199074078125 0.808139534375 0.63148148125 0.8139534890625001 0.6365740734374999 0.803156146875 0.640874003125 0.6755842984375 0.6513888890625 0.580564784375 0.6546296296875 0.490033221875 0.653240740625 0.462624584375 0.6495370375 0.45764119531249997
0 0.76944444375 0.685215946875 0.7629629625 0.685215946875 0.7615740734374999 0.7076411953124999 0.7625 0.7159468437500001 0.766203703125 0.7234219265624999 0.7796296296875 0.7242524921875 0.7805555562500001 0.7142857140625 0.76944444375 0.685215946875
0 0.7601851859375001 0.685215946875 0.7523148140625 0.6810631234375 0.7481481484375 0.682724253125 0.7421296296875 0.7051495015625 0.7416666671875001 0.7151162796875 0.74398148125 0.7242524921875 0.7509259265625 0.7317275750000001 0.7597222218749999 0.7325581390625 0.7634259265625001 0.7209302328125 0.7611111109375 0.70681063125 0.7625 0.7001661125 0.7601851859375001 0.685215946875
0 0.6333333328124999 0.8139534890625001 0.6115740734374999 0.8089701 0.603240740625 0.8255813953125 0.597222221875 0.848837209375 0.597222221875 0.8579734218749999 0.6 0.8629568109375001 0.6115740734374999 0.8629568109375001 0.628703703125 0.8571428578125 0.6370370375000001 0.8438538203125001 0.6370370375000001 0.833056478125 0.6333333328124999 0.8139534890625001
0 0.5768518515625 0.7475083062500001 0.5643518515625 0.7483388703125 0.5625 0.7516611296875 0.5606481484375 0.7707641203125 0.5643518515625 0.7799003328125 0.577777778125 0.7790697671875 0.58055555625 0.77491694375 0.58055555625 0.7632890359375 0.5768518515625 0.7475083062500001
0 0.553703703125 0.687707640625 0.540277778125 0.7018272421875 0.534722221875 0.7300664453125 0.5356481484375 0.744186046875 0.5375 0.7475083062500001 0.5458333328125 0.7450166109375 0.5523148140624999 0.7317275750000001 0.5574074078125 0.7059800671875001 0.5574074078125 0.6868770765625001 0.553703703125 0.687707640625
4 0.5504629624999999 0.2799003328125 0.55 0.2666112953125 0.547222221875 0.25913621249999996 0.54444444375 0.25830564843750004 0.525 0.26578073125 0.51944444375 0.2757475078125 0.5046296296875 0.3222591359375 0.50927180625 0.3345273453125 0.519703584375 0.3477836734375 0.529266046875 0.32984864062499997 0.5268518515625 0.3687707640625 0.5305555562500001 0.37956810625 0.528240740625 0.40199335625000004 0.525 0.407807309375 0.5263888890625 0.41943521562499997 0.5231481484375 0.423588040625 0.5254629625 0.44186046562500003 0.525 0.462624584375 0.526658103125 0.4647512765625 0.5365740734375 0.4709302328125 0.5555555562500001 0.4767441859375 0.559722221875 0.46594684375 0.5578703703125 0.312292359375 0.5504629624999999 0.2799003328125
3 0.53671875 0.3078125 0.01484375 0.02734375
4 0.7658080296875001 0.257688971875 0.7527973640625001 0.2847649875 0.7449074078125 0.2724252484375 0.740740740625 0.2541528234375 0.7189814812499999 0.27491694375 0.7129629625 0.29152823906249997 0.7023148140625 0.34551495 0.7023148140625 0.3571428578125 0.709259259375 0.36461794062499997 0.7203703703125 0.3629568109375 0.7324074078125 0.3662790703125 0.7384259265625001 0.3729235875 0.7393518515624999 0.380398671875 0.7398148140624999 0.39202657812499997 0.7333333328125 0.39784053125 0.7254629625 0.3970099671875 0.7212962968750001 0.4061461796875 0.7203703703125 0.4318936875 0.7236111109375 0.45182724218750003 0.7236111109375 0.466777409375 0.7272081484374999 0.476951796875 0.731542765625 0.469175409375 0.7370332796875 0.46139902031249996 0.7511930265625 0.46554642812499997 0.7574074078125 0.462624584375 0.7601851859375001 0.466777409375 0.771759259375 0.466777409375 0.7879629625 0.4559800671875 0.7791666671875 0.444352159375 0.765277778125 0.4368770765625 0.7611111109375 0.423588040625 0.7615740734374999 0.37458471718749997 0.7601851859375001 0.36378737499999997 0.7615740734374999 0.3372093015625 0.7634259265625001 0.312292359375 0.7675925921875 0.305647840625 0.7658080296875001 0.257688971875
3 0.73515625 0.31484375 0.01015625 0.028125
2 0.565625 0.371875 0.03046875 0.0609375
2 0.54765625 0.4375 0.02265625 0.05390625
4 0.6625 0.21677740937499998 0.646296296875 0.1835548171875 0.6388888890625 0.1777408640625 0.6291666671875 0.1802325578125 0.616203703125 0.1710963453125 0.6078703703125 0.160299003125 0.58101851875 0.20348837187500002 0.5763888890625 0.20182724218749998 0.5708333328124999 0.2076411953125 0.565277778125 0.2234219265625 0.5620370375 0.24335548125 0.55882275 0.46241192499999995 0.5775130171875 0.45227473281249997 0.5857715078125 0.45539386875 0.6166321828125 0.45227473281249997 0.65401271875 0.45773322031249997 0.6427116265625 0.38521330625 0.6296296296875 0.29568106250000004 0.6351851859375001 0.2948504984375 0.6583333328125 0.271594684375 0.6745370375 0.255813953125 0.6625 0.21677740937499998