4 0.46640625 0.28515625 0.16796875 0.26640625
4 0.2015625 0.33515625 0.0984375 0.1515625
1 0.48828125 0.56953125 0.16171875 0.31640625
1 0.21015625 0.4671875 0.07421875 0.13125
1 0.3296875 0.40078125 0.0515625 0.1171875
1 0.39140625 0.4890625 0.07109375 0.15859375
0 0.38046875 0.5796875 0.04296875 0.03203125
0 0.23984375 0.509375 0.01640625 0.0171875
0 0.32734375 0.46875 0.02265625 0.0390625
0 0.4625 0.73046875 0.05 0.04765625
0 0.5671875 0.74765625 0.0578125 0.065625
0 0.47734375 0.59140625 0.021875 0.03671875
0 0.27421875 0.90234375 0.10703125 0.0703125
0 0.86796875 0.71796875 0.06796875 0.1015625
3 0.503125 0.2328125 0.01328125 0.02265625
2 0.48125 0.36171875 0.02421875 0.053125
3 0.21875 0.30546875 0.00859375 0.01171875
2 0.21328125 0.3625 0.0125 0.02421875