4 0.73359375 0.41484375 0.21640625 0.32578125
4 0.546875 0.39453125 0.15 0.284375
4 0.3703125 0.3515625 0.21328125 0.378125
4 0.09765625 0.4125 0.14140625 0.22734375
4 0.1796875 0.39765625 0.1 0.2203125
1 0.0875 0.6046875 0.09375 0.2296875
1 0.15703125 0.6125 0.0984375 0.2375
1 0.365625 0.696875 0.25390625 0.4015625
1 0.53125 0.67578125 0.13125 0.3984375
1 0.72578125 0.72421875 0.15625 0.36875
3 0.8015625 0.334375 0.0234375 0.03125
3 0.45546875 0.2875 0.01875 0.03359375
3 0.13203125 0.35390625 0.0203125 0.02109375
3 0.190625 0.3515625 0.02265625 0.021875
0 0.08125 0.7265625 0.04140625 0.0484375
0 0.1234375 0.7015625 0.04375 0.0515625
0 0.16015625 0.71328125 0.0421875 0.065625
0 0.2703125 0.875 0.08046875 0.0828125
0 0.4796875 0.9265625 0.1140625 0.06640625
0 0.6984375 0.8953125 0.05859375 0.0875
0 0.74140625 0.88828125 0.06328125 0.065625
2 0.390625 0.42890625 0.04609375 0.08203125
2 0.76796875 0.46796875 0.04140625 0.05859375
2 0.56640625 0.4828125 0.04921875 0.05859375