4 0.47425565937499997 0.23509010312499998 0.4905432203125 0.2563507734375 0.4979788421875 0.273359321875 0.5082470953125 0.3673787234375 0.494792165625 0.38438727031250003 0.5032900046875 0.43116073593750004 0.5036441046875 0.4888007984375 0.56950251875 0.519983109375 0.586144153125 0.5209280140625 0.608451046875 0.514313575 0.640672096875 0.4902181546875 0.6282793828125001 0.46470534375000006 0.6176570578125 0.4566735484375 0.6077428765625 0.4547837046875 0.607388803125 0.4448620640625 0.6151785265624999 0.4316331875 0.6158866703125 0.4042305671875 0.6123458937499999 0.3914741609375 0.6215519046875 0.346590521875 0.636069078125 0.37304827500000004 0.6576678015625 0.3602918328125 0.673601290625 0.33430656718749996 0.6647493515625 0.3187154125 0.6410261687500001 0.251153728125 0.6364231765625 0.242649471875 0.6134081375 0.22611339375 0.60172356875 0.2180815640625 0.5954808703125 0.20315642656250002 0.5918093875 0.2251684546875 0.5804789171875 0.25824061875000004 0.5758758984375 0.2355625828125 0.567378059375 0.2180815640625 0.561712796875 0.19682089375 0.5390518578125 0.19871073749999998 0.5054144921875 0.20579762812500002 0.47425565937499997 0.23509010312499998
3 0.60703125 0.28671875 0.0171875 0.02734375
4 0.3434112421875 0.22455910625 0.3060533671875 0.3048698703125 0.3504677171875 0.330347759375 0.36292034218749997 0.3552717890625 0.3620901796875 0.38850382968749997 0.3637505046875 0.4278284015625 0.3840897984375 0.45386019062500005 0.3861652375 0.5007651156249999 0.3654108609375 0.5162734171875 0.3471470046875 0.45756344687499995 0.3359396546875 0.49467258437500006 0.3351094921875 0.5345510140624999 0.43888136875 0.5483976968750001 0.49616342500000005 0.5367664921874999 0.48620131874999994 0.47473336718750003 0.47955992500000005 0.46697921718749996 0.47748448750000005 0.39386872500000003 0.4953332625 0.38556071406250003 0.50861605 0.3706062921875 0.50405009375 0.3528825328125 0.4994841375 0.296941940625 0.49491818125 0.26149442343749996 0.4733336125 0.2360165453125 0.46959781874999995 0.2293701109375 0.4557384625 0.2270908171875 0.44095680625 0.24671379999999998 0.426843825 0.22843618281250003 0.42020243125 0.209050825 0.40941013125000003 0.1868961421875 0.4011083796875 0.190219328125 0.3961273421875 0.1985273375 0.3658259421875 0.209604684375 0.3434112421875 0.22455910625
3 0.4765625 0.29140625 0.01953125 0.0296875
2 0.40625 0.42421875 0.04375 0.0703125
2 0.58828125 0.421875 0.03359375 0.05546875
0 0.5643459921875 0.87763713125 0.55379746875 0.861462728125 0.5506329109375 0.8495077359375 0.5337552750000001 0.851617440625 0.5337552750000001 0.8600562593750001 0.526898734375 0.8642756687500001 0.5200421937499999 0.8628691984374999 0.511603375 0.8495077359375 0.5068565406250001 0.8642756687500001 0.5063291140625 0.890295359375 0.5147679328125 0.8966244718749999 0.5627637125 0.9099859359375 0.5791139234375 0.9071729953125001 0.589135021875 0.9015471171874999 0.5870253171875001 0.8888888890625 0.5706751062500001 0.883263009375 0.5643459921875 0.87763713125
0 0.4941983125 0.9205344578125001 0.48048523281250005 0.913502109375 0.46308016875 0.8980309421875001 0.453059071875 0.8811533046875001 0.4467299578125 0.8804500703125001 0.441983121875 0.886779184375 0.43987341718749995 0.8846694796874999 0.42668776406250003 0.8846694796874999 0.41297468281249994 0.8790435999999999 0.4092827 0.8924050640625 0.407700421875 0.91631505 0.4156118140625 0.9198312234375001 0.4298523203125 0.9184247531249999 0.447784809375 0.933895921875 0.47046413437499995 0.935302390625 0.48681434531249995 0.9324894515625 0.4952531640625 0.9247538671875001 0.4941983125 0.9205344578125001
0 0.359704640625 0.8811533046875001 0.34177215156249996 0.8748241906249999 0.3386075953125 0.8853727140625001 0.33755274218750003 0.912095640625 0.34177215156249996 0.9226441624999999 0.34968354375 0.926863571875 0.37447257343749996 0.9261603375 0.37763713125 0.9240506328125001 0.37974683593749997 0.9057665265624999 0.376582278125 0.8797468359374999 0.359704640625 0.8811533046875001
1 0.3914781796875 0.784907428125 0.3949567921875 0.727467265625 0.41148011406249996 0.6091057281250001 0.41756766875 0.6265118359375 0.4162632140625 0.6613240499999999 0.4210462796875 0.6740885328124999 0.422350734375 0.7013581046875 0.41365423906250004 0.750095190625 0.4071318671875 0.8406069609375001 0.41365423906250004 0.86149428125 0.4297427765625 0.8725181578125 0.45452777656250004 0.8730983531250001 0.4658332140625 0.8040541187500001 0.48540033125 0.71702360625 0.4901834296875 0.6793103734375 0.48757445468749994 0.6590032484375 0.492357553125 0.5383209 0.4810520828125 0.5383209 0.45322332187500003 0.5458635640625 0.425394528125 0.54876458125 0.37104142812499996 0.5441229359374999 0.3344361515625 0.539417840625 0.329733071875 0.5598564781250001 0.341038509375 0.67995864375 0.3345161375 0.729275946875 0.3275589484375 0.772142921875 0.341038509375 0.8730983531250001 0.3606056265625 0.8818014062499999 0.37712898125 0.873678546875 0.3914781796875 0.784907428125
1 0.50857303125 0.788388640625 0.516834709375 0.785487621875 0.529009784375 0.711801809375 0.5342277015625 0.7065799234375 0.5146605859375 0.842927784375 0.5329232140625 0.8510506437500001 0.5537948171875 0.8469891921875 0.5672743796875 0.7779449578125 0.575970875 0.7234058796875 0.6007558765625001 0.6009828921875 0.6138006203125 0.524396015625 0.6116264953125 0.5139523453125 0.5820584296875 0.5255564390624999 0.5598823375 0.5185939687500001 0.506833725 0.4919046140625 0.5120516109375 0.53541988125 0.5094823875000001 0.5720351515625001 0.514225734375 0.6131671578125 0.5124864609374999 0.6294128531250001 0.503789965625 0.6468189609375 0.4985720484375 0.6862727984375 0.4942238 0.732108934375 0.48726660937500005 0.765180496875 0.4933541640625 0.7808459765625 0.50857303125 0.788388640625