4 0.3203125 0.93515625 0.184375 0.109375
4 0.3171875 0.84921875 0.1390625 0.1265625
4 0.36796875 0.6734375 0.13125 0.128125
4 0.15078125 0.89140625 0.121875 0.1015625
4 0.20546875 0.77578125 0.1328125 0.1265625
4 0.22421875 0.68828125 0.128125 0.1390625
4 0.32109375 0.3875 0.128125 0.1296875
4 0.30703125 0.28828125 0.15 0.1265625
4 0.3328125 0.2 0.1359375 0.13125
4 0.3515625 0.0890625 0.2 0.178125
4 0.51171875 0.0984375 0.2390625 0.196875
4 0.47734375 0.2296875 0.1703125 0.128125
4 0.43671875 0.33046875 0.1421875 0.15
3 0.5234375 0.27578125 0.0203125 0.01875
3 0.46640625 0.32265625 0.0234375 0.03125
3 0.5625 0.05859375 0.01875 0.015625
3 0.35390625 0.05625 0.01875 0.01875
3 0.32890625 0.27265625 0.015625 0.0203125
3 0.33828125 0.3671875 0.01875 0.01875
3 0.24765625 0.65390625 0.0203125 0.028125
3 0.2359375 0.7484375 0.01875 0.01875
2 0.31953125 0.965625 0.0265625 0.015625
3 0.35 0.9546875 0.0203125 0.0265625
3 0.34921875 0.821875 0.01875 0.025
3 0.14609375 0.89765625 0.01875 0.021875
0 0.20234375 0.09296875 0.065625 0.1296875
0 0.215625 0.1515625 0.05625 0.0828125
0 0.13203125 0.6796875 0.04375 0.0453125
0 0.15703125 0.534375 0.046875 0.046875
2 0.18125 0.75234375 0.0328125 0.03125
2 0.2828125 0.8453125 0.0296875 0.0296875
2 0.3296875 0.653125 0.03125 0.0328125
2 0.28203125 0.37421875 0.0265625 0.0265625
2 0.41953125 0.3359375 0.034375 0.034375
2 0.4734375 0.23671875 0.021875 0.021875