4 0.08046875 0.56015625 0.1609375 0.1046875
3 0.01875 0.5953125 0.0171875 0.009375
1 0.22578125 0.55390625 0.1609375 0.0796875
2 0.12109375 0.56796875 0.040625 0.0203125
4 0.0817574625 0.6312823625 0.1091622234375 0.6300649265625 0.12072258124999999 0.6327865078125 0.14082195 0.6313033031249999 0.1458454390625 0.6259190828125 0.14871419218749998 0.6185265921875 0.14893403125 0.6148727578125001 0.1457564328125 0.613421084375 0.12308264843750001 0.610827153125 0.1067277265625 0.6100960796875 0.051543942187500004 0.6117627 0.04711455625 0.6142613375 0.0360011296875 0.6143889859375 0.009026962500000001 0.60803863125 0.0034554125 0.6076775890625 0.0038381375000000003 0.6186374203125 0.0060473734375 0.6222064265625 0.0040079625 0.62350058125 0.004842253124999999 0.6473915078125 0.00729366875 0.6479464421875 0.042021990625 0.647515021875 0.045968109374999996 0.641126665625 0.0521052984375 0.6377870734375 0.0624156984375 0.6345621890625 0.0817574625 0.6312823625
1 0.2515625 0.7203125 0.184375 0.096875
0 0.3328125 0.7296875 0.028125 0.0390625
0 0.284375 0.67109375 0.053125 0.0140625
4 0.012711203125 0.78318593125 0.017285928125 0.78484925625 0.02670971875 0.7860828093750001 0.0444254328125 0.7859850421875 0.03765055625 0.78101283125 0.031853124999999996 0.7741834078125 0.028675526562499998 0.772731734375 0.028602856250000003 0.7706507546875 0.0316442 0.7682005890625 0.030521415625 0.7658958390625 0.026366370312499998 0.7663013765625 0.0113068234375 0.7728173828125 0.0111596546875 0.778552196875 0.012711203125 0.78318593125
4 0.0875 0.74453125 0.1609375 0.075
0 0.3265625 0.63515625 0.025 0.0484375