4 0.60625 0.16171875 0.1328125 0.321875
3 0.6171875 0.09140625 0.01484375 0.0296875
4 0.49375 0.1859375 0.109375 0.3109375
3 0.521875 0.12109375 0.015625 0.0296875
1 0.59453125 0.46171875 0.08671875 0.28125
0 0.56875 0.609375 0.0484375 0.065625
0 0.61875 0.63046875 0.0359375 0.0484375
1 0.50703125 0.46640625 0.0890625 0.26953125
0 0.4890625 0.62421875 0.0359375 0.05
0 0.5375 0.5734375 0.04609375 0.0578125
4 0.40859375 0.1921875 0.08984375 0.3234375
3 0.384375 0.1328125 0.0078125 0.025
2 0.5984375 0.20078125 0.021875 0.0515625
1 0.3846064859375 0.62312258125 0.410463075 0.61859900625 0.40727090468749994 0.483457715625 0.42514705468749997 0.5942848671875 0.4433424171875 0.5897613359375 0.44015024687500004 0.44633899843749997 0.428687965625 0.34839221875000004 0.36992250625 0.350012765625 0.3715185921875 0.49363571562499997 0.3846064859375 0.62312258125
1 0.3234375 0.53671875 0.125 0.3671875
4 0.3078125 0.18125 0.1234375 0.3625
3 0.29765625 0.0828125 0.015625 0.03046875
0 0.3 0.753125 0.0703125 0.065625