4 0.30625 0.453125 0.4140625 0.240625
3 0.253125 0.4359375 0.04375 0.0328125
4 0.20859375 0.60703125 0.3984375 0.23125
3 0.14921875 0.59609375 0.0328125 0.0296875
4 0.25859375 0.29453125 0.48125 0.296875
3 0.15546875 0.278125 0.0453125 0.0421875
2 0.36796875 0.521875 0.078125 0.053125
1 0.65078125 0.42890625 0.4234375 0.2359375
0 0.83203125 0.54375 0.0703125 0.090625
0 0.83125 0.46875 0.1265625 0.1015625
0 0.76640625 0.66796875 0.08125 0.0953125
0 0.7649137359375 0.5395931171874999 0.76961571875 0.5447914125 0.778167075 0.5726355984375 0.7849713656249999 0.576814434375 0.7916224015625 0.57525105 0.799266765625 0.565312103125 0.8049606671875 0.53928484375 0.8011628500000001 0.526169690625 0.796193378125 0.5223475078125001 0.7863185234375 0.520904065625 0.771971565625 0.522875659375 0.76437734375 0.5194953484375 0.75465574375 0.5237941265625 0.7482847328125 0.5206515859375 0.744946678125 0.524763090625 0.7460681921875 0.528789378125 0.7649137359375 0.5395931171874999
0 0.65859375 0.81171875 0.0546875 0.0859375
0 0.67109375 0.63125 0.090625 0.075
1 0.51328125 0.6828125 0.3359375 0.2578125
0 0.628125 0.5578125 0.3015625 0.1890625