1 0.5305555562500001 0.4362139921875 0.5319681515625 0.43934627031250006 0.5449074078125 0.435390946875 0.57353793125 0.414341890625 0.5938539890625 0.4087853625 0.6010427468749999 0.4065627515625 0.5953703703125 0.3572016453125 0.590277778125 0.330864196875 0.5870370375 0.3283950625 0.5856481484375 0.3078189296875 0.5828703703125 0.2987654328125 0.584259259375 0.2954732515625 0.5736111109375 0.2395061734375 0.583796296875 0.1465020578125 0.5856481484375 0.1144032921875 0.584259259375 0.1078189296875 0.577777778125 0.0971193421875 0.565277778125 0.086419753125 0.55694444375 0.0954732515625 0.5510314765625 0.1393045828125 0.52644476875 0.1592310640625 0.5305555562500001 0.18271605 0.5390996921875 0.19715565625 0.5401844 0.210654240625 0.540277778125 0.22613168749999998 0.54126910625 0.269148103125 0.540277778125 0.3481481484375 0.5300925921874999 0.430452675 0.5305555562500001 0.4362139921875
0 0.528240740625 0.15555555625 0.5486111109375 0.1399176953125 0.5523148140624999 0.10864197499999999 0.5615740734375 0.093004115625 0.5648148140625 0.0847736625 0.5643518515625 0.0806584359375 0.5601851859375 0.0773662546875 0.5518518515624999 0.0773662546875 0.5328703703125 0.083127571875 0.5314814812499999 0.10452674843750001 0.5226851859375 0.12510288125 0.5226851859375 0.1366255140625 0.528240740625 0.15555555625
0 0.5759259265625001 0.09465020625000001 0.5870370375 0.11358024687499998 0.5990740734375 0.10452674843750001 0.60648148125 0.08806584375 0.6078703703125 0.0716049375 0.603240740625 0.05761316875 0.5981481484375 0.05102880625 0.5939814812499999 0.032098765625 0.590277778125 0.024691357812500002 0.5800925921875 0.01728395 0.571296296875 0.01728395 0.56805555625 0.0238683125 0.56805555625 0.059259259375 0.5643518515625 0.079835390625 0.5675925921875 0.08559670781249999 0.5759259265625001 0.09465020625000001
4 0.52853005 0.659940453125 0.5288426046875 0.6766100390625 0.5250919484375001 0.6882787484375 0.51165209375 0.6910570125 0.5125897578124999 0.6821665671875 0.49727457656249996 0.667163940625 0.495711803125 0.6488273953125 0.49133603593749997 0.647716090625 0.4953992484375 0.6638300234375001 0.484147278125 0.677165690625 0.490398371875 0.7010587640625 0.5154027515624999 0.7832953875 0.5316555968750001 0.7971867078125 0.5550972015625 0.7977423609375001 0.5601851859375 0.8106995890625001 0.5754629625 0.7654320984375 0.58055555625 0.7637860078125 0.5888888890625 0.769547325 0.5962962968750001 0.7876543203125 0.5990740734375 0.79012345625 0.6236111109375 0.7769547328125 0.6347222218749999 0.7637860078125 0.6504629625 0.7168724281250001 0.66805555625 0.65102880625 0.6648148140625 0.6427983546875 0.659259259375 0.64032921875 0.6504629625 0.62716049375 0.6347222218749999 0.6123456796875 0.6219839140625 0.6060421265625 0.622222221875 0.5497942390625 0.6208333328125 0.49465020624999995 0.61898148125 0.4699588484375 0.6175925921875 0.4584362140625 0.6180555562500001 0.4164609046875 0.6152777781250001 0.411522634375 0.6083333328125 0.408230453125 0.5788513609375 0.41489754375 0.5369690265625 0.43879061718749995 0.5324074078125001 0.4436213984375 0.534722221875 0.459259259375 0.5384259265625 0.46419753124999996 0.5388888890625 0.47489711874999996 0.54398148125 0.48148148125 0.5421296296875 0.48559670781250003 0.541203703125 0.5061728390625 0.54305555625 0.523456790625 0.5425925921875 0.5456790125000001 0.5458333328125 0.5703703703125 0.5393518515625 0.598353909375 0.5370370375 0.6230452671875 0.52853005 0.659940453125
2 0.5828125 0.6140625 0.01796875 0.05390625
3 0.609375 0.709375 0.021875 0.03359375
1 0.2356481484375 0.4979423875 0.24444444375000002 0.5160493828125 0.25694444375000003 0.5226337453125 0.2731481484375 0.5176954734375 0.2875 0.479835390625 0.2856481484375 0.4716049375 0.28101851875 0.46748971250000004 0.2759259265625 0.45679012343750003 0.2740740734375 0.44032921875 0.275 0.37695473281249997 0.271759259375 0.35390946562500003 0.272222221875 0.31851851875000003 0.27777777812500004 0.279835390625 0.2759259265625 0.2617283953125 0.2791666671875 0.2485596703125 0.2754629625 0.235390946875 0.2708333328125 0.238683128125 0.259259259375 0.23292181093750003 0.253703703125 0.24032921875 0.248226228125 0.3067718421875 0.25409339375 0.3268305265625 0.2509341515625 0.332446959375 0.248226228125 0.3292375703125 0.231076053125 0.332446959375 0.234259259375 0.3703703703125 0.23194444375 0.46748971250000004 0.2356481484375 0.4979423875
0 0.23240740781250002 0.3349794234375 0.2370370375 0.3316872421875 0.2504629625 0.3325102875 0.25648148125 0.33580246874999997 0.25833333281250004 0.3399176953125 0.2601851859375 0.3382716046875 0.2601851859375 0.3300411515625 0.24398148125 0.30699588437499997 0.22453703749999998 0.3061728390625 0.21944444375 0.310288065625 0.2199074078125 0.3144032921875 0.23240740781250002 0.3349794234375
0 0.259259259375 0.23374485625000002 0.2675925921875 0.2362139921875 0.2759259265625 0.228806584375 0.2759259265625 0.213168725 0.271759259375 0.2057613171875 0.2546296296875 0.2041152265625 0.2518518515625 0.20740740781250003 0.252777778125 0.2148148140625 0.259259259375 0.23374485625000002
1 0.4046296296875 0.46337448593749997 0.44305555625000004 0.462551440625 0.4578703703125 0.47407407343749997 0.46296296249999996 0.47407407343749997 0.465740740625 0.4699588484375 0.4675925921875 0.45432098749999994 0.4620370375 0.4296296296875 0.4611111109375 0.41728395 0.4675925921875 0.26090535 0.4643518515625 0.24197530937499998 0.45277777812500003 0.2362139921875 0.4509259265625 0.2296296296875 0.4486111109375 0.2395061734375 0.44444444375 0.2395061734375 0.44305555625000004 0.23292181093750003 0.440740740625 0.2312757203125 0.43101851875 0.2370370375 0.42222222187499997 0.2699588484375 0.4199074078125 0.2823045265625 0.4138888890625 0.364609053125 0.4074074078125 0.39670781875 0.40046296249999996 0.447736625 0.4018518515625 0.4600823046875 0.4046296296875 0.46337448593749997
0 0.427777778125 0.238683128125 0.43148148124999997 0.24115226406249998 0.44120370312499996 0.2362139921875 0.44305555625000004 0.238683128125 0.44259259218749997 0.21728394999999998 0.4379629625 0.20823045312500002 0.42314814843750004 0.20823045312500002 0.42083333281249996 0.2123456796875 0.42083333281249996 0.2213991765625 0.427777778125 0.238683128125
0 0.45416666718750004 0.24032921875 0.46388888906250003 0.2395061734375 0.4703703703125 0.21810699531250002 0.4703703703125 0.20823045312500002 0.458796296875 0.20246913593750002 0.45185185156249996 0.2041152265625 0.45 0.2148148140625 0.45046296249999995 0.23456790156250001 0.45416666718750004 0.24032921875