4 0.565625 0.0671875 0.159375 0.134375
4 0.57890625 0.17421875 0.1203125 0.109375
4 0.565625 0.3453125 0.096875 0.0890625
4 0.55078125 0.6609375 0.1078125 0.1125
4 0.51875 0.740625 0.1125 0.078125
4 0.52578125 0.80234375 0.140625 0.0578125
4 0.5171875 0.90390625 0.2 0.1921875
4 0.67734375 0.8921875 0.1671875 0.215625
4 0.66328125 0.75390625 0.0890625 0.1078125
4 0.67421875 0.67734375 0.1109375 0.1015625
4 0.6453125 0.5953125 0.1078125 0.1078125
4 0.68828125 0.30703125 0.1109375 0.1203125
4 0.69296875 0.2140625 0.1203125 0.1125
4 0.728125 0.08359375 0.1203125 0.15
2 0.55703125 0.0640625 0.0265625 0.0296875
3 0.53359375 0.0859375 0.0171875 0.0203125
3 0.55234375 0.20390625 0.0125 0.0125
3 0.72734375 0.10390625 0.0171875 0.0203125
3 0.671875 0.33828125 0.0171875 0.0203125
3 0.6359375 0.6203125 0.0203125 0.0234375
3 0.52734375 0.66796875 0.0125 0.0125
3 0.66875 0.88984375 0.021875 0.0296875
3 0.48125 0.91875 0.0140625 0.0171875
2 0.60859375 0.17109375 0.0265625 0.025
2 0.59609375 0.35625 0.0265625 0.0265625
2 0.71875 0.24375 0.025 0.0203125
2 0.68203125 0.60078125 0.015625 0.0203125
2 0.5671875 0.65234375 0.0265625 0.021875
2 0.5359375 0.74921875 0.0140625 0.0125
0 0.7921875 0.82734375 0.0453125 0.103125
0 0.796875 0.94921875 0.0515625 0.065625
0 0.78359375 0.990625 0.0453125 0.01875
2 0.5390625 0.86796875 0.0234375 0.0328125