1 0.76875 0.4859375 0.390625 0.125
4 0.45859375 0.49921875 0.290625 0.1453125
3 0.39296875 0.53515625 0.0296875 0.0203125
0 0.925 0.43984375 0.078125 0.0234375
0 0.97890625 0.50078125 0.040625 0.04375
0 0.9640625 0.23203125 0.034375 0.028125
1 0.746875 0.25859375 0.390625 0.1125
0 0.903125 0.26953125 0.059375 0.0265625
4 0.42578125 0.2625 0.30625 0.14375
2 0.515625 0.2796875 0.05625 0.0234375
3 0.36328125 0.29609375 0.025 0.01875
1 0.64375 0.3765625 0.15625 0.04375
4 0.50234375 0.38203125 0.1734375 0.053125
0 0.734375 0.375 0.0296875 0.021875