4 0.3 0.23359375 0.2140625 0.1296875
4 0.4140625 0.28828125 0.1015625 0.053125
4 0.81796875 0.55 0.3125 0.15
4 0.540625 0.6328125 0.1265625 0.0953125
4 0.47421875 0.70703125 0.0984375 0.0671875
3 0.7453125 0.52421875 0.03125 0.0234375
3 0.515625 0.61796875 0.0125 0.0109375
3 0.4765625 0.703125 0.0171875 0.0109375
4 0.4671875 0.76484375 0.0546875 0.0328125
3 0.478125 0.76015625 0.0171875 0.0109375
3 0.434375 0.59296875 0.0125 0.0078125
3 0.40859375 0.5765625 0.01875 0.009375
3 0.24921875 0.21953125 0.0171875 0.0109375
3 0.41796875 0.27421875 0.0171875 0.0109375
4 0.2640625 0.440625 0.0625 0.0484375
3 0.26328125 0.4359375 0.00625 0.00625
4 0.32734375 0.4328125 0.0484375 0.040625
3 0.33359375 0.42578125 0.009375 0.00625
4 0.365625 0.50859375 0.06875 0.0375
3 0.34453125 0.49921875 0.0078125 0.0046875
4 0.85859375 0.890625 0.2828125 0.15625
3 0.82578125 0.9140625 0.04375 0.0328125
3 0.57578125 0.9828125 0.0171875 0.0109375
3 0.446875 0.81796875 0.00625 0.00625
4 0.33203125 0.746875 0.05 0.03125
3 0.32421875 0.74296875 0.00625 0.0046875
3 0.44140625 0.77578125 0.009375 0.0078125
4 0.3234375 0.15625 0.115625 0.0828125
3 0.3171875 0.13828125 0.0140625 0.0078125
4 0.20546875 0.12265625 0.1125 0.06875
3 0.18359375 0.11953125 0.009375 0.00625
3 0.2921875 0.18828125 0.009375 0.0046875
2 0.66171875 0.4890625 0.040625 0.021875
4 0.36640625 0.7875 0.0796875 0.0484375
4 0.3703125 0.82265625 0.0671875 0.034375
4 0.34140625 0.4 0.065625 0.05
4 0.559375 0.321875 0.1625 0.103125
4 0.90234375 0.7375 0.1953125 0.246875
3 0.990625 0.6390625 0.01875 0.028125
2 0.97421875 0.89921875 0.0515625 0.0453125
4 0.3453125 0.4625 0.046875 0.034375
3 0.34765625 0.45234375 0.009375 0.0046875
2 0.29296875 0.2328125 0.0296875 0.015625