4 0.46171875 0.33359375 0.146875 0.325
4 0.265625 0.36953125 0.26953125 0.375
2 0.46953125 0.384375 0.0328125 0.05546875
3 0.34453125 0.2625 0.025 0.02890625
3 0.48671875 0.271875 0.01875 0.028125
1 0.44609375 0.64453125 0.12109375 0.35703125
1 0.30078125 0.70546875 0.1046875 0.35078125
0 0.2734375 0.86171875 0.05859375 0.0609375
0 0.3390625 0.89140625 0.053125 0.078125
0 0.3953125 0.79921875 0.034375 0.09921875
0 0.45 0.83828125 0.053125 0.0453125
1 0.90390625 0.64140625 0.13984375 0.3484375
0 0.8703125 0.82265625 0.09140625 0.0640625
0 0.975 0.83984375 0.04921875 0.06328125
4 0.8921875 0.30234375 0.14609375 0.28359375