4 0.8460752265625 0.7092494078125 0.8694190296875 0.686402746875 0.87486589375 0.6547289640625 0.8947081499999999 0.5747656375 0.8523002640625 0.559707621875 0.84802054375 0.5036294359375 0.8417955062500001 0.45274369062500003 0.85424558125 0.3873191671875 0.7873266328125 0.389915378125 0.7137936765624999 0.38939614375 0.7130155625000001 0.47279467343750003 0.7149608796875 0.524199671875 0.7274108953125 0.5646609625 0.7040670921875 0.5895846109375 0.6846139234375 0.5875076328125 0.6958967375 0.62437383125 0.7048452078125 0.6643555125 0.712237446875 0.6877214171875 0.7348030750000001 0.713683534375 0.7624266000000001 0.7261453375 0.7830469718749999 0.7209529140625001 0.7919954406249999 0.7084911109375 0.8044454562500001 0.6903176296875 0.8207861062499999 0.7090103453125 0.8250495062500001 0.7293739312499999 0.8460752265625 0.7092494078125
3 0.83984375 0.6375 0.02109375 0.03046875
4 0.5922395328125 0.6822117515625 0.60625764375 0.6706303 0.6192744734375 0.6617214796875001 0.6239471859375 0.6327678125 0.6239471859375 0.6042595796875 0.622612121875 0.5753059125 0.6102628359375 0.5770876828125 0.5922395328125 0.5770876828125 0.5835616531250001 0.541897834375 0.5872330609375 0.49289933750000003 0.591238228125 0.42608318125 0.5785551812499999 0.41717436093750004 0.5365008265625 0.4162834578125 0.5211476265625 0.42786491875 0.47208421562499997 0.44790976562499996 0.4837659828125 0.5303163390625001 0.495781509375 0.5984688484375 0.46106996718750004 0.60737766875 0.4944464453125 0.6915660328125 0.5061282109375 0.6942386796875 0.5291579859375 0.7062655828125 0.5395046890625 0.7205197 0.54818259375 0.6684030953125 0.55719423125 0.647467371875 0.574883775 0.6554852890625 0.579679390625 0.6960534890625001 0.5922395328125 0.6822117515625
3 0.58984375 0.628125 0.01796875 0.0296875
2 0.8109375 0.5015625 0.02890625 0.065625
1 0.5090003125 0.43127642968749996 0.5306616875 0.4185368125 0.5585644640625 0.4165768515625 0.5827958468750001 0.4180468234375 0.5736173015625 0.3871777046875 0.550854490625 0.30486006875 0.5365359515625 0.25393171406250004 0.522584578125 0.180433803125 0.522584578125 0.1544645703125 0.5203817328125 0.13094523125 0.5060631953125 0.1338851390625 0.4979860578125 0.1255553921875 0.4906432203125 0.17182241250000002 0.486971803125 0.21543116874999999 0.4899089484375 0.263939784375 0.49468180312500004 0.292358928125 0.4906432203125 0.32024219062500003 0.4807304015625 0.3643409265625 0.47228612812500004 0.4133395203125 0.47240692968750003 0.4446818 0.5090003125 0.43127642968749996
1 0.720494803125 0.389173571875 0.738608415625 0.3908407703125 0.8497881921875001 0.38500559375 0.8379206343750001 0.2674686171875 0.809813390625 0.239959965625 0.7629679875 0.174939509375 0.76734020625 0.11408700000000001 0.7248671171875001 0.1065846265625 0.716122584375 0.15660036718749998 0.7217440890625 0.22745603124999997 0.72799014375 0.326653896875 0.7240386234375 0.3812099203125 0.720494803125 0.389173571875
4 0.43675310625 0.5332798125 0.443248528125 0.5297710296875 0.44603226874999996 0.5268814468749999 0.45531144375 0.5004623953125 0.4443310921875 0.49798560781249995 0.4384542953125 0.49365123437499997 0.4338147140625 0.481267303125 0.43505192968750006 0.47156655625 0.4311856109375 0.443289903125 0.4171122171875 0.44432189062500005 0.40721444062499995 0.44886268281249997 0.3926770828125 0.456705821875 0.39824458906250004 0.477345721875 0.4035027734375 0.490142453125 0.40566791406249997 0.5025263843750001 0.4024202078125 0.5027327796875001 0.394223609375 0.5054159625 0.39886319062500003 0.5270878390625 0.40427603593750006 0.5351374015625 0.4129365984375 0.5388525828125 0.41927735625 0.5388525828125 0.420823884375 0.5275006421875 0.42376228749999995 0.5196574875 0.42824720781250003 0.5277070421875 0.43120516562500005 0.53737044375 0.43675310625 0.5332798125
1 0.4061318765625 0.448951040625 0.41865874375 0.4437910734375 0.43041234843750004 0.4437910734375 0.42716464375 0.38950817656250003 0.4206692328125 0.34533881875 0.4137098609375 0.3449260265625 0.4090702796875 0.34905400468750003 0.4090702796875 0.417372021875 0.403348121875 0.3507051859375 0.39607945 0.3461644171875 0.389584028125 0.35545236562500004 0.3934503453125 0.402511303125 0.39446900625 0.45434362500000003 0.4061318765625 0.448951040625
1 0.389584028125 0.4576198015625 0.38680028593750004 0.4530790171875 0.3818513921875 0.39920890781249996 0.38494444687499996 0.354213975 0.3764385484375 0.35029239375 0.3731908421875 0.352562778125 0.3688605734375 0.3641211109375 0.3699431375 0.392604159375 0.367159384375 0.41902321093749995 0.367004734375 0.44069509062499995 0.3656128578125 0.44069509062499995 0.362365153125 0.3923977640625 0.3571069578125 0.3474028078125 0.34751849375 0.345751625 0.34689988125000004 0.36164433125 0.3482917578125 0.3940489375 0.3501475859375 0.4177848203125 0.3469053484375 0.4448032765625 0.37133501562500004 0.445648665625 0.389584028125 0.4576198015625
1 0.31457889375 0.4630790828125 0.323672078125 0.45826665312500003 0.344366896875 0.4521987890625 0.344523684375 0.4446662734375 0.3465618046875 0.444038565625 0.3493838296875 0.41809323281250005 0.3415448828125 0.3839876796875 0.33464660468749996 0.36578410781250004 0.33605761875 0.35155601718749996 0.3288457890625 0.34925441875 0.3247695265625 0.35406684843749997 0.3225746296875 0.364947159375 0.32006615781250003 0.382523021875 0.3174009203125 0.4333675046875 0.3130615109375 0.4614796265625 0.31457889375 0.4630790828125
1 0.2652995125 0.4572499453125 0.2838764875 0.4562096890625 0.2837465703125 0.44736752031250004 0.27868013125 0.42621566718750004 0.26490978125 0.362388446875 0.2489309953125 0.361174815625 0.236979371875 0.35996116875 0.236979371875 0.43959052656250003 0.2334203171875 0.4747193671875 0.2652995125 0.4572499453125
4 0.36870722031250003 0.5424262828125 0.3755353875 0.541920009375 0.3819842453125 0.5373635796875 0.39127815 0.5110375203124999 0.3821739 0.5082530375000001 0.3903297921875 0.45787915 0.3814152234375 0.453575840625 0.37079359218749997 0.44547552343749997 0.35030905 0.4444629796875 0.344239559375 0.44547552343749997 0.3478433109375 0.481167575 0.3436705375 0.49610255312499996 0.331721209375 0.5001527109375 0.3412047984375 0.5317946046875 0.35353346406249997 0.540907475 0.3588442796875 0.53002265625 0.363803846875 0.543928240625 0.36870722031250003 0.5424262828125
1 0.09992562187500001 0.474440934375 0.12197210624999999 0.4696436796875 0.1339538953125 0.47987782343749996 0.1214928421875 0.4213513328125 0.11646049375 0.37721659218750003 0.1078335921875 0.374977884375 0.1032805265625 0.366023 0.09800852812500001 0.3673022734375 0.0932158125 0.374977884375 0.08387001250000001 0.3752976953125 0.08387001250000001 0.3864912875 0.089621275 0.4287071078125 0.0877042 0.44022051093750003 0.082671834375 0.46484642656249997 0.08244848437499999 0.48012288124999997 0.09992562187500001 0.474440934375
4 0.12005503125000001 0.5723048984375 0.13299535 0.566548196875 0.151447315625 0.5326476109375 0.13515207499999998 0.5214540203125 0.1320368203125 0.5272107218750001 0.130598990625 0.5195351109375 0.13347463125 0.47987782343749996 0.11789830625 0.47028331718749994 0.103759790625 0.47508057031249995 0.0807547578125 0.4846750765625 0.0879438328125 0.5329674234375 0.0728467703125 0.5390439484375 0.0862663703125 0.56814728125 0.10423905468750001 0.57166525625 0.11046959999999999 0.549917721875 0.11670012656249999 0.556953690625 0.11780067031250001 0.569219559375 0.12005503125000001 0.5723048984375