1 0.82578125 0.2078125 0.14375 0.40625
4 0.859375 0.57890625 0.1890625 0.390625
2 0.8671875 0.51015625 0.03125 0.0640625
3 0.84140625 0.6625 0.0296875 0.0484375
4 0.56484375 0.51953125 0.1453125 0.29375
3 0.54375 0.5796875 0.0171875 0.0265625
2 0.55390625 0.4875 0.0234375 0.0546875
4 0.40390625 0.46796875 0.06875 0.1546875
2 0.39296875 0.4296875 0.0140625 0.0265625
1 0.47734375 0.30859375 0.078125 0.21875
4 0.490625 0.484375 0.078125 0.1765625
2 0.49921875 0.415625 0.015625 0.0328125
3 0.3890625 0.49921875 0.009375 0.0140625
3 0.490625 0.53046875 0.0125 0.0234375
1 0.546875 0.27578125 0.1046875 0.2734375
0 0.55859375 0.11796875 0.040625 0.0609375
0 0.51015625 0.1390625 0.025 0.0390625
0 0.4796875 0.1796875 0.0203125 0.0265625
0 0.45546875 0.19375 0.015625 0.0296875
0 0.40390625 0.24140625 0.0140625 0.0296875
0 0.38828125 0.22265625 0.0140625 0.0140625
0 0.81640625 0.01484375 0.0546875 0.0296875
0 0.77109375 0.0453125 0.0421875 0.090625
1 0.39609375 0.31875 0.0578125 0.165625