4 0.815625 0.4203125 0.178125 0.246875
3 0.8546875 0.36328125 0.01640625 0.02109375
4 0.45546875 0.47109375 0.10078125 0.184375
3 0.4625 0.4171875 0.0125 0.01640625
4 0.334375 0.4515625 0.1484375 0.23203125
3 0.375 0.39609375 0.0125 0.01875
4 0.2484375 0.53203125 0.06328125 0.13828125
3 0.253125 0.49609375 0.01015625 0.0125
1 0.83125 0.6734375 0.1140625 0.2765625
1 0.18359375 0.6875 0.10234375 0.28515625
1 0.34609375 0.66171875 0.090625 0.240625
1 0.44765625 0.63203125 0.09296875 0.18125
1 0.559375 0.625 0.075 0.1859375
1 0.23515625 0.6671875 0.05078125 0.16328125
0 0.1953125 0.84765625 0.08984375 0.04296875
0 0.21953125 0.8328125 0.06015625 0.03671875
0 0.2140625 0.740625 0.021875 0.0453125
0 0.240625 0.75859375 0.0390625 0.03515625
0 0.3265625 0.775 0.0515625 0.0453125
0 0.36875 0.7921875 0.04765625 0.0421875
0 0.43125 0.75 0.0359375 0.0390625
0 0.4609375 0.75078125 0.02578125 0.03359375
0 0.54375 0.73515625 0.0265625 0.0296875
0 0.5734375 0.7328125 0.02890625 0.028125
0 0.796875 0.82890625 0.05078125 0.03828125
0 0.8890625 0.8390625 0.06171875 0.05