4 0.3671875 0.18984375 0.184375 0.371875
3 0.3296875 0.09296875 0.021875 0.0328125
4 0.471875 0.1859375 0.1125 0.371875
3 0.4578125 0.10703125 0.0234375 0.0328125
2 0.3796875 0.2375 0.025 0.0671875
1 0.390625 0.52421875 0.1453125 0.3515625
0 0.40546875 0.7390625 0.0484375 0.0609375
0 0.35390625 0.7171875 0.04375 0.10625
1 0.4828125 0.521875 0.115625 0.334375
0 0.48203125 0.7203125 0.0359375 0.059375
0 0.50234375 0.646875 0.040625 0.1109375
0 0.61640625 0.70859375 0.075 0.053125
0 0.54375 0.70078125 0.0421875 0.0625
1 0.56640625 0.528125 0.1390625 0.325
4 0.5375 0.19453125 0.1265625 0.3859375
0 0.7640625 0.859375 0.1015625 0.096875