4 0.87734375 0.49296875 0.209375 0.3625
2 0.91953125 0.49140625 0.05 0.0703125
3 0.9046875 0.5671875 0.0328125 0.034375
1 0.80390625 0.22578125 0.1984375 0.284375
1 0.25703125 0.2875 0.1390625 0.2578125
1 0.0578125 0.31484375 0.115625 0.2390625
1 0.15234375 0.296875 0.1328125 0.209375
4 0.28671875 0.4921875 0.146875 0.215625
4 0.0859375 0.51796875 0.1640625 0.2421875
4 0.17734375 0.4609375 0.1359375 0.1890625
3 0.0703125 0.5671875 0.0203125 0.0234375
3 0.15859375 0.5109375 0.01875 0.0234375
3 0.2625 0.5328125 0.0171875 0.0203125
2 0.17265625 0.44453125 0.025 0.040625
2 0.07890625 0.46953125 0.028125 0.046875
0 0.24765625 0.14140625 0.04375 0.0546875
0 0.2078125 0.1515625 0.05 0.0375
0 0.16640625 0.20546875 0.0515625 0.06875
0 0.09921875 0.19921875 0.046875 0.0515625
0 0.071875 0.22109375 0.046875 0.0796875
0 0.0203125 0.190625 0.040625 0.04375