4 0.4375 0.5671875 0.19375 0.128125
4 0.45 0.621875 0.15 0.0796875
4 0.38671875 0.66484375 0.1625 0.1203125
4 0.409375 0.7453125 0.175 0.0921875
4 0.4765625 0.70859375 0.0921875 0.0578125
4 0.3140625 0.36953125 0.134375 0.0796875
4 0.32734375 0.296875 0.1375 0.0859375
4 0.44453125 0.36640625 0.134375 0.078125
4 0.453125 0.2671875 0.14375 0.0671875
4 0.4328125 0.21328125 0.1625 0.08125
4 0.4421875 0.153125 0.1859375 0.103125
4 0.5015625 0.1046875 0.1953125 0.0953125
4 0.4765625 0.33671875 0.090625 0.0453125
1 0.2609375 0.1328125 0.215625 0.0953125
1 0.278125 0.19453125 0.175 0.0796875
0 0.18359375 0.19296875 0.03125 0.034375
0 0.1796875 0.17265625 0.046875 0.0296875
0 0.1625 0.1453125 0.046875 0.034375
0 0.14375 0.128125 0.04375 0.05
0 0.22578125 0.0578125 0.05 0.0296875
3 0.446875 0.721875 0.0171875 0.0140625
3 0.41484375 0.6515625 0.0171875 0.0125
2 0.4359375 0.56796875 0.0359375 0.0203125
3 0.48125 0.55390625 0.01875 0.0171875
3 0.471875 0.36015625 0.015625 0.0109375
3 0.34609375 0.29453125 0.0203125 0.0140625
3 0.49453125 0.33046875 0.0140625 0.0109375
3 0.48046875 0.1484375 0.0203125 0.0140625
3 0.54453125 0.11875 0.025 0.015625
2 0.4171875 0.21015625 0.0328125 0.01875
2 0.371875 0.66484375 0.0203125 0.0203125