4 0.42890625 0.240625 0.3703125 0.25625
4 0.39609375 0.44375 0.3203125 0.18125
4 0.3390625 0.634375 0.4265625 0.25625
4 0.3890625 0.9265625 0.25625 0.146875
4 0.378125 0.846875 0.246875 0.121875
1 0.6 0.95078125 0.25625 0.0984375
1 0.6125 0.884375 0.2671875 0.121875
1 0.71796875 0.66015625 0.4546875 0.303125
1 0.70390625 0.47734375 0.44375 0.1671875
1 0.76796875 0.2671875 0.4125 0.1921875
3 0.34453125 0.1609375 0.0359375 0.0265625
3 0.2734375 0.53828125 0.0390625 0.021875
3 0.32734375 0.896875 0.0234375 0.0234375
3 0.32734375 0.8328125 0.0265625 0.0265625
0 0.73359375 0.9734375 0.0546875 0.0484375
0 0.70859375 0.9265625 0.059375 0.05
0 0.72421875 0.88671875 0.075 0.05
0 0.90703125 0.775 0.0953125 0.0921875
0 0.96796875 0.5484375 0.0640625 0.128125
0 0.95234375 0.30546875 0.0953125 0.0703125
0 0.9484375 0.259375 0.075 0.071875
2 0.425 0.61796875 0.09375 0.0546875
2 0.4890625 0.20546875 0.0671875 0.0484375
2 0.49375 0.42734375 0.0671875 0.05625