4 1 0.578044596875 0.988816403125 0.5180102921875 0.9589934765624999 0.47684391093749995 0.9543336437500001 0.48713550625 0.9468779125 0.5471698109375 0.9338303828125 0.5488850765625 0.9058713890625001 0.466552315625 0.90121155625 0.46483705000000003 0.8452935687500001 0.5437392796875 0.8350419390624999 0.5883361921875 0.822926375 0.7392795890625 0.8443616031250001 0.75471698125 0.8732525624999999 0.7667238421875 0.8667287984375 0.9982847343750001 1 0.9982847343750001 1 0.578044596875
4 0.7315936625 0.574614065625 0.6840633734375 0.5231560890625 0.6794035421875 0.5831560890625 0.6561043796875 0.5745797593749999 0.6402609499999999 0.5145454546875 0.6383970171875 0.51286449375 0.5983224609375 0.5711835328125 0.590866728125 0.5900514578125 0.5740913328125 0.7169811328125 0.5992544265624999 0.7443910812500001 0.61509785625 0.7581132078125 0.61509785625 0.8782161234375 0.6169617890625 0.9108061749999999 0.6234855546875 0.91423670625 0.636533084375 0.95883361875 0.6551724140624999 0.9845283015625 0.7082945015625 0.972521440625 0.735321528125 0.9553687828124999 0.7166821999999999 0.7718696390625001 0.7185461328125 0.7392795890625 0.748369059375 0.711835334375 0.7493010250000001 0.6792452828125 0.7315936625 0.574614065625
4 0.484622553125 0.5934819890624999 0.44082013125 0.555482253125 0.43802423125 0.58319039375 0.42124883437499994 0.6140651796875 0.4082013046875 0.5711835328125 0.4044734390625 0.5711835328125 0.373718546875 0.6020583187499999 0.363466915625 0.6569468265625 0.3625349484375 0.7169811328125 0.38210624375 0.7186963984375 0.38210624375 0.840480275 0.37837837812499997 0.8524871359375 0.38490214375 0.9005145796875 0.431500465625 0.9090909093749999 0.47996272187500005 0.8936535156250001 0.4753028890625 0.7993138937500001 0.474370921875 0.7135506 0.5031901921874999 0.6900646515625 0.4945874265625 0.641245546875 0.484622553125 0.5934819890624999
4 0.3438956203125 0.5197255578125 0.3401677546875 0.5471698109375 0.3336439890625 0.5608919375 0.3205964578125 0.5454545453125 0.31034482812499997 0.51286449375 0.27679403593749996 0.5488850765625 0.26933830312499996 0.5694682671875 0.258728225 0.65048159375 0.28310273124999996 0.6676342515625 0.26661409375 0.8154110031249999 0.3224603921875 0.8387650078125001 0.36719478125 0.8301886796875 0.3699906796875 0.77358490625 0.3616029828125 0.7204116640625 0.36067101562500004 0.68439108125 0.3774464125 0.5883361921875 0.37465051250000003 0.5660377359375001 0.3438956203125 0.5197255578125
3 0.3109375 0.60390625 0.021875 0.03046875
3 0.64609375 0.66875 0.02421875 0.04765625
3 0.40234375 0.65078125 0.01640625 0.040625
2 0.33359375 0.75703125 0.02578125 0.0609375
2 0.43203125 0.7953125 0.02578125 0.0609375
2 0.690625 0.840625 0.02265625 0.07890625
3 0.9140625 0.653125 0.02578125 0.04453125
2 0.95703125 0.77734375 0.02109375 0.07421875