4 0.5 0.4171875 0.1484375 0.21875
4 0.59375 0.35625 0.1421875 0.1890625
4 0.6671875 0.36484375 0.1 0.1875
4 0.6484375 0.45 0.06875 0.090625
4 0.715625 0.33828125 0.128125 0.1359375
4 0.27578125 0.31015625 0.103125 0.153125
4 0.2046875 0.325 0.1046875 0.1484375
4 0.28984375 0.44140625 0.0953125 0.1421875
4 0.26484375 0.48046875 0.05625 0.096875
4 0.23046875 0.484375 0.06875 0.1203125
4 0.1828125 0.46015625 0.1015625 0.159375
4 0.134375 0.44296875 0.0953125 0.175
4 0.0625 0.453125 0.125 0.19375
4 0.0484375 0.528125 0.096875 0.2125
0 0.01640625 0.15 0.0328125 0.046875
0 0.021875 0.16640625 0.0375 0.0421875
0 0.0796875 0.18984375 0.034375 0.0390625
0 0.06015625 0.18359375 0.03125 0.0390625
3 0.6875 0.33828125 0.015625 0.0203125
3 0.65703125 0.403125 0.015625 0.0203125
3 0.58125 0.3890625 0.015625 0.0203125
3 0.48984375 0.45625 0.0171875 0.0234375
3 0.20625 0.34609375 0.0171875 0.021875
3 0.2859375 0.46875 0.0125 0.0203125
3 0.25546875 0.4953125 0.0125 0.0171875
3 0.0578125 0.49765625 0.01875 0.0203125
2 0.12265625 0.43203125 0.01875 0.0296875
2 0.16875 0.409375 0.015625 0.028125
1 0.04609375 0.27578125 0.0921875 0.2359375
1 0.0921875 0.28671875 0.1 0.19375
2 0.5015625 0.409375 0.0234375 0.03125