4 0.27734375 0.6109375 0.090625 0.153125
4 0.36171875 0.61484375 0.103125 0.165625
2 0.28515625 0.6109375 0.0140625 0.0234375
3 0.27109375 0.64453125 0.0140625 0.0171875
1 0.27109375 0.48515625 0.078125 0.1375
1 0.40859375 0.3546875 0.178125 0.375
1 0.325 0.46015625 0.09375 0.1609375
1 0.14921875 0.42421875 0.1265625 0.2296875
0 0.4421875 0.3234375 0.0671875 0.040625
0 0.3328125 0.334375 0.04375 0.04375
0 0.4765625 0.171875 0.0671875 0.1359375
0 0.3140625 0.16015625 0.0953125 0.0609375
0 0.14375 0.29765625 0.084375 0.05
0 0.09921875 0.30625 0.025 0.0296875
0 0.16875 0.3609375 0.0328125 0.021875
0 0.1734375 0.3796875 0.0328125 0.0234375
0 0.28515625 0.3890625 0.04375 0.0375
0 0.24140625 0.41640625 0.04375 0.0296875
0 0.27109375 0.41015625 0.03125 0.0375
0 0.32734375 0.36953125 0.0171875 0.0203125