4 0.49961089531249997 0.8099688468749999 0.5066147859375 0.808930425 0.511284046875 0.8016614750000001 0.5260700390624999 0.808930425 0.5291828796875 0.8307372796875001 0.53463035 0.832814121875 0.5447470812499999 0.8234683281249999 0.55719844375 0.7975077875000001 0.5618677046875 0.775700934375 0.5719844359375 0.766355140625 0.582879378125 0.7673935625 0.5875486375000001 0.773624090625 0.5836575875000001 0.8213914843750001 0.58988326875 0.8172377984375 0.5976653703125 0.800623053125 0.62256809375 0.7850467296875 0.6319066140625 0.7725856703125 0.6350194546875 0.7497403953124999 0.6505836578124999 0.703011421875 0.636575875 0.69678089375 0.619455253125 0.6739356171875001 0.6085603109375 0.6147455859375001 0.6085603109375 0.588785046875 0.613229571875 0.563862928125 0.6108949421875 0.5098650046875 0.57354085625 0.5088265828125 0.484824903125 0.5327102796875 0.4871595328125 0.60124610625 0.5035019453125 0.661474559375 0.51206225625 0.7133956390625 0.49494163437500005 0.72689511875 0.47548638125 0.70404984375 0.4607003890625 0.7217030109375 0.4599221796875 0.727933540625 0.4770428015625 0.762201453125 0.484824903125 0.7933541015625 0.49961089531249997 0.8099688468749999
3 0.61328125 0.74375 0.0203125 0.03125
4 0.154085603125 0.762201453125 0.17198443593749999 0.787123571875 0.1976653703125 0.7975077875000001 0.217120621875 0.8203530640625001 0.22334630312499998 0.8182762203125 0.2404669265625 0.789200415625 0.249805446875 0.7850467296875 0.258365759375 0.773624090625 0.2762645921875 0.7975077875000001 0.278599221875 0.8141225343749999 0.28171206249999997 0.8161993765625001 0.298832684375 0.7954309453125 0.32451361875 0.7850467296875 0.33540856093750004 0.7705088265625 0.3556420234375 0.6677050875 0.3548638125 0.65835929375 0.3494163421875 0.6531671859375 0.317509728125 0.6396677046875 0.315175096875 0.5690550359375 0.32451361875 0.4974039453125 0.32295719843750004 0.4517133953125 0.2669260703125 0.44963655312500006 0.21011673125 0.438213915625 0.19844357968749998 0.43925233593749996 0.1953307390625 0.4434060234375 0.1844357984375 0.48390446562499995 0.1836575875 0.5233644859375 0.19221789843749998 0.575285565625 0.19610895 0.634475596875 0.1891050578125 0.6417445484375001 0.15330739375 0.6375908625 0.14785992187500002 0.6427829703125 0.1517509734375 0.7403946 0.154085603125 0.762201453125
3 0.3046875 0.73046875 0.0234375 0.03359375
2 0.2671875 0.56484375 0.03046875 0.07890625
1 0.52451361875 0.5244029078125 0.5618677046875 0.5119418484375 0.6085603109375 0.5077881625 0.5891050578125 0.3603322953125 0.5875486375000001 0.32294911718749997 0.6070038906249999 0.235721703125 0.6147859921875 0.16095534843749998 0.613229571875 0.1298027 0.5976653703125 0.13187954375 0.5821011671874999 0.12149532656249999 0.5719844359375 0.1443406015625 0.564202334375 0.14018691562500002 0.560311284375 0.1256490140625 0.554085603125 0.1246105921875 0.5330739296875 0.1256490140625 0.5159533078125 0.1329179640625 0.5128404671875 0.13811007343749998 0.5105058359375 0.165109034375 0.5175097281250001 0.1827622015625 0.5221789890624999 0.34164070625 0.4933852140625 0.470404984375 0.4871595328125 0.5223260640625 0.488715953125 0.5275181718749999 0.52451361875 0.5244029078125
1 0.1976653703125 0.42575285625000003 0.1976653703125 0.44132917968749996 0.2 0.44236760156250005 0.2863813234375 0.4558670828125 0.32217898906250003 0.4537902390625 0.321400778125 0.29179646875 0.3299610890625 0.2658359296875 0.333852140625 0.224299065625 0.331517509375 0.18691588750000002 0.34163424062500003 0.151609553125 0.337743190625 0.1412253375 0.31284046718749997 0.13811007343749998 0.298054475 0.11422637656250001 0.2933852140625 0.11318795468750001 0.2902723734375 0.11734164062500001 0.28171206249999997 0.17653167187500002 0.266147859375 0.21495327031250003 0.25058365781249997 0.342679128125 0.23891050625000002 0.3457943921875 0.2342412453125 0.2523364484375 0.23579766562499999 0.13187954375 0.22412451406249997 0.1183800625 0.19221789843749998 0.1183800625 0.1891050578125 0.1225337484375 0.17665369687500002 0.19937694687500002 0.174319065625 0.29387331250000004 0.2 0.2980269984375 0.21011673125 0.30841121562499996 0.20466926093749999 0.3894081 0.192996109375 0.41433021875 0.1976653703125 0.42575285625000003
0 0.2 0.12045690625000001 0.2108949421875 0.1246105921875 0.22879377500000003 0.119418484375 0.23891050625000002 0.0872274140625 0.2373540859375 0.0664589828125 0.2311284046875 0.061266875 0.2186770421875 0.061266875 0.199221790625 0.0674974046875 0.1953307390625 0.0737279328125 0.196887159375 0.1111111109375 0.2 0.12045690625000001
0 0.2941634234375 0.103842159375 0.308949415625 0.12772585625 0.32840466875 0.13187954375 0.3463035015625 0.155763240625 0.360311284375 0.15472481875 0.364202334375 0.15057113125 0.364202334375 0.128764278125 0.3548638125 0.0913811 0.3330739296875 0.0726895125 0.31906614843750003 0.0539979234375 0.305058365625 0.048805815625 0.292607003125 0.050882657812499996 0.288715953125 0.060228453125000005 0.28793774375000003 0.080996884375 0.2941634234375 0.103842159375
0 0.5167315171875 0.13187954375 0.5237354078124999 0.11630321875 0.5322957203125 0.1111111109375 0.5408560312499999 0.1111111109375 0.547859921875 0.119418484375 0.5564202328125 0.1183800625 0.5727626453125 0.1017653171875 0.574319065625 0.092419521875 0.5719844359375 0.08826583593750001 0.5564202328125 0.0872274140625 0.5182879375 0.0955347875 0.5136186765625 0.1121495328125 0.5136186765625 0.12772585625 0.5167315171875 0.13187954375
0 0.6 0.11734164062500001 0.6077821015625 0.1225337484375 0.62645914375 0.12045690625000001 0.6319066140625 0.1111111109375 0.6303501953125 0.0976116296875 0.6116731515625 0.08203530625 0.6085603109375 0.068535825 0.5992217906249999 0.0643821390625 0.5945525296875 0.0643821390625 0.5883268484374999 0.07684319843750001 0.5883268484374999 0.09968847343750001 0.6 0.11734164062500001