4 0.4890625 0.76953125 0.2625 0.4609375
4 0.153125 0.69296875 0.1796875 0.2640625
1 0.45625 0.3421875 0.3203125 0.4921875
1 0.66015625 0.3546875 0.2 0.3296875
1 0.296875 0.47421875 0.1328125 0.20625
1 0.115625 0.49296875 0.1515625 0.2421875
0 0.36015625 0.0765625 0.125 0.10625
0 0.5453125 0.07578125 0.171875 0.103125
0 0.72578125 0.16953125 0.103125 0.0640625
0 0.59140625 0.1765625 0.103125 0.0859375
0 0.30390625 0.35546875 0.0546875 0.0734375
0 0.25078125 0.3609375 0.0453125 0.0421875
0 0.10546875 0.36640625 0.0546875 0.05
0 0.06171875 0.36640625 0.0515625 0.0640625
0 0.21640625 0.396875 0.0578125 0.046875
2 0.56171875 0.79375 0.059375 0.084375
2 0.1421875 0.6859375 0.025 0.0359375
3 0.1796875 0.73828125 0.021875 0.025