4 0.07421875 0.6 0.1484375 0.4625
1 0.084375 0.21328125 0.15625 0.4265625
4 0.55390625 0.6171875 0.2 0.3515625
1 0.57421875 0.33515625 0.1296875 0.3125
4 0.684375 0.615625 0.1625 0.3015625
1 0.70625 0.3984375 0.125 0.2546875
3 0.0328125 0.690625 0.0296875 0.034375
3 0.56796875 0.6765625 0.0171875 0.0296875
3 0.696875 0.6828125 0.01875 0.0234375
2 0.66875 0.6046875 0.0171875 0.0453125
4 0.4046875 0.62421875 0.1203125 0.128125
3 0.40546875 0.62734375 0.0109375 0.0203125
2 0.05 0.425 0.046875 0.0859375
0 0.16328125 0.0984375 0.06875 0.071875
0 0.4265625 0.234375 0.046875 0.0546875
0 0.46875 0.27265625 0.0375 0.090625
0 0.5828125 0.175 0.0390625 0.065625
0 0.6234375 0.1546875 0.046875 0.0765625
0 0.715625 0.26015625 0.03125 0.059375
0 0.73671875 0.2609375 0.0375 0.078125