1 0.544146825 0.1040564375 0.54092261875 0.1146384484375 0.5384424609375 0.143298059375 0.5362103171875 0.1809964734375 0.51884920625 0.3176807765625 0.5132688484375 0.2438271609375 0.5076884921875 0.1975308640625 0.5089285718750001 0.1622574953125 0.5106646828125 0.1269841265625 0.5079365078125 0.1119929453125 0.509920634375 0.1040564375 0.5101686515625 0.096560846875 0.5081845234375 0.088183421875 0.50595238125 0.08377425 0.5019841265625 0.0842151671875 0.4952876984375 0.0908289234375 0.49007936562500004 0.0886243390625 0.48635912656249997 0.092151675 0.4861111109375 0.09744268125 0.48784722187499996 0.10714285781249999 0.484126984375 0.1543209875 0.4831349203125 0.20546737187500003 0.48387896875 0.33201058125 0.4858630953125 0.3377425046875 0.49429563437499996 0.341269840625 0.5042162703125 0.342151675 0.5332341265625 0.3359788359375 0.5550595234375 0.33553791875 0.5555555562500001 0.2786596125 0.5580357140625 0.219135803125 0.5634920640625001 0.17989417968750002 0.5672123015625 0.1305114640625 0.5672123015625 0.1137566140625 0.5642361109375 0.10229276875 0.5669642859375 0.0917107578125 0.5662202375 0.0842151671875 0.5647321421875 0.08201058125 0.55654761875 0.0842151671875 0.5488591265625 0.079805996875 0.5451388890625 0.08377425 0.543898809375 0.091269840625 0.544146825 0.1040564375
1 0.35328280156249997 0.1501679609375 0.3578694484375 0.2298963390625 0.34920578125 0.3259327953125 0.3328977046875 0.039635435937500005 0.314980159375 0.037477954687499995 0.3107638890625 0.0383597890625 0.30803571406249997 0.052910053125 0.3040674609375 0.0952380953125 0.30282738125 0.1507936515625 0.3050595234375 0.20370370312500002 0.3050595234375 0.2773368609375 0.3033234125 0.3121693125 0.299603175 0.338183421875 0.29737103125000003 0.37169312187500003 0.2983630953125 0.3888888890625 0.29737103125000003 0.3937389765625 0.3005952375 0.42372134062500005 0.3048115078125 0.44620811250000003 0.30654761875 0.44885361562500004 0.3105158734375 0.44885361562500004 0.343998015625 0.4391534390625 0.37946428593750003 0.43959435625000004 0.38740079375 0.4082892421875 0.3886408734375 0.393298059375 0.3883928578125 0.37125220468750003 0.391369046875 0.357583775 0.393353175 0.3350970015625 0.39112103125000003 0.2932098765625 0.39012896874999997 0.1966490296875 0.3864087296875 0.16446208125 0.3854166671875 0.11419753125000001 0.37822420625 0.0489417984375 0.3769841265625 0.046296296875 0.3707837296875 0.0432098765625 0.3571428578125 0.0396825390625 0.3479662703125 0.046296296875 0.35328280156249997 0.1501679609375
1 0.623385334375 0.2443924078125 0.6254238437499999 0.2344263609375 0.6203275703125 0.20452821875 0.6162505515625 0.1764420859375 0.6157409234375 0.0876536640625 0.5922980625 0.0695335765625 0.5949900796875001 0.22178130468749999 0.6019345234375 0.32319224062499996 0.6041666671875 0.3417107578125 0.605902778125 0.3509700171875 0.6081349203124999 0.3527336859375 0.6493055562500001 0.3386243390625 0.6507936515625 0.3359788359375 0.65029761875 0.3302469140625 0.66592261875 0.1230158734375 0.6631944437499999 0.092151675 0.6582341265625 0.0621693125 0.6547619046875 0.055555556250000006 0.6421130953125 0.0582010578125 0.63561639375 0.08855966875 0.6432608046875 0.1873141375 0.639183784375 0.3041886921875 0.623385334375 0.2443924078125
4 0.650905215625 0.33861685625 0.6126831593750001 0.3513009171875 0.5979039640625 0.3567369421875 0.6075868843750001 0.405661175 0.619308315625 0.4545854078125 0.6269527265625 0.49535560156249997 0.61726980625 0.5026036359375 0.6050387484375 0.49716760937500004 0.6050387484375 0.5116636796875 0.6096253953125 0.5161937 0.6162505515625 0.5605879109374999 0.6249142171875001 0.5741779765625 0.6249142171875001 0.5796140015625 0.6371452750000001 0.5959220796875 0.637654903125 0.5922980625 0.639183784375 0.5687419499999999 0.6432608046875 0.5741779765625 0.6544726078124999 0.5959220796875 0.6565111171875 0.5814260109375 0.6386741578125 0.5406558171875 0.644280059375 0.4926375890625 0.64631856875 0.4455253640625 0.6539629796875001 0.38935309687499997 0.6524340984375 0.34586489062500003 0.650905215625 0.33861685625
3 0.61875 0.5328125 0.01328125 0.02734375
2 0.6265625 0.4078125 0.01328125 0.0234375
0 0.659226190625 0.0304232796875 0.658730159375 0.018518518749999997 0.6545138890625 0.0132275125 0.6423611109375 0.0114638453125 0.637152778125 0.014109346875000001 0.634920634375 0.019400353125 0.634920634375 0.03174603125 0.6388888890625 0.056437389062499996 0.640873015625 0.058641975 0.65625 0.055555556250000006 0.659226190625 0.0304232796875
0 0.5917658734375 0.0674603171875 0.5959821421875 0.0683421515625 0.6042286703124999 0.06525573125 0.609623015625 0.06701939999999999 0.6116071421875 0.071428571875 0.61532738125 0.0718694890625 0.6173115078125 0.06040564375 0.6173115078125 0.04850088125 0.615079365625 0.041446207812500004 0.6044146828125 0.037037037499999995 0.596478175 0.029541446875 0.5890376984375 0.027336860937500002 0.5796130953125 0.028218695312499997 0.5768849203124999 0.029541446875 0.5739087296875 0.037037037499999995 0.5761408734375 0.045855379687499996 0.5917658734375 0.0674603171875
0 0.565476190625 0.081569665625 0.572420634375 0.051146384375 0.572420634375 0.041005290625 0.5691964281249999 0.0348324515625 0.563244046875 0.0330687828125 0.5523313484375 0.037037037499999995 0.5505952375 0.041446207812500004 0.5488591265625 0.0533509703125 0.547619046875 0.08068783125 0.5548115078125 0.084656084375 0.5610119046875 0.084656084375 0.565476190625 0.081569665625
0 0.4985119046875 0.0908289234375 0.5012400796875001 0.086419753125 0.506200396875 0.08553791875 0.5074404765625 0.079805996875 0.5076884921875 0.061287478124999996 0.4987599203125 0.045855379687499996 0.4890873015625 0.042768959375 0.4828869046875 0.0432098765625 0.4791666671875 0.045855379687499996 0.47842261875 0.0515873015625 0.4791666671875 0.061728395312499997 0.48883928593750003 0.0917107578125 0.4947916671875 0.0925925921875 0.4985119046875 0.0908289234375
0 0.4201388890625 0.11067019375 0.4295634921875 0.0943562609375 0.439980159375 0.0877425046875 0.4427083328125 0.08333333281250001 0.44320436562500004 0.0767195765625 0.440476190625 0.071428571875 0.42782738125 0.0705467375 0.4139384921875 0.074514990625 0.39732142812500004 0.0842151671875 0.3923611109375 0.088183421875 0.390625 0.0925925921875 0.3923611109375 0.094797178125 0.39955357187499996 0.09391534375 0.4201388890625 0.11067019375
0 0.356646825 0.0405643734375 0.3685515875 0.042768959375 0.377480159375 0.0480599640625 0.38095238125 0.046296296875 0.39732142812500004 0.022045854687499998 0.40054563437499996 0.014109346875000001 0.4010416671875 0.006172839062499999 0.39508928593750003 0.00044091718750000004 0.3767361109375 0.00044091718750000004 0.362103175 0.014550264062500002 0.349950396875 0.018959435937499998 0.346478175 0.0255731921875 0.3459821421875 0.0313051140625 0.34722222187499996 0.0383597890625 0.34970238125 0.0423280421875 0.356646825 0.0405643734375
0 0.40823412656249997 0.07936507968749999 0.41071428593750003 0.0740740734375 0.41071428593750003 0.067901234375 0.40426587343750003 0.0590828921875 0.381200396875 0.06040564375 0.37946428593750003 0.06393298124999999 0.37822420625 0.07363315625 0.3787202375 0.0908289234375 0.38095238125 0.09567901250000001 0.384920634375 0.0987654328125 0.3945932546875 0.0859788359375 0.40823412656249997 0.07936507968749999
0 0.3360615078125 0.00044091718750000004 0.3050595234375 0.00044091718750000004 0.3045634921875 0.014109346875000001 0.3107638890625 0.03527336875 0.3268849203125 0.041005290625 0.3303571421875 0.039241621875 0.3318452375 0.033509699999999996 0.3318452375 0.0255731921875 0.3360615078125 0.00044091718750000004