4 0.5203125 0.64609375 0.2859375 0.115625
4 0.5296875 0.546875 0.3234375 0.15625
4 0.58515625 0.1359375 0.240625 0.1078125
3 0.58515625 0.72578125 0.0296875 0.0171875
3 0.58203125 0.62578125 0.0234375 0.0171875
3 0.53984375 0.53671875 0.0421875 0.0171875
3 0.6328125 0.13828125 0.0234375 0.0125
3 0.646875 0.43984375 0.0203125 0.0109375
2 0.50234375 0.65546875 0.0453125 0.0234375
2 0.4640625 0.76484375 0.0390625 0.015625
0 0.29453125 0.2015625 0.0359375 0.053125
0 0.2734375 0.1578125 0.040625 0.025
1 0.3859375 0.165625 0.1796875 0.084375