4 0.53125 0.26875 0.246875 0.140625
4 0.5 0.34453125 0.190625 0.08125
4 0.48984375 0.49609375 0.1453125 0.084375
4 0.29921875 0.27109375 0.190625 0.14375
4 0.315625 0.36640625 0.1703125 0.0859375
4 0.29921875 0.453125 0.178125 0.1078125
4 0.2984375 0.71875 0.2 0.153125
4 0.2390625 0.89765625 0.2578125 0.1875
4 0.48125 0.93359375 0.315625 0.1328125
4 0.47578125 0.725 0.115625 0.10625
3 0.54453125 0.9859375 0.021875 0.0109375
3 0.49609375 0.73515625 0.0265625 0.01875
3 0.2484375 0.8875 0.0359375 0.0203125
3 0.303125 0.7234375 0.0234375 0.01875
3 0.33828125 0.47109375 0.0203125 0.0140625
2 0.54375 0.28515625 0.0359375 0.021875
3 0.578125 0.3046875 0.0265625 0.0140625
3 0.52578125 0.35703125 0.01875 0.0140625
3 0.5234375 0.52109375 0.015625 0.0125
3 0.315625 0.28828125 0.0203125 0.0140625
0 0.15625 0.35390625 0.046875 0.040625
0 0.121875 0.675 0.04375 0.078125
0 0.0890625 0.753125 0.0609375 0.046875
0 0.04765625 0.8578125 0.053125 0.09375
0 0.028125 0.9359375 0.053125 0.05625
2 0.44921875 0.3421875 0.0390625 0.021875
2 0.45390625 0.50390625 0.0296875 0.0171875
2 0.44765625 0.94921875 0.04375 0.028125
2 0.17109375 0.86484375 0.046875 0.034375