4 0.4984375 0.53984375 0.36875 0.2640625
1 0.80234375 0.47265625 0.3953125 0.2140625
4 0.53671875 0.3703125 0.1359375 0.0921875
2 0.559375 0.353125 0.025 0.015625
2 0.55625 0.30390625 0.025 0.015625
3 0.50703125 0.384375 0.0140625 0.0109375
4 0.4546875 0.2421875 0.225 0.1640625
3 0.41015625 0.28203125 0.0203125 0.0171875
4 0.55546875 0.42734375 0.128125 0.0796875
1 0.67265625 0.39765625 0.140625 0.0671875
1 0.6625 0.34140625 0.1421875 0.075
1 0.65078125 0.278125 0.15 0.0890625
1 0.65390625 0.20703125 0.21875 0.109375
4 0.4765625 0.05546875 0.096875 0.0734375
4 0.478125 0.1140625 0.0765625 0.034375
4 0.484375 0.009375 0.053125 0.01875