0 0.159375 0.2984375 0.0515625 0.06875
0 0.18203125 0.28359375 0.0875 0.0875
1 0.365625 0.38359375 0.225 0.1109375
0 0.27265625 0.36640625 0.0625 0.0328125
0 0.2578125 0.41484375 0.04375 0.04375
0 0.1296875 0.52109375 0.0578125 0.0484375
0 0.19453125 0.56640625 0.09375 0.0578125
0 0.23828125 0.59140625 0.0796875 0.05625
0 0.23125 0.6875 0.0734375 0.0578125
1 0.409375 0.61484375 0.3265625 0.1734375
1 0.35703125 0.49375 0.35 0.190625
1 0.33046875 0.26875 0.2546875 0.1453125
4 0.5515625 0.34765625 0.23125 0.1296875
4 0.64140625 0.45859375 0.3640625 0.21875
4 0.68203125 0.571875 0.315625 0.1625
3 0.60859375 0.3515625 0.025 0.01875
3 0.75390625 0.4671875 0.03125 0.025
3 0.734375 0.58359375 0.028125 0.0171875
2 0.621875 0.59609375 0.05 0.0296875
2 0.584375 0.46953125 0.0671875 0.0390625