1 0.298317184375 0.6952573156249999 0.3090260078125 0.6841574171875 0.318714940625 0.682139253125 0.3233044359375 0.6730575171875001 0.32585415625 0.6589303734375 0.326789053125 0.539017828125 0.32891381875 0.524722503125 0.3263641 0.5087453749999999 0.3340132578125 0.38849646875 0.318204996875 0.40161453125 0.3093659703125 0.386814665625 0.308091109375 0.41204170781249994 0.294747578125 0.41473259375 0.2585415609375 0.40262361249999995 0.2610912796875 0.45307769999999997 0.2712901578125 0.5317860750000001 0.275369709375 0.5810628984374999 0.273839878125 0.6185671046875 0.28046914843750004 0.6466532125 0.2799592046875 0.6659939453125 0.29117797031250003 0.689202825 0.298317184375 0.6952573156249999
2 0.28125 0.3078125 0.0203125 0.046875
3 0.478125 0.275 0.01328125 0.021875
3 0.521875 0.3046875 0.0078125 0.01875
0 0.3004419515625 0.6929027921875 0.2902430734375 0.6836528765625001 0.28471868125 0.6786074671875 0.2825939140625 0.6744029593749999 0.2796192421875 0.69374369375 0.2719700828125 0.699630003125 0.26772055 0.7046754109375 0.268145503125 0.713925328125 0.277494475 0.71560713125 0.2953425125 0.7097208203125 0.30001699843749996 0.7038345109375 0.3004419515625 0.6929027921875
0 0.3017168109375 0.6903800875 0.3012918578125 0.7097208203125 0.3102158765625 0.721493440625 0.3297637265625 0.7240161453125 0.3323134453125 0.710561721875 0.3263641 0.695425496875 0.317015128125 0.681971071875 0.30596634375 0.681971071875 0.3017168109375 0.6903800875
0 0.4661737203125 0.6609485375 0.460649328125 0.6592667343749999 0.45852456249999995 0.6550622265625 0.457249703125 0.6634712406250001 0.45045045000000006 0.6727211578125 0.44960054375 0.6802892703125 0.45894951562499997 0.681130171875 0.4725480203125 0.6760847625 0.47711626718750005 0.6723007062499999 0.4759476453125 0.6533804234375 0.4661737203125 0.6609485375
1 0.4758414078125 0.6552724515625 0.47934727187500004 0.652119071875 0.47743498281249996 0.63572149375 0.4726542578125 0.6243693234375 0.4713793984375 0.59220484375 0.47074196874999996 0.5203077703125001 0.473610403125 0.543642784375 0.47711626718750005 0.5789606453125 0.47711626718750005 0.5852674062500001 0.47934727187500004 0.59914228125 0.47934727187500004 0.6073410703125 0.48062213125 0.61364783125 0.48221570625 0.623107971875 0.49910759843749997 0.619323915625 0.4975140234375 0.6041876890625 0.5010198875 0.48309788124999997 0.503888321875 0.45408678125 0.495601734375 0.448410696875 0.48444671093749997 0.448410696875 0.47647883750000003 0.4515640765625 0.463411525 0.45471745781250006 0.45353136093749996 0.45408678125 0.4449260578125 0.45408678125 0.441738909375 0.45724016093750003 0.44396991406249997 0.5367053484375 0.45257521718750005 0.6098637734375 0.45448750625 0.6369828453124999 0.45608108124999996 0.6407669015625 0.45608108124999996 0.6483350156250001 0.45831208593749995 0.6559031281250001 0.46787353437499996 0.6603178609375 0.4758414078125 0.6552724515625
0 0.48253442187499995 0.625 0.48062213125 0.65779515625 0.48380928125 0.6710393546875 0.4927333 0.6729313828125 0.49815145312500003 0.6565338046875 0.49815145312500003 0.6331987890625 0.49815145312500003 0.623107971875 0.48890872031250004 0.6243693234375 0.48253442187499995 0.625
0 0.5978900328125001 0.64938175625 0.6013387 0.656565184375 0.6160122390625 0.6629667 0.6170321265625 0.6538849640625 0.6129552640625 0.6436350156249999 0.61142274375 0.6316851671875 0.5991840890625 0.6256306765625 0.5978900328125001 0.64938175625
1 0.58949515625 0.5179952906249999 0.5928077859374999 0.5096641109375 0.59119496875 0.49983181875 0.5945945953125 0.49445005000000003 0.594078346875 0.4744653203125 0.5970979562500001 0.45133473906250005 0.5987975765625 0.468359409375 0.599694034375 0.503868146875 0.597561540625 0.605449040625 0.5976542578124999 0.6189034640625 0.601393846875 0.6276488390625 0.612592246875 0.6303456765625 0.6129552640625 0.62064805 0.6111401765625 0.61526048125 0.6134997906249999 0.6062811984375001 0.6185619578125 0.539858728125 0.6180520140625 0.5186680124999999 0.621111678125 0.49848637812499996 0.623491415625 0.4345778671875 0.6160122390625 0.4328960640625 0.599014109375 0.435923309375 0.5889852109375 0.43087790156250005 0.56960734375 0.422805246875 0.5735169140624999 0.4931046078125 0.579920659375 0.555638040625 0.58191725625 0.56389898125 0.583885771875 0.590312815625 0.5843957171875 0.5953582234375 0.5952436140625 0.60086230625 0.59208175 0.5233126218749999 0.58949515625 0.5179952906249999
0 0.5902666625 0.60053445625 0.5859104515625 0.5990977703125 0.5840953625 0.5990977703125 0.5797391515625 0.610950425 0.5779240625 0.62495810625 0.577198028125 0.6389657875 0.582098765625 0.6425575015625 0.5884515734375 0.6382474453125 0.595348909375 0.6170563375 0.5960749437499999 0.603407828125 0.5902666625 0.60053445625
4 0.57424881875 0.27675470468749996 0.5867820265625 0.27506373906250003 0.6192544296875 0.3021191890625 0.625653134375 0.33735206875 0.6258058796875 0.312264984375 0.6389087796874999 0.3207198109375 0.6411875453125 0.321847121875 0.63552444375 0.2758455703125 0.635775478125 0.264917946875 0.631217946875 0.24969925625 0.62124835 0.23617153124999998 0.6172605109375 0.22828035781249997 0.6138423625 0.22320746093750002 0.6109939062499999 0.2418080828125 0.6081454500000001 0.250826565625 0.606721221875 0.254772153125 0.5998849265625 0.23278959999999999 0.5998849265625 0.210807046875 0.5959123953125001 0.2231607796875 0.58422359375 0.2265874328125 0.5725397453125 0.23391691093750003 0.5688367515625 0.2536448421875 0.5571580796875 0.2959189828125 0.56570345 0.3009918796875 0.56769736875 0.30042822343750003 0.57424881875 0.27675470468749996
4 0.6269452624999999 0.4311962328125 0.6238119609375 0.37708533125 0.625521034375 0.359048365625 0.625644734375 0.33873191875 0.6092848328125 0.3934313328125 0.59390316875 0.395685953125 0.5668428328124999 0.369194159375 0.5631398390625 0.4035771265625 0.562570146875 0.41485023125 0.5645640671875001 0.4137229203125 0.5870668718750001 0.4278143 0.5944728593749999 0.433450853125 0.609854525 0.433450853125 0.6232422703125 0.43288719843749995 0.6269452624999999 0.4311962328125
3 0.615625 0.2828125 0.009375 0.01875