2 0.715625 0.546875 0.028125 0.059375
4 0.6169287453125001 0.3930110203125 0.5877595734375001 0.3635926515625 0.58905024375 0.3723262296875 0.5880177078125 0.38243879375 0.57968465625 0.4005540296875 0.572929096875 0.402676915625 0.56180229375 0.3651726015625 0.5500719703125 0.3718665671875 0.5447147015625 0.37861754375 0.5351774421875 0.4210752578125 0.5335878984375 0.46282534062499997 0.5403434578125 0.46424059843750004 0.541719971875 0.48666718124999997 0.540794046875 0.5006820203125 0.5426458984375 0.5056284343749999 0.54449775 0.5410777328124999 0.541719971875 0.564160996875 0.540794046875 0.609503125 0.5454236765625 0.6193959515625 0.5644051578125 0.627639975 0.57020644375 0.6035362203125 0.5776923359375 0.6191647296875 0.604219971875 0.6070299171875 0.6107335234375 0.5993992625 0.6185718234375 0.599610296875 0.6171868796875 0.5869883890625001 0.6185718234375 0.5790002390625 0.6120903421875 0.5691074109375001 0.61408926875 0.44541248906249997 0.619768221875 0.4233487125 0.6204236765625 0.4174173859375 0.622349565625 0.402663921875 0.621317028125 0.3994462875 0.6169287453125001 0.3930110203125
2 0.56015625 0.5390625 0.0234375 0.04609375
3 0.5515625 0.4359375 0.01640625 0.02734375
1 0.702777778125 0.62489695 0.68148148125 0.624072546875 0.6583333328125 0.6108821109375 0.64384676875 0.611608871875 0.64444444375 0.66281945625 0.6495370375 0.6826051109375 0.6518518515625 0.70321516875 0.659259259375 0.7906018140625 0.6578703703125 0.7996702390625 0.665740740625 0.9101401484375 0.6704948140625 0.9204261593749999 0.6740740734374999 0.9480626546875 0.69545091875 0.9550739531250001 0.6984118125000001 0.931724353125 0.6996807671874999 0.8880380046875 0.6907980859375 0.77204321875 0.6864506828125 0.6632549640625001 0.6907980859375 0.6688530515625 0.69254559375 0.6970206703125 0.6993177171875 0.7814349390625 0.703380990625 0.8586136984375001 0.701795690625 0.9106343921875 0.7060255390625 0.924192225 0.70729449375 0.9513078890625 0.7199840390625 0.94904825 0.7242138875 0.9482950375 0.7328703703125 0.9480626546875 0.733796296875 0.92168178125 0.728240740625 0.901896125 0.734722221875 0.858202803125 0.732673584375 0.7916267546875 0.734259259375 0.7304204453125 0.7370370375 0.6232481453125 0.7356481484375 0.6199505359375 0.702777778125 0.62489695
0 0.73194444375 0.9472382515625 0.7129629625 0.9530090687499999 0.708796296875 0.9513602640625001 0.70694444375 0.9571310796875 0.7074074078125 0.9711459187499999 0.709722221875 0.9777411375 0.727777778125 0.990931575 0.7449074078125 0.9917559765625 0.746759259375 0.9876339656249999 0.746296296875 0.9769167359375001 0.73194444375 0.9472382515625
0 0.6937589796875 0.953567528125 0.6865740734375 0.9505358609375 0.6740740734374999 0.9472382515625 0.6666666671875 0.9736191265624999 0.666203703125 0.9991755984375 0.691203703125 0.9991755984375 0.6944444437499999 0.9629018968749999 0.6937589796875 0.953567528125
0 0.590740740625 0.8845836765625 0.5824074078125 0.8862324812500001 0.5791666671875 0.8961253093750001 0.58148148125 0.924979390625 0.5921296296875 0.9282769984374999 0.6018518515625 0.9233305859375 0.602777778125 0.9109645499999999 0.6 0.8961253093750001 0.590740740625 0.8845836765625
1 0.5998118 0.60629766875 0.5902951921875 0.621297865625 0.5732076 0.6283741515625 0.539429803125 0.61705209375 0.5437932812499999 0.6186637046875 0.54333031875 0.6664790375 0.5502747625 0.7241872 0.5488858734375001 0.736553234375 0.5598298609375 0.798493103125 0.559005571875 0.8126820125 0.5623027265625 0.8209996500000001 0.5680727484375 0.8263816500000001 0.5752165828125 0.8219781953125 0.5801623140625 0.8097463765624999 0.5768651593749999 0.7754972859375 0.580711840625 0.73048419375 0.581536128125 0.8097463765624999 0.584071059375 0.8816480406249999 0.5993488375 0.8931896734375 0.603052540625 0.888243259375 0.603242396875 0.8567165593749999 0.6081451328125 0.8058030281249999 0.6113858734375001 0.6368005546875 0.615089578125 0.6030000609374999 0.5998118 0.60629766875
0 0.585897846875 0.8345598890625 0.5740542703125 0.8368195281249999 0.565594575 0.8353131015624999 0.565277778125 0.8565539984375 0.5736111109375 0.8854080796874999 0.5763888890625 0.8878812859374999 0.5870370375 0.882934871875 0.5870370375 0.8623248140625 0.585897846875 0.8345598890625
4 0.4671296296875 0.5754328109375 0.465740740625 0.5762572140625 0.4643518515625 0.6034624890625 0.45555555625000005 0.63643858125 0.447222221875 0.6422093984374999 0.415740740625 0.655399834375 0.38194444375000003 0.6603462484375 0.3759259265625 0.6603462484375 0.35694444375 0.650453421875 0.34120370312500004 0.652926628125 0.34120370312500004 0.6949711453125 0.3324074078125 0.722176421875 0.32824074062499997 0.751030503125 0.33194444375 0.813685078125 0.3416666671875 0.8483099749999999 0.34444444375 0.8730420437499999 0.3601851859375 0.9167353671875 0.36805555624999997 0.9439406437500001 0.3731481484375 0.971970321875 0.3773148140625 0.9777411375 0.3858796296875 0.97526793125 0.3916666671875 0.9802143453125 0.39305555625 0.9868095625000001 0.4092905 0.977304775 0.39127215625 0.869775234375 0.3834804390625 0.8272837234375 0.37568872343750004 0.8125417703125001 0.38153251093749996 0.803002859375 0.3776366515625 0.78826090625 0.3864023328125 0.7795891687500001 0.383967421875 0.7579098265625 0.407829553125 0.6920046234375 0.4146473046875 0.7388320046875 0.420978075 0.8004013375 0.43315263125000003 0.8732439296875001 0.4399703828125 0.9998512921874999 0.47268518593750003 0.9991755984375 0.47083333281249995 0.8722176421875 0.4675925921875 0.8285243203125001 0.46805555625000006 0.7367408625 0.47083333281249995 0.7081615828125 0.471759259375 0.6570486390625 0.47453703750000004 0.63643858125 0.4703703703125 0.5877988453125 0.4671296296875 0.5754328109375