0 0.28863398125 0.8573026390624999 0.28942469531250004 0.8695146218750001 0.2949596375 0.8737419046875001 0.306029540625 0.87421155625 0.30552734843749996 0.8562181859375 0.2952232015625 0.8563632125 0.2925875140625 0.8563632125 0.28942469531250004 0.84556030625 0.28863398125 0.8573026390624999
0 0.2659670640625 0.8483784234374999 0.2786183765625 0.8450905843750001 0.2833626046875 0.829590690625 0.2768594453125 0.8309869750000001 0.2662306296875 0.8267725374999999 0.263594940625 0.8361664390625 0.2633313765625 0.8422724125000001 0.2659670640625 0.8483784234374999
1 0.308172465625 0.8332632953125 0.3078245796875 0.8072249781249999 0.33600374843749997 0.5784598 0.300518846875 0.592718871875 0.2834722078125 0.59767855625 0.2562645609375 0.5926437921875001 0.27164390781250003 0.8221039984375 0.2820806390625 0.8301634968749999 0.296344165625 0.8332632953125 0.308172465625 0.8332632953125
1 0.40965341874999994 0.6833075015625 0.4169922125 0.7085918578125 0.41112115625 0.9335353375000001 0.4350945515625 0.943997796875 0.4497721375 0.754801165625 0.4571109296875 0.5847857640624999 0.41063191093749996 0.5673482875 0.391061796875 0.5516545640625 0.3744632984375 0.5578898625 0.3739379484375 0.6379700546875 0.35290006093750004 0.8777353640625 0.3895940234375 0.8672729046875001 0.40965341874999994 0.6833075015625
0 0.363143884375 0.8826691765625 0.3627959984375 0.9285462125 0.3732327296875 0.941565359375 0.38471314375 0.9428052593749999 0.38370094843749997 0.917157315625 0.36836225 0.9186268640625 0.364535453125 0.9136671671875 0.36697070625 0.8826691765625 0.363143884375 0.8826691765625
0 0.4360304140625 1 0.4398572109375 0.9899040640625 0.43328370625 0.9791169390625001 0.42141897500000003 0.97564496875 0.4148090671875 0.9781248171874999 0.41167804218750004 0.9520864765624999 0.40819913124999996 0.966965521875 0.41133015625 0.9948637124999999 0.42002743281250005 1 0.4360304140625 1
0 0.549806703125 0.8762816265625 0.543408125 0.8587244546875 0.5324698625 0.8577445859375 0.5305435468749999 0.8659832453125 0.5386340671875 0.8762816265625 0.549806703125 0.8762816265625
0 0.529387746875 0.8666697937500001 0.5332403765625 0.8556848625000001 0.526550046875 0.8441436359375001 0.518985653125 0.8556848625000001 0.51628879375 0.8598042046875 0.5197561687500001 0.8666697937500001 0.529387746875 0.8666697937500001
1 0.51873485 0.7607948078125 0.5259273484375 0.8389809859374999 0.5356372109375 0.855643603125 0.547504846875 0.8517983921875001 0.559012834375 0.6851720953125 0.5733978328125 0.6095494078125 0.5391679093749999 0.61343354375 0.53419870625 0.64607901875 0.52448884375 0.648642509375 0.51873485 0.7607948078125
4 0.2716924609375 0.389882209375 0.2728689953125 0.37981830781250003 0.2712218359375 0.37981830781250003 0.26745692656250003 0.391559525 0.24769113125 0.4104293515625 0.2460439890625 0.42887984062499995 0.23945538593750001 0.43810508125 0.23922008125 0.4464916671875 0.23663170781249998 0.46242617812500003 0.2443968484375 0.4771027046875 0.25710341406250004 0.4804573515625 0.25969180468749997 0.4682967953125 0.26063301875 0.5186163125000001 0.25075013125 0.5823543718749999 0.2622801796875 0.59367625 0.29381132656250003 0.591579603125 0.295693771875 0.57690309375 0.29945868125 0.595772896875 0.3366372 0.5752258015625 0.33616659375 0.5567752734375 0.3255777765625 0.5454533953125 0.328401453125 0.5014238171875001 0.3248718484375 0.47290941093749994 0.3389902703125 0.4586522234375 0.3394608765625 0.4490076515625 0.32463654375 0.39072087187500004 0.30134114375 0.38568891562499996 0.300164609375 0.3777216609375 0.2977719890625 0.3835660796875 0.2985174671875 0.41001002187499996 0.288163953125 0.43055715625 0.2771045109375 0.42552520156250007 0.2716924609375 0.389882209375
3 0.30703125 0.42890625 0.015625 0.0234375
2 0.278125 0.50390625 0.02109375 0.0453125
4 0.515513140625 0.44956570156250003 0.5246695953125 0.466222903125 0.5267679453125 0.487299371875 0.5141778312499999 0.502936746875 0.52619566875 0.5418946296875 0.5382135140625001 0.5425745171874999 0.5422194578124999 0.5636509875 0.5382135140625001 0.6132826765625 0.57369475 0.6088634078124999 0.5805620828125 0.597985240625 0.5723594249999999 0.5415546906250001 0.5694980359375 0.5116396937500001 0.57178715625 0.4939626671875 0.5740762625 0.5038210078125 0.5904815640625001 0.4956623828125 0.580943596875 0.43345280468749997 0.56587361875 0.4191751953125 0.5445181765625 0.41966836250000006 0.5353521234375 0.4437866671875 0.5303923687500001 0.41557139843749996 0.517039221875 0.43256854999999994 0.515513140625 0.44956570156250003
3 0.55390625 0.4625 0.0125 0.0203125