1 0.6921875 0.76796875 0.11171875 0.34921875
1 0.85859375 0.76328125 0.115625 0.32890625
1 0.26171875 0.73671875 0.10625 0.2578125
0 0.290625 0.8984375 0.04375 0.053125
0 0.25390625 0.88515625 0.0296875 0.0484375
0 0.66953125 0.95703125 0.04609375 0.04140625
0 0.7125 0.978125 0.04296875 0.04296875
0 0.87578125 0.94375 0.0484375 0.03515625
0 0.8109375 0.88046875 0.05078125 0.1
4 0.67265625 0.44453125 0.1953125 0.296875
4 0.853125 0.478125 0.16875 0.24296875
3 0.884375 0.4234375 0.02578125 0.028125
3 0.73203125 0.36328125 0.0234375 0.02421875
4 0.26328125 0.48671875 0.15546875 0.24453125
3 0.303125 0.446875 0.02109375 0.021875