4 0.79296875 0.5078125 0.4140625 0.296875
4 0.9319000078125 0.6603287124999999 0.8672729125 0.6464534875 0.8530952890625001 0.6567668375 0.8372631234375 0.6614726234375 0.8361177515625 0.666433775 0.842455825 0.6773030796875 0.8385105375 0.68161781875 0.854648309375 0.6947495625 0.9132174281250001 0.7093164265625 0.9390528578125 0.6996042609375 0.94180175 0.6876974984374999 0.9431761968749999 0.6817441171875 0.9433797593750001 0.6744753 0.9319000078125 0.6603287124999999
4 0.55859375 0.60859375 0.603125 0.403125
1 0.35078125 0.40078125 0.6125 0.3109375
1 0.190625 0.48515625 0.38125 0.4046875
0 0.12109375 0.4265625 0.1265625 0.0765625
4 0.5171875 0.790625 0.5109375 0.26875
2 0.434375 0.73359375 0.08125 0.0515625
2 0.43046875 0.5890625 0.10625 0.071875
2 0.78984375 0.33515625 0.065625 0.04375
2 0.72578125 0.50703125 0.1 0.046875
3 0.69765625 0.59140625 0.0625 0.0484375
3 0.96171875 0.540625 0.05 0.0390625
4 0.42890625 0.11796875 0.5734375 0.2359375
3 0.3734375 0.04765625 0.06875 0.04375
1 0.15546875 0.6890625 0.3109375 0.190625