4 0.7828125 0.38984375 0.16328125 0.29609375
4 0.475 0.39140625 0.1640625 0.2546875
4 0.321875 0.40390625 0.184375 0.31875
3 0.3859375 0.31953125 0.02421875 0.03203125
3 0.51953125 0.30703125 0.02265625 0.0265625
3 0.828125 0.33515625 0.02421875 0.02421875
2 0.7828125 0.4703125 0.034375 0.0671875
2 0.371875 0.47890625 0.040625 0.0546875
1 0.321875 0.71796875 0.1421875 0.3671875
1 0.48671875 0.6921875 0.18671875 0.3640625
1 0.77734375 0.68671875 0.1890625 0.353125
0 0.82421875 0.89140625 0.06171875 0.06484375
0 0.71796875 0.871875 0.05390625 0.059375
0 0.51796875 0.88515625 0.05703125 0.06796875
0 0.44921875 0.8984375 0.05625 0.0421875
0 0.334375 0.9125 0.0578125 0.05546875
0 0.296875 0.87890625 0.04375 0.05546875