3 0.50078125 0.64921875 0.01875 0.0125
1 0.2953125 0.30546875 0.1828125 0.065625
4 0.46015625 0.29921875 0.1765625 0.096875
4 0.3703125 0.7046875 0.2671875 0.1046875
1 0.12265625 0.6875 0.2453125 0.0875
0 0.01484375 0.7125 0.0296875 0.0375
2 0.140625 0.871875 0.0796875 0.0265625
3 0.428125 0.9109375 0.03125 0.01875
3 0.35703125 0.88984375 0.0234375 0.00625
0 0.20078125 0.29609375 0.028125 0.03125
0 0.225 0.328125 0.025 0.0328125
0 0.21171875 0.35390625 0.0390625 0.034375
0 0.1671875 0.3859375 0.040625 0.028125
0 0.228125 0.2234375 0.025 0.046875
0 0.24375 0.23671875 0.01875 0.0234375
0 0.2640625 0.25546875 0.028125 0.0203125
0 0.26328125 0.1609375 0.025 0.0203125
0 0.278125 0.1875 0.0203125 0.021875
0 0.28984375 0.1078125 0.0234375 0.015625
0 0.2828125 0.1375 0.021875 0.021875
4 0.4671875 0.16953125 0.1453125 0.071875
1 0.34921875 0.1453125 0.115625 0.0453125