4 0.5671875 0.95078125 0.1875 0.0984375
4 0.534375 0.88515625 0.165625 0.1265625
4 0.48046875 0.67578125 0.121875 0.1125
4 0.415625 0.39609375 0.1015625 0.11875
4 0.46171875 0.3390625 0.08125 0.0796875
4 0.415625 0.27578125 0.1234375 0.0953125
4 0.396875 0.20234375 0.153125 0.1234375
4 0.36171875 0.115625 0.2484375 0.23125
4 0.19453125 0.1984375 0.2171875 0.25625
4 0.28203125 0.42734375 0.1765625 0.21875
4 0.34609375 0.765625 0.1609375 0.1671875
4 0.3765625 0.8734375 0.1296875 0.13125
4 0.38203125 0.95234375 0.1484375 0.0953125
3 0.378125 0.82890625 0.01875 0.0171875
2 0.575 0.953125 0.0375 0.0375
3 0.59609375 0.928125 0.0265625 0.028125
3 0.55 0.8609375 0.025 0.0171875
3 0.5 0.6390625 0.0171875 0.0203125
3 0.37421875 0.7296875 0.0171875 0.021875
3 0.28984375 0.415625 0.021875 0.025
3 0.2078125 0.22578125 0.028125 0.0234375
3 0.39765625 0.096875 0.015625 0.0203125
3 0.4265625 0.384375 0.01875 0.025
2 0.45390625 0.67265625 0.0265625 0.0265625
2 0.49375 0.90546875 0.0296875 0.0296875
2 0.16484375 0.2625 0.0390625 0.040625
2 0.3390625 0.14296875 0.0375 0.0375
0 0.08125 0.2828125 0.065625 0.1125
0 0.04765625 0.18984375 0.065625 0.0796875
0 0.1671875 0.49609375 0.046875 0.09375
0 0.125 0.403125 0.0484375 0.0578125