4 0.6686531421875 0.97780345625 0.6795840859375 0.9711548750000001 0.6949766796875 0.9590309859374999 0.6994382953125 0.9508180296875001 0.7079153703125 0.839683353125 0.6829302984375001 0.83342586875 0.6820379875 0.8271683859375001 0.694530525 0.7450388328125 0.6994382953125 0.66009248125 0.654599046875 0.6475775140625 0.6392064703125 0.6444487578125 0.6068597578125 0.650706240625 0.5901287015625 0.662439034375 0.586336334375 0.680968365625 0.592582603125 0.737285778125 0.5968211234374999 0.7964933859375 0.5921364312499999 0.843033471875 0.5778592578125 0.8387314234375 0.5669283140625 0.8453800234375001 0.580090065625 0.9599703015625 0.6142214312500001 0.9771783968750001 0.618683046875 0.99086665625 0.6213600078125 0.985000259375 0.627160121875 0.9584059234375 0.6336294515625001 0.9525395265625001 0.6403218734375 0.9372869046875 0.6539298140625001 0.9658366984375 0.6579452578125 0.98617354375 0.6560228609375 0.9989251250000001 0.6686531421875 0.97780345625
3 0.6640625 0.90078125 0.01796875 0.02890625
4 0.5720235734375 0.907411859375 0.569388328125 0.8403615875 0.555333753125 0.7448825921875 0.578682275 0.646845125 0.5436360953125 0.639404990625 0.5148872734375 0.63724495 0.514339675 0.6986860203124999 0.5091375140625 0.7126062609375 0.5172145546875 0.7836031609375 0.5250178125 0.808083578125 0.5180359578125 0.8959947890625 0.503250846875 0.930638453125 0.5158455640625 0.9392786 0.523511925 0.9531988312499999 0.5287140859374999 0.9531988312499999 0.5287140859374999 0.940958621875 0.5326841625000001 0.93159845625 0.5381601296875 0.9459987062499999 0.5565046171875 0.973599175 0.5630757703125 0.9781592765625 0.568004146875 0.9596789546875 0.578358653125 0.956464790625 0.5720235734375 0.907411859375
3 0.5484375 0.878125 0.01875 0.02890625
2 0.6296875 0.76484375 0.01796875 0.0609375
1 0.608498871875 0.6497133828125 0.632905015625 0.6450028234375 0.6429809515625 0.64696555625 0.656191628125 0.6477506515625 0.6906737421875 0.6583493984375 0.688658534375 0.5186593 0.69559975 0.3914742765625 0.6750000640625 0.3844084609375 0.6523851703125 0.50217235 0.6615654640625 0.3541823734375 0.6407418546875 0.3451538265625 0.6243964578125001 0.41973761718749997 0.617455259375 0.4886887921875 0.599542484375 0.5780420203125 0.5914817203125 0.6259326781250001 0.589036925 0.6580964875 0.608498871875 0.6497133828125
0 0.6660514671875 0.305838665625 0.6591787546875 0.2929865234375 0.64566241875 0.28053603437499997 0.6342078984375 0.27892951250000003 0.6282515515625 0.2841507 0.6259606468750001 0.29780608750000004 0.6335206203125 0.3158793859375 0.6422260625 0.331944540625 0.6536805828125 0.329936396875 0.6587205640625 0.3170842546875 0.66395765625 0.32455538125 0.6660514671875 0.305838665625
0 0.6878150546875 0.37652533906249996 0.698353209375 0.3713041359375 0.7077459125 0.3134696203125 0.7036222953125 0.2845523234375 0.68896050625 0.2817409328125 0.6804841515625 0.3010191 0.6759869125 0.3451267890625 0.6878150546875 0.37652533906249996
1 0.51616429375 0.6362869875 0.5342040671875 0.6373966671875 0.54496464375 0.6401709109375 0.5800947421875 0.6457193859375 0.5927542390625 0.5980024265624999 0.5946531828125 0.5053427109374999 0.5946531828125 0.41601209843750003 0.586424490625 0.3444366234375 0.5617384875 0.3444366234375 0.5588900953125 0.3777275375 0.5649033609375 0.42433482656250004 0.5607890156249999 0.458735421875 0.5639538890625 0.48937251093749995 0.5535097953125 0.5653867703125 0.549078990625 0.53320555625 0.55477575 0.448868546875 0.5617384875 0.4305585703125 0.5585736125 0.40614522343750004 0.5417997703124999 0.39393857187500003 0.523759996875 0.4760561359375 0.515214821875 0.5942389 0.5135762015625 0.631426790625 0.51616429375 0.6362869875
0 0.5854493703125 0.3423023234375 0.58803383125 0.3266499921875 0.588973640625 0.311409528125 0.5852144234375001 0.2945214734375 0.5802804484374999 0.2899905359375 0.5635989078125 0.290402434375 0.5600746375 0.2986405125 0.5605445328124999 0.3184119140625 0.5634487109374999 0.3417518734375 0.5854493703125 0.3423023234375
0 0.559134828125 0.40738315625 0.5626590984375001 0.4304497859375 0.5650086125 0.4255069359375 0.5598396718750001 0.3793736765625 0.56077948125 0.3567189609375 0.5560804546875 0.341478528125 0.5417484265625 0.3311809296875 0.5365795046875 0.340242803125 0.536109590625 0.3521880234375 0.5377542609375 0.3744308421875 0.5405371265625 0.3916659359375 0.559134828125 0.40738315625
0 0.48439092031250003 0.313876090625 0.47548715625 0.3046939796875 0.4610840140625 0.30377574687500003 0.4396102453125 0.299184690625 0.4233739640625 0.3001029234375 0.4186602203125 0.3088259015625 0.41839832968749996 0.3157124859375 0.43882461250000004 0.327649259375 0.4495614953125 0.33912688125 0.4532277546875 0.3304038859375 0.4797047984375 0.343175759375 0.48439092031250003 0.313876090625
0 0.5316204203125 0.3562517203125 0.5352120453125 0.34625116718750004 0.5320429578125 0.328842771875 0.5290851421875 0.31032320625 0.5206342453125 0.30217458124999996 0.5039437234374999 0.3018041953125 0.4999295609375 0.306989678125 0.5028873609375 0.3214349453125 0.5092255328124999 0.3458807671875 0.5206342453125 0.35143663593749996 0.5263386109375 0.3469919375 0.52591605625 0.340695296875 0.5291145046875 0.3409975703125 0.5316204203125 0.3562517203125
1 0.4590005203125 0.6299223359375 0.49219915625 0.6178624546875 0.511938884375 0.62048416875 0.525098709375 0.42860236875 0.530781365625 0.4086773234375 0.52928593125 0.3887522796875 0.5334731515625 0.37302199375 0.531080446875 0.3562430390625 0.51044345 0.3473292265625 0.4736557796875 0.5271788203125001 0.47844116562499994 0.3447075125 0.4491306453125 0.34051275312499996 0.4464388578125 0.3981904671875 0.4422516609375 0.43437013125 0.43447538437500005 0.4763175609375 0.4308863515625 0.534519609375 0.43868417656250003 0.6205984078125 0.4590005203125 0.6299223359375
4 0.495165178125 0.941222909375 0.5009175375 0.9339619156250001 0.519555175 0.8887823515625 0.525307534375 0.8057220796875001 0.517944521875 0.78595603125 0.5096611296875 0.7141527875 0.514263015625 0.70366465 0.5156435796875 0.630247890625 0.5117319640625 0.6181462234375 0.497005940625 0.6173394578125 0.465483003125 0.6278275640625 0.45719960937500004 0.6278275640625 0.4560491390625 0.617742840625 0.44546480156249996 0.6262140015625 0.43879206249999997 0.7293360578125 0.44891621718749997 0.878424365625 0.454668575 0.9183598765625 0.4514472515625 0.921183603125 0.46019084374999997 0.9373191593750001 0.46341215 0.9163429328125 0.4879390859375 0.9651273203124999 0.495165178125 0.941222909375
0 0.37112252031250004 0.176084203125 0.3701545828125 0.1548725875 0.35757143125 0.1468121828125 0.35732945156249996 0.15402412031249998 0.3524897828125 0.14766063437500002 0.3343410203125 0.13111558437499998 0.30893275625 0.1251763265625 0.2985274859375 0.13069135781250002 0.2857023453125 0.13960023125 0.2881221796875 0.14766063437500002 0.2997373953125 0.1552968296875 0.3157083 0.1752357359375 0.3256296203125 0.1981442875 0.338212753125 0.20238660937500003 0.34377838125000004 0.1926292703125 0.35757143125 0.192205028125 0.36642421718749996 0.20704482343750003 0.37112252031250004 0.176084203125