3 0.63125 0.42109375 0.02578125 0.03828125
4 0.25736950468750003 0.5086393625000001 0.25736950468750003 0.565478253125 0.262426634375 0.6139204890625 0.24147566718750002 0.6604250359375 0.24797769062500002 0.6649463109375 0.2523123734375 0.6610709328125 0.2551617828125 0.6478679781250001 0.257730728125 0.6429858312500001 0.2574798140625 0.645317315625 0.2565882640625 0.65424463125 0.251228703125 0.672051171875 0.2799468890625 0.68804089375 0.3091897484375 0.695692878125 0.3133591609375 0.577104390625 0.3162489484375 0.5357670156250001 0.332865234375 0.5493308406249999 0.33351164375 0.5441930046875 0.33351164375 0.5226698265625 0.3325857171875 0.4953519453125 0.3288820140625 0.46389499218749997 0.32193756875 0.4489943296875 0.3075857171875 0.4316102234375 0.3006308640625 0.41193180468749996 0.299561003125 0.42340978125 0.2886042359375 0.44485525625 0.2792336484375 0.4562495453125 0.2770301625 0.44485525625 0.274252384375 0.42250426250000006 0.2745975859375 0.41352596718749995 0.2729927953125 0.4154389640625 0.2701398328125 0.42372861406249995 0.2645301625 0.425815521875 0.255270903125 0.42747115 0.2483264578125 0.43409366718750003 0.2441597921875 0.43988836875 0.23397460625000002 0.4705175078125 0.23351164375 0.47465658125 0.24230793906249998 0.48541817031249995 0.2476164671875 0.49765912187500005 0.25736950468750003 0.5086393625000001
3 0.2921875 0.48828125 0.01484375 0.0234375
3 0.059375 0.36640625 0.01953125 0.03828125
1 0.559722221875 0.9147351 0.5671296296875 0.903973509375 0.5700108203124999 0.8881076609375 0.575 0.8741721859375 0.58194444375 0.8203642390624999 0.5824074078125 0.7822847687500001 0.5916842359375 0.70531895625 0.5995370375 0.7731788078124999 0.602777778125 0.788907284375 0.603243390625 0.8073706015625 0.6017984968750001 0.8248098046875001 0.603243390625 0.8370818390625001 0.6013888890625 0.850993378125 0.6036046140625 0.8590423203125 0.6018518515625 0.8700331125 0.6041666671875 0.8766556296875001 0.60577195625 0.8777733171875 0.6021597203125 0.8926289359374999 0.6043270609375 0.9042550734375 0.6004629625 0.931291390625 0.5990740734375 0.9991721859375 0.63055555625 0.9991721859375 0.633796296875 0.9403973515624999 0.6393518515625 0.8973509937499999 0.6393518515625 0.845198675 0.6416666671875 0.8336092718750001 0.64398148125 0.696192053125 0.6421296296875 0.673841059375 0.6370370375000001 0.6713576156250001 0.6175925921875 0.6721854296875 0.6074074078125 0.678807946875 0.5939814812499999 0.681291390625 0.5731481484375001 0.666390728125 0.5666666671875 0.6697019875 0.5518518515624999 0.7483443703125 0.5486111109375 0.7516556296875 0.5458333328125 0.7632450328125 0.5393518515625 0.771523178125 0.541112934375 0.8261015984375 0.5407391125000001 0.8583038921874999 0.5314858234375001 0.8758836109375 0.5288313312499999 0.9016714875 0.5201619656250001 0.93719579375 0.51618850625 0.9636775484375001 0.5078703703125 0.9817880796875 0.5069444437499999 0.9991721859375 0.5365740734375 0.9991721859375 0.5425925921875 0.968543046875 0.559722221875 0.9147351
3 0.475 0.55703125 0.00703125 0.01640625
1 0.234259259375 0.7996688734374999 0.245270815625 0.8487079765625 0.24490959218750002 0.8480620796875 0.24707693437499997 0.8667930765625 0.2640544421875 0.8558128375 0.25971975937499997 0.77895115625 0.25502385312500003 0.766679121875 0.2582748640625 0.7544070890625 0.2618871015625 0.736967884375 0.2626095484375 0.7137156109375 0.2698340203125 0.6872338546875 0.2712789140625 0.7705545015624999 0.2712789140625 0.7854101203125 0.268389125 0.8041411187499999 0.2691115734375 0.8493538718750001 0.26203703749999996 0.8899006625 0.262248325 0.9068386593750001 0.2828703703125 0.9056291390625001 0.2916666671875 0.8617549671875 0.303240740625 0.7168874171875 0.302777778125 0.6970198671875 0.2671296296875 0.6829470203125 0.24398148125 0.663907284375 0.2356481484375 0.66721854375 0.22916666718749998 0.6928807953125 0.22576474218749998 0.727925334375 0.22916666718749998 0.740066225 0.22916666718749998 0.7591059609374999 0.234259259375 0.7996688734374999
0 0.24814814843750002 0.928807946875 0.252777778125 0.918874171875 0.2601851859375 0.8899006625 0.2673054546875 0.8661471796875 0.2633319953125 0.8590423203125 0.2476851859375 0.8683774828124999 0.24398148125 0.8733443703124999 0.234259259375 0.903973509375 0.23194444375 0.91721854375 0.23194444375 0.9271523171875 0.23611111093749998 0.9337748343750001 0.240277778125 0.9346026484375001 0.24814814843750002 0.928807946875
0 0.28148148125 0.9428807953125 0.2828703703125 0.931291390625 0.28055555625 0.9089403968750001 0.26342592656249997 0.90728476875 0.2601851859375 0.9197019875000001 0.259722221875 0.938741721875 0.26342592656249997 0.9470198671875 0.271759259375 0.9478476828125 0.28148148125 0.9428807953125
4 0.438550521875 0.6774989125 0.4356481484375 0.7442052984374999 0.4395615890625 0.7611128546875 0.4388888890625 0.7905629140625 0.44208925781249997 0.7950103984375 0.4516542515625 0.7897754375 0.45516306406249996 0.729544709375 0.4531981296875 0.7250274046875 0.4557244734375 0.7180004859375 0.4572552703125 0.691961865625 0.45516306406249996 0.7890225531249999 0.458110465625 0.8023235062499999 0.4677947859375 0.804582159375 0.470040425 0.796300434375 0.47074218749999996 0.7875167859375 0.47407407343749997 0.76738410625 0.4796296296875 0.6605960265624999 0.45277777812500003 0.6432119203125 0.43379629687500004 0.6506622515625 0.4328703703125 0.653973509375 0.43518518593750005 0.6572847687500001 0.4361111109375 0.6705298015625 0.438550521875 0.6774989125
0 0.43916959375 0.821192053125 0.4405584828125 0.821192053125 0.4410214453125 0.8220198671875 0.44426218593750005 0.8220198671875 0.4465770015625 0.8203642390624999 0.44842885312499997 0.8170529796875 0.4498177421875 0.8120860921874999 0.45166959375 0.8087748343750001 0.4530584828125 0.803807946875 0.4530584828125 0.8013245031249999 0.45137354687500003 0.7902773609375 0.44426218593750005 0.793874171875 0.441484409375 0.7955298015625 0.4404260546875 0.8010687000000001 0.43731774218749997 0.8079470203125 0.436075128125 0.812863884375 0.43639181562499996 0.8170529796875 0.43916959375 0.821192053125
0 0.46388888906250003 0.8228476828125 0.4675925921875 0.8220198671875 0.46898148125 0.8195364234375001 0.46987764375 0.81682285625 0.46851851875 0.8145695359375 0.4675925921875 0.803807946875 0.4606481484375 0.8021523171875 0.4578703703125 0.8013245031249999 0.45694444375 0.803807946875 0.45601851875 0.8087748343750001 0.45601851875 0.818708609375 0.4578703703125 0.8220198671875 0.46388888906250003 0.8228476828125