4 0.80546875 0.2734375 0.2265625 0.5421875
3 0.77265625 0.1625 0.03359375 0.0546875
2 0.5640625 0.28515625 0.03203125 0.07265625
4 0.4421875 0.25859375 0.134375 0.290625
3 0.41953125 0.19609375 0.01328125 0.02109375
4 0.359619140625 0.3369140625 0.360107421875 0.3414713546875 0.362060546875 0.341796875 0.364990234375 0.3382161453125 0.369384765625 0.328125 0.376953125 0.3170572921875 0.38525390625 0.3020833328125 0.38623046875 0.26953125 0.38916015625 0.2584635421875 0.388427734375 0.220703125 0.389404296875 0.2060546875 0.388671875 0.20442708281250002 0.369384765625 0.22819010468749998 0.3642578125 0.24381510468749998 0.36083984375 0.25 0.359619140625 0.2604166671875 0.36083984375 0.2718098953125 0.360595703125 0.2854817703125 0.359375 0.2942708328125 0.359619140625 0.3369140625
2 0.39921875 0.25 0.0109375 0.04140625
3 0.378125 0.265625 0.01015625 0.01875
2 0.70703125 0.37734375 0.02265625 0.0828125
1 0.746875 0.76171875 0.18125 0.4765625
0 0.79140625 0.9375 0.09921875 0.09375
1 0.58203125 0.7109375 0.19140625 0.4484375
0 0.63359375 0.8796875 0.08515625 0.06015625
1 0.4140625 0.51484375 0.16953125 0.30234375
4 0.21044921875 0.3388671875 0.2119140625 0.3385416671875 0.213134765625 0.3330078125 0.216064453125 0.3294270828125 0.221435546875 0.3349609375 0.2216796875 0.3401692703125 0.2177734375 0.3681640625 0.216064453125 0.3714192703125 0.209228515625 0.3714192703125 0.207275390625 0.3733723953125 0.208984375 0.37890625 0.2080078125 0.3824869796875 0.2060546875 0.384765625 0.204345703125 0.3912760421875 0.201904296875 0.416015625 0.199462890625 0.4303385421875 0.2021484375 0.43359375 0.20751953125 0.4358723953125 0.209228515625 0.4361979171875 0.210693359375 0.4339192703125 0.21484375 0.4326171875 0.21484375 0.4345703125 0.216552734375 0.4375 0.2421875 0.4407552078125 0.2431640625 0.4391276046875 0.245849609375 0.4140625 0.25732421875 0.357421875 0.26123046875 0.3291015625 0.26171875 0.318359375 0.264404296875 0.3069661453125 0.264892578125 0.296875 0.27197265625 0.2884114578125 0.2724609375 0.2854817703125 0.274658203125 0.2825520828125 0.279052734375 0.2884114578125 0.279541015625 0.2919921875 0.28369140625 0.3011067703125 0.28369140625 0.3134765625 0.281005859375 0.3291015625 0.285888671875 0.34765625 0.287841796875 0.3466796875 0.28857421875 0.34375 0.291015625 0.3203125 0.291748046875 0.28125 0.2900390625 0.24544270781250002 0.286376953125 0.21484375 0.282958984375 0.1962890625 0.27978515625 0.1861979171875 0.2744140625 0.1780598953125 0.260986328125 0.1640625 0.25634765625 0.1552734375 0.2548828125 0.1494140625 0.25341796875 0.1484375 0.244140625 0.16015625 0.232666015625 0.1806640625 0.227294921875 0.1858723953125 0.22509765625 0.1829427078125 0.225341796875 0.1744791671875 0.22412109375 0.1692708328125 0.22265625 0.1686197921875 0.22119140625 0.1702473953125 0.218994140625 0.1780598953125 0.21044921875 0.1959635421875 0.210205078125 0.20735677031250002 0.2080078125 0.220703125 0.20751953125 0.2692057296875 0.20947265625 0.2874348953125 0.209716796875 0.3365885421875 0.21044921875 0.3388671875
1 0.199462890625 0.5517578125 0.1982421875 0.6253255203125 0.194580078125 0.6471354171875 0.197998046875 0.6578776046875 0.199951171875 0.6604817703125 0.202880859375 0.6611328125 0.2080078125 0.6585286453125 0.211669921875 0.6549479171875 0.219482421875 0.6526692703125 0.222412109375 0.6497395828125 0.22412109375 0.6455078125 0.227783203125 0.6259765625 0.23193359375 0.5852864578125 0.232666015625 0.5442708328125 0.241943359375 0.5065104171875 0.24609375 0.484375 0.247802734375 0.4801432296875 0.25 0.4827473953125 0.256103515625 0.5078125 0.26708984375 0.5315755203125 0.276123046875 0.5462239578125 0.28564453125 0.556640625 0.293212890625 0.5725911453125 0.30029296875 0.5836588546875 0.309326171875 0.6009114578125 0.321044921875 0.615234375 0.328125 0.6272786453125 0.330322265625 0.62890625 0.3330078125 0.6272786453125 0.339599609375 0.6064453125 0.338623046875 0.59765625 0.3310546875 0.5745442703125 0.31884765625 0.5494791671875 0.3095703125 0.5237630203125 0.299072265625 0.505859375 0.29345703125 0.4915364578125 0.2900390625 0.486328125 0.28857421875 0.474609375 0.28759765625 0.4521484375 0.290771484375 0.4462890625 0.290283203125 0.4453125 0.285400390625 0.4436848953125 0.269775390625 0.4436848953125 0.2626953125 0.4456380203125 0.2578125 0.4488932296875 0.247802734375 0.4508463546875 0.24267578125 0.4440104171875 0.23583984375 0.4391276046875 0.21630859375 0.4371744796875 0.2138671875 0.4358723953125 0.206787109375 0.4365234375 0.200927734375 0.43359375 0.19921875 0.4371744796875 0.1982421875 0.4527994796875 0.198974609375 0.4765625 0.200927734375 0.4921875 0.201171875 0.5120442703125 0.199462890625 0.5517578125
4 0.35888671875 0.4241536453125 0.365966796875 0.4248046875 0.36962890625 0.4055989578125 0.373779296875 0.3932291671875 0.375 0.3854166671875 0.37646484375 0.3834635421875 0.376953125 0.3736979171875 0.3759765625 0.3727213546875 0.36962890625 0.3759765625 0.366943359375 0.373046875 0.36279296875 0.3772786453125 0.359619140625 0.3766276046875 0.35888671875 0.3776041671875 0.35400390625 0.3740234375 0.349609375 0.3733723953125 0.345458984375 0.3782552078125 0.33837890625 0.3951822921875 0.33740234375 0.3990885421875 0.337890625 0.4029947921875 0.34619140625 0.412109375 0.35888671875 0.4241536453125
0 0.3359375 0.67265625 0.075 0.03359375
0 0.47421875 0.6734375 0.06484375 0.0390625
0 0.19296875 0.6828125 0.0734375 0.04375
0 0.43515625 0.628125 0.04609375 0.034375