4 0.5578125 0.2328125 0.3125 0.465625
4 0.6828125 0.16484375 0.1390625 0.271875
1 0.45078125 0.6578125 0.259375 0.484375
1 0.609375 0.46484375 0.1703125 0.390625
0 0.4078125 0.9296875 0.071875 0.1171875
0 0.46328125 0.8046875 0.05 0.109375
0 0.378125 0.7203125 0.040625 0.040625
0 0.3453125 0.65234375 0.0328125 0.0421875
0 0.53984375 0.6640625 0.0453125 0.053125
0 0.5890625 0.5765625 0.065625 0.125
0 0.29609375 0.3875 0.0265625 0.0328125
3 0.7171875 0.053125 0.025 0.025
3 0.64375 0.1265625 0.0265625 0.0375
2 0.58671875 0.3171875 0.0375 0.071875
3 0.22890625 0.0828125 0.0046875 0.009375
4 0.3390625 0.16953125 0.1109375 0.15625