4 0.2609375 0.49140625 0.11875 0.228125
4 0.33515625 0.515625 0.06484375 0.1765625
4 0.48046875 0.515625 0.07265625 0.134375
4 0.27890625 0.71171875 0.125 0.1734375
4 0.36875 0.68984375 0.07109375 0.15859375
4 0.45234375 0.7 0.09140625 0.1625
4 0.7046875 0.6828125 0.13359375 0.18125
4 0.8921875 0.728125 0.1875 0.234375
4 0.921875 0.49609375 0.1546875 0.29296875
4 0.6984375 0.5140625 0.09375 0.10546875
3 0.94296875 0.43125 0.00859375 0.0203125
3 0.70703125 0.49453125 0.01640625 0.02265625
3 0.86796875 0.71953125 0.01640625 0.0328125
3 0.70859375 0.67734375 0.01640625 0.0203125
3 0.4671875 0.66171875 0.01328125 0.01875
2 0.2765625 0.478125 0.01875 0.0328125
3 0.29296875 0.44453125 0.01328125 0.02421875
3 0.34609375 0.490625 0.01171875 0.01640625
3 0.5015625 0.48203125 0.0109375 0.0140625
3 0.29453125 0.6953125 0.01171875 0.01875
0 0.3671875 0.8421875 0.03671875 0.0421875
0 0.675 0.85390625 0.071875 0.03671875
0 0.7515625 0.8796875 0.03984375 0.05546875
0 0.853125 0.9125 0.08671875 0.0453125
0 0.9296875 0.92578125 0.05 0.046875
2 0.33671875 0.56484375 0.01875 0.0359375
2 0.490625 0.55 0.015625 0.02578125
2 0.91328125 0.52578125 0.0234375 0.03984375
2 0.85234375 0.79453125 0.0296875 0.04375