4 0.9046875 0.2546875 0.1234375 0.2609375
4 0.80390625 0.2953125 0.090625 0.2203125
1 0.90234375 0.49765625 0.103125 0.2609375
4 0.69765625 0.275 0.109375 0.1984375
1 0.69609375 0.45625 0.1 0.1859375
1 0.8 0.46875 0.1 0.1828125
3 0.69453125 0.2375 0.0125 0.015625
3 0.79765625 0.2578125 0.015625 0.01875
3 0.890625 0.19765625 0.0171875 0.0203125
0 0.85234375 0.6390625 0.0625 0.053125
0 0.92578125 0.59375 0.05625 0.04375
0 0.81640625 0.58515625 0.0578125 0.046875
0 0.70390625 0.55234375 0.05625 0.0328125