4 0.80390625 0.4125 0.19453125 0.56640625
4 0.36171875 0.4453125 0.16484375 0.39609375
1 0.32734375 0.7609375 0.1328125 0.32421875
0 0.2671875 0.94375 0.06796875 0.08515625
0 0.36328125 0.94375 0.05078125 0.0796875
2 0.353125 0.45625 0.03125 0.0515625
3 0.3734375 0.340625 0.02109375 0.03203125
4 0.48828125 0.5046875 0.05703125 0.10703125
1 0.4921875 0.63125 0.0453125 0.12890625
0 0.48046875 0.70625 0.0125 0.01953125
0 0.49296875 0.70546875 0.0140625 0.01953125
3 0.85859375 0.3234375 0.01875 0.04609375