4 0.075 0.53984375 0.14921875 0.15546875
4 0.19140625 0.56015625 0.09296875 0.1078125
4 0.3578125 0.5515625 0.096875 0.10078125
4 0.0859375 0.69921875 0.140625 0.0953125
4 0.2328125 0.67421875 0.09296875 0.103125
4 0.315625 0.67578125 0.1078125 0.0953125
4 0.6015625 0.6515625 0.09765625 0.09609375
4 0.6859375 0.684375 0.09140625 0.11953125
4 0.7703125 0.6796875 0.09765625 0.103125
4 0.90234375 0.6921875 0.1953125 0.14375
4 0.9125 0.54375 0.175 0.184375
4 0.7734375 0.5453125 0.0875 0.13984375
4 0.67578125 0.56015625 0.11484375 0.10625
3 0.74140625 0.49453125 0.0140625 0.015625
3 0.6890625 0.5359375 0.025 0.015625
3 0.94296875 0.5046875 0.01171875 0.0140625
3 0.9015625 0.690625 0.01328125 0.01484375
3 0.7046875 0.66796875 0.0171875 0.01171875
3 0.6234375 0.640625 0.01484375 0.01484375
3 0.35 0.66171875 0.021875 0.0140625
3 0.2640625 0.653125 0.0140625 0.01328125
2 0.0828125 0.534375 0.02109375 0.02265625
3 0.1046875 0.51015625 0.02109375 0.01328125
3 0.221875 0.5375 0.01875 0.0125
3 0.11328125 0.70234375 0.0171875 0.01484375
0 0.83828125 0.8171875 0.1125 0.0359375
0 0.95078125 0.82890625 0.0671875 0.0375
0 0.7890625 0.79296875 0.0671875 0.0375
0 0.30390625 0.759375 0.03359375 0.0328125
0 0.4375 0.7671875 0.03515625 0.0359375
2 0.24921875 0.70078125 0.02265625 0.0265625
2 0.18828125 0.59140625 0.021875 0.02265625
2 0.36796875 0.5890625 0.02578125 0.0234375
2 0.60546875 0.68828125 0.02109375 0.0203125
2 0.6671875 0.575 0.02578125 0.025
2 0.76640625 0.54765625 0.01640625 0.0171875