4 0.4171875 0.95546875 0.246875 0.0890625
4 0.40859375 0.85703125 0.29375 0.2046875
4 0.41484375 0.703125 0.165625 0.096875
4 0.20546875 0.571875 0.18125 0.1265625
4 0.19140625 0.4890625 0.184375 0.1265625
4 0.27109375 0.2390625 0.215625 0.171875
4 0.30859375 0.3296875 0.2 0.11875
4 0.346875 0.4078125 0.184375 0.125
4 0.35703125 0.55234375 0.1796875 0.1203125
3 0.2984375 0.20859375 0.028125 0.0234375
3 0.21875 0.46875 0.025 0.01875
3 0.39453125 0.53359375 0.0171875 0.015625
4 0.4109375 0.50078125 0.0203125 0.0171875
3 0.44765625 0.95390625 0.0296875 0.0171875
3 0.45546875 0.81015625 0.025 0.01875
3 0.33359375 0.2953125 0.0265625 0.0171875
3 0.40546875 0.26484375 0.0171875 0.015625
3 0.22578125 0.54453125 0.0171875 0.0109375
3 0.4453125 0.6671875 0.0171875 0.0140625
3 0.5046875 0.7234375 0.01875 0.0140625
0 0.08359375 0.8859375 0.04375 0.0578125
0 0.109375 0.865625 0.05625 0.0421875
0 0.1203125 0.80859375 0.059375 0.0703125
0 0.10859375 0.70546875 0.0546875 0.0375
0 0.10546875 0.68203125 0.046875 0.0359375
1 0.24609375 0.80390625 0.215625 0.1046875
0 0.153125 0.77734375 0.0390625 0.025
0 0.15 0.7390625 0.0421875 0.0359375
1 0.2234375 0.66484375 0.228125 0.11875
1 0.2546875 0.7359375 0.1875 0.090625
1 0.19453125 0.9078125 0.2140625 0.1328125
1 0.1765625 0.440625 0.2015625 0.0984375
2 0.28984375 0.42890625 0.0453125 0.0265625
2 0.28984375 0.3296875 0.0359375 0.028125