3 0.0296875 0.7515625 0.05390625 0.07890625
4 0.059375 0.4796875 0.11328125 0.23515625
3 0.08984375 0.43671875 0.01484375 0.025
4 0.1890625 0.490625 0.11015625 0.246875
3 0.20390625 0.4328125 0.0171875 0.0265625
3 0.01875 0.3796875 0.0109375 0.01875
4 0.0953125 0.32578125 0.05 0.128125
3 0.09921875 0.315625 0.00546875 0.0140625
4 0.27734375 0.37734375 0.06328125 0.1328125
3 0.2828125 0.33046875 0.00703125 0.0125
3 0.3296875 0.34453125 0.0046875 0.01015625
4 0.5015625 0.42578125 0.075 0.2375
4 0.46171875 0.4046875 0.05078125 0.1671875
3 0.47578125 0.3578125 0.0078125 0.01875
3 0.50390625 0.38203125 0.0078125 0.02109375
2 0.17421875 0.575 0.02265625 0.05078125
4 0.33125 0.69453125 0.18046875 0.61015625
1 0.17734375 0.75078125 0.09375 0.31328125
1 0.475 0.6421875 0.07109375 0.21796875
0 0.20078125 0.9328125 0.03984375 0.04375
1 0.28203125 0.51328125 0.05546875 0.13203125
0 0.484375 0.75703125 0.04609375 0.046875
0 0.24921875 0.7015625 0.03984375 0.03984375
4 0.5953125 0.51640625 0.11640625 0.4671875
4 0.67890625 0.4484375 0.07578125 0.23984375