4 0.52109375 0.8359375 0.5765625 0.328125
4 0.51015625 0.56875 0.296875 0.190625
4 0.4625 0.64453125 0.1671875 0.1015625
4 0.54453125 0.359375 0.190625 0.115625
4 0.53203125 0.4078125 0.1921875 0.096875
4 0.52265625 0.46328125 0.178125 0.10625
1 0.39140625 0.309375 0.2109375 0.1265625
1 0.37734375 0.42265625 0.165625 0.0859375
1 0.32578125 0.60546875 0.15625 0.0890625
1 0.265625 0.503125 0.2953125 0.165625
0 0.28515625 0.2390625 0.0484375 0.0421875
0 0.27421875 0.2984375 0.040625 0.025
0 0.2890625 0.38046875 0.0484375 0.04375
0 0.3 0.29765625 0.0421875 0.0453125
0 0.165625 0.44375 0.065625 0.0484375
0 0.1078125 0.4828125 0.0578125 0.0609375
0 0.25625 0.58125 0.0375 0.0234375
0 0.24296875 0.5890625 0.040625 0.0265625
3 0.5 0.659375 0.0171875 0.0109375
3 0.55234375 0.6125 0.0234375 0.015625
3 0.559375 0.48046875 0.0140625 0.009375
3 0.57578125 0.41328125 0.015625 0.0125
3 0.57890625 0.38046875 0.0171875 0.0125