2 0.459375 0.68515625 0.0453125 0.0265625
2 0.528125 0.50078125 0.0375 0.025
4 0.54921875 0.34140625 0.2453125 0.134375
3 0.5 0.32890625 0.0234375 0.01875
2 0.64453125 0.3171875 0.0484375 0.025
4 0.52578125 0.26328125 0.2515625 0.13125
2 0.57109375 0.23359375 0.046875 0.021875
3 0.47421875 0.24609375 0.0234375 0.015625
0 0.81875 0.6671875 0.040625 0.0765625
0 0.7765625 0.578125 0.0578125 0.05
0 0.8234375 0.528125 0.034375 0.034375
0 0.9265625 0.39765625 0.04375 0.0578125
0 0.89921875 0.2625 0.0546875 0.065625
1 0.70234375 0.5328125 0.1984375 0.1125
1 0.78046875 0.36171875 0.2796875 0.1453125