4 0.39827643125 0.2180815640625 0.3865918625 0.22611339375 0.3635768234375 0.242649471875 0.35897383125000004 0.251153728125 0.3352506484375 0.3187154125 0.326398709375 0.33430656718749996 0.34233219843749996 0.3602918328125 0.363930921875 0.37304827500000004 0.3784480953125 0.346590521875 0.38765410624999996 0.3914741609375 0.3841133296875 0.4042305671875 0.3848214734375 0.4316331875 0.392611196875 0.4448620640625 0.39225712343749997 0.4547837046875 0.3823429421875 0.4566735484375 0.3717206171875 0.46470534375000006 0.35932790312499996 0.4902181546875 0.391548953125 0.514313575 0.41385584687500004 0.5209280140625 0.43049748125000004 0.519983109375 0.4963558953125 0.4888007984375 0.49670999531250004 0.43116073593750004 0.5052078343749999 0.38438727031250003 0.4917529046875 0.3673787234375 0.5020211578125 0.273359321875 0.5094567796875 0.2563507734375 0.525744340625 0.23509010312499998 0.4945855078125 0.20579762812500002 0.4609481421875 0.19871073749999998 0.43828720312499997 0.19682089375 0.432621940625 0.2180815640625 0.4241241015625 0.2355625828125 0.4195210828125 0.25824061875000004 0.4081906125 0.2251684546875 0.40451912968750003 0.20315642656250002 0.39827643125 0.2180815640625
3 0.39296875 0.28671875 0.0171875 0.02734375
4 0.53040218125 0.2293701109375 0.5266663874999999 0.2360165453125 0.50508181875 0.26149442343749996 0.5005158625 0.296941940625 0.49594990625 0.3528825328125 0.49138395 0.3706062921875 0.5046667375 0.38556071406250003 0.5225155125 0.39386872500000003 0.520440075 0.46697921718749996 0.5137986812500001 0.47473336718750003 0.503836575 0.5367664921874999 0.56111863125 0.5483976968750001 0.6648905078125 0.5345510140624999 0.6640603453125 0.49467258437500006 0.6528529953125 0.45756344687499995 0.6345891390625 0.5162734171875 0.6138347625 0.5007651156249999 0.6159102015625 0.45386019062500005 0.6362494953125 0.4278284015625 0.6379098203125 0.38850382968749997 0.6370796578125 0.3552717890625 0.6495322828125001 0.330347759375 0.6939466328125 0.3048698703125 0.6565887578125 0.22455910625 0.6341740578125 0.209604684375 0.6038726578125 0.1985273375 0.5988916203125 0.190219328125 0.59058986875 0.1868961421875 0.57979756875 0.209050825 0.573156175 0.22843618281250003 0.55904319375 0.24671379999999998 0.5442615375 0.2270908171875 0.53040218125 0.2293701109375
3 0.5234375 0.29140625 0.01953125 0.0296875
2 0.59375 0.42421875 0.04375 0.0703125
2 0.41171875 0.421875 0.03359375 0.05546875
0 0.48839662500000003 0.8495077359375 0.47995780625 0.8628691984374999 0.473101265625 0.8642756687500001 0.46624472499999997 0.8600562593750001 0.46624472499999997 0.851617440625 0.4493670890625 0.8495077359375 0.44620253125 0.861462728125 0.43565400781249997 0.87763713125 0.42932489374999994 0.883263009375 0.41297468281249994 0.8888888890625 0.41086497812499995 0.9015471171874999 0.42088607656250004 0.9071729953125001 0.43723628750000004 0.9099859359375 0.4852320671875 0.8966244718749999 0.49367088593749997 0.890295359375 0.493143459375 0.8642756687500001 0.48839662500000003 0.8495077359375
0 0.5870253171875001 0.8790435999999999 0.5733122359375 0.8846694796874999 0.5601265828125 0.8846694796874999 0.558016878125 0.886779184375 0.5532700421875 0.8804500703125001 0.546940928125 0.8811533046875001 0.53691983125 0.8980309421875001 0.5195147671875 0.913502109375 0.5058016875 0.9205344578125001 0.5047468359375 0.9247538671875001 0.5131856546875 0.9324894515625 0.529535865625 0.935302390625 0.552215190625 0.933895921875 0.5701476796875 0.9184247531249999 0.5843881859375 0.9198312234375001 0.592299578125 0.91631505 0.5907173 0.8924050640625 0.5870253171875001 0.8790435999999999
0 0.6582278484375 0.8748241906249999 0.640295359375 0.8811533046875001 0.623417721875 0.8797468359374999 0.6202531640625 0.9057665265624999 0.62236286875 0.9240506328125001 0.6255274265625 0.9261603375 0.65031645625 0.926863571875 0.6582278484375 0.9226441624999999 0.6624472578125 0.912095640625 0.6613924046874999 0.8853727140625001 0.6582278484375 0.8748241906249999
1 0.6289585718749999 0.5441229359374999 0.574605471875 0.54876458125 0.546776678125 0.5458635640625 0.5189479171875 0.5383209 0.507642446875 0.5383209 0.5124255453125001 0.6590032484375 0.5098165703124999 0.6793103734375 0.5145996687500001 0.71702360625 0.5341667859375 0.8040541187500001 0.5454722234375 0.8730983531250001 0.5702572234375001 0.8725181578125 0.5863457609375 0.86149428125 0.5928681328125001 0.8406069609375001 0.5863457609375 0.750095190625 0.5776492656250001 0.7013581046875 0.5789537203124999 0.6740885328124999 0.5837367859375 0.6613240499999999 0.5824323312499999 0.6265118359375 0.5885198859375 0.6091057281250001 0.6050432078125 0.727467265625 0.6085218203125 0.784907428125 0.62287101875 0.873678546875 0.6393943734375 0.8818014062499999 0.658961490625 0.8730983531250001 0.6724410515625 0.772142921875 0.6654838625 0.729275946875 0.658961490625 0.67995864375 0.670266928125 0.5598564781250001 0.6655638484375 0.539417840625 0.6289585718749999 0.5441229359374999
1 0.4879483890625 0.53541988125 0.493166275 0.4919046140625 0.44011766249999995 0.5185939687500001 0.41794157031249995 0.5255564390624999 0.3883735046875 0.5139523453125 0.3861993796875 0.524396015625 0.39924412343750004 0.6009828921875 0.424029125 0.7234058796875 0.43272562031249995 0.7779449578125 0.44620518281250005 0.8469891921875 0.4670767859375 0.8510506437500001 0.48533941406250003 0.842927784375 0.4657722984375 0.7065799234375 0.470990215625 0.711801809375 0.483165290625 0.785487621875 0.49142696875 0.788388640625 0.5066458359375 0.7808459765625 0.512733390625 0.765180496875 0.5057762 0.732108934375 0.5014279515625 0.6862727984375 0.49621003437500005 0.6468189609375 0.4875135390625 0.6294128531250001 0.48577426562500003 0.6131671578125 0.4905176125 0.5720351515625001 0.4879483890625 0.53541988125