4 0.53828125 0.4109375 0.1828125 0.346875
1 0.57265625 0.76640625 0.1640625 0.465625
0 0.6171875 0.94296875 0.0375 0.0890625
0 0.51953125 0.8453125 0.028125 0.0453125
0 0.49921875 0.84140625 0.025 0.040625
3 0.496875 0.3421875 0.01875 0.0265625
3 0.4578125 0.44453125 0.0109375 0.01875
2 0.55078125 0.528125 0.0234375 0.0640625
1 0.4921875 0.703125 0.0734375 0.25
1 0.35625 0.659375 0.046875 0.1359375
4 0.3453125 0.5390625 0.0625 0.140625
3 0.3296875 0.51328125 0.0078125 0.0125
0 0.3640625 0.7375 0.021875 0.0265625
0 0.353125 0.740625 0.0203125 0.0234375