4 0.77109375 0.36171875 0.19375 0.353125
3 0.76875 0.29296875 0.0234375 0.025
4 0.61484375 0.3390625 0.0796875 0.1625
4 0.55625 0.390625 0.1515625 0.23125
3 0.6203125 0.309375 0.0109375 0.0125
3 0.54375 0.3328125 0.015625 0.01875
2 0.50859375 0.4375 0.0265625 0.0546875
4 0.46796875 0.35390625 0.0890625 0.20625
3 0.47265625 0.3171875 0.0125 0.015625
4 0.34375 0.3453125 0.115625 0.215625
3 0.353125 0.3015625 0.0125 0.01875
1 0.74609375 0.678125 0.1890625 0.3046875
0 0.80546875 0.80546875 0.040625 0.0515625
0 0.65546875 0.8328125 0.084375 0.046875
1 0.5537308984375 0.6589190671875 0.5623251046875 0.68153633125 0.56425620625 0.7197062296875 0.5871801984375 0.7292159 0.596316184375 0.72463608125 0.5934853 0.677181259375 0.5953356859375 0.635877496875 0.5857847125 0.6056063203125001 0.5837030859375 0.5483799328125001 0.5930316015625 0.4915519921875 0.5836399984375 0.4917683484375 0.5649225906249999 0.5020011390625 0.5407469468749999 0.5049671578125 0.508705953125 0.49949368749999995 0.4873794875 0.4917840421875 0.48345695 0.5448792609375 0.4759293234375 0.5968711875 0.46784231875 0.6531981671875 0.45671429999999996 0.69145634375 0.4409708109375 0.7333635953125001 0.45365023125 0.7441485171875 0.471722153125 0.7524000625 0.47590229375000004 0.7378493671874999 0.4901384828125 0.7040542921874999 0.5145548296875 0.635778171875 0.530441384375 0.5780906015625 0.535530090625 0.5842558359375001 0.5543574015625 0.640978359375 0.5537308984375 0.6589190671875
0 0.571875 0.74296875 0.040625 0.034375
0 0.4421875 0.75625 0.0625 0.0328125
0 0.29921875 0.659375 0.0359375 0.0359375
0 0.34296875 0.63203125 0.053125 0.0359375
1 0.334375 0.53359375 0.06875 0.18125
1 0.455882878125 0.6138741515625 0.4730195484375 0.6141675703125 0.4760370625 0.5932270625 0.48108422968750003 0.5534466421875 0.4758664171875 0.5130027625 0.47941090781250006 0.470424759375 0.48105264375 0.45614648593749996 0.46608812187500004 0.4525737859375 0.44535677500000004 0.44391950468749997 0.42818819062499996 0.4445400140625 0.4209558875 0.448975978125 0.4166819640625 0.5121560390625 0.41831155937500003 0.5244134546875 0.4354288875 0.584183675 0.432815628125 0.5935478078124999 0.4343232640625 0.6027508359375 0.44921901562500005 0.60174594375 0.45484902812500005 0.5845568343750001 0.4493269015625 0.5724684953125 0.43965992812500004 0.515398546875 0.44950238125 0.47578559374999996 0.456785959375 0.5159966015624999 0.457575109375 0.5523207 0.458678490625 0.5731000703125 0.455882878125 0.6138741515625