4 0.5859494359374999 0.0123944359375 0.5777579687500001 0.0177147515625 0.5570062546875 0.0215840671875 0.5518183203125 0.034643021875 0.5403502640625 0.132343359375 0.5580984328125 0.1381473046875 0.5578253890625 0.2073113921875 0.54581123125 0.261965496875 0.551545275 0.30569108749999996 0.5867685703125 0.3211683484375 0.6471123999999999 0.3226193578125 0.6443819109375 0.25248795468749996 0.6460201999999999 0.2181477765625 0.6408322656250001 0.1586569671875 0.6727789828125 0.1431796890625 0.6574882468750001 0.0454793875 0.6482045796875 0.0353224234375 0.6301833546875 0.020328820312500002 0.62065775 0.0007250718750000001 0.6211727515625001 0.0133617890625 0.6006940828125 0.05592428125 0.5908643046875001 0.04189799375 0.5859494359374999 0.0123944359375
3 0.6171875 0.09140625 0.01484375 0.0296875
4 0.47646566718749994 0.051689087499999994 0.446819803125 0.08120061875 0.4387345671875 0.112014140625 0.4522099625 0.1545454984375 0.4615202328125 0.2057566515625 0.45858014531249996 0.3099595625 0.46519534062499995 0.334263171875 0.47279055937500003 0.34077306875 0.5051315093750001 0.3412070546875 0.547517759375 0.3260172953125 0.5386975046875 0.2808820515625 0.5301222531249999 0.25614440625 0.5364924359375001 0.20363124375 0.542617615625 0.13573994375 0.5384524828125 0.1344379671875 0.5482527703125 0.0628291 0.5391875125000001 0.0576211796875 0.5264471453125 0.0493753109375 0.5188519078125 0.045903370312500004 0.5118907703125 0.029927965625000004 0.50978665 0.052123090625 0.49778129375 0.0725207546875 0.48210084062499997 0.0529910640625 0.47646566718749994 0.051689087499999994
3 0.521875 0.12109375 0.015625 0.0296875
1 0.5874421171875001 0.5628979125 0.5869352625 0.4470781265625 0.5958053328124999 0.41296065937500004 0.5960587609375 0.37166057656249996 0.607209709375 0.4452824640625 0.61202489375 0.521597846875 0.6135454734375 0.6006066875 0.6381282328125 0.5970153625 0.647505175 0.397697596875 0.6442105703125 0.325422446875 0.601127371875 0.32048439218749997 0.5859215375 0.3195865703125 0.5560167203125 0.30926154375000003 0.551984753125 0.31192435937499996 0.5572838734375 0.448128671875 0.5582976000000001 0.4719210875 0.5666608171874999 0.56873380625 0.5874421171875001 0.5628979125
0 0.5532263937499999 0.64218194375 0.5645193500000001 0.63751440625 0.5786355453125 0.6131764953125 0.5925635296875 0.5885051828125001 0.58691705 0.576169525 0.57807090625 0.5951731031249999 0.5724244281249999 0.585171221875 0.5645376703125 0.581518240625 0.5458859687500001 0.6201778078125 0.54438025 0.6288461 0.5462624093749999 0.63751440625 0.5532263937499999 0.64218194375
0 0.6098328359375 0.654184209375 0.623572590625 0.6531840234375 0.6314776703125 0.644849121875 0.634677334375 0.635847425 0.63655949375 0.6268457546875 0.63411268125 0.6108427203125 0.630536590625 0.620844603125 0.62884264375 0.612176296875 0.623572590625 0.6068419656249999 0.61324528125 0.60609178125 0.60531565 0.626178934375 0.6004220375 0.64218194375 0.6028688375 0.6511836390625 0.6098328359375 0.654184209375
1 0.47818484687499996 0.5820832109375 0.484609365625 0.601379853125 0.50751418125 0.601379853125 0.50751418125 0.587031065625 0.5094694609375 0.5756509859375 0.5024862859375 0.5167715625 0.5019276406250001 0.45442856249999997 0.5055589 0.3564610328125 0.511145440625 0.39406473124999997 0.5184079374999999 0.40841349843749997 0.5203632171875 0.5395316484375 0.5387987937500001 0.5603126421875 0.5452233234375 0.5499221546874999 0.551927175 0.424741434375 0.54215073125 0.33172175937500004 0.5131007203125 0.34112268125 0.48712331249999996 0.344091396875 0.46276912656249997 0.3388529078125 0.4698050375 0.38656603437500003 0.47231897343749996 0.4409924375 0.4675704234375 0.45781515156249997 0.47818484687499996 0.5820832109375
0 0.4759348015625 0.6461353984375 0.488838890625 0.647807915625 0.4965498734375 0.64139661875 0.50237245 0.6319190671875 0.507722928125 0.613242703125 0.5037887546875 0.602650140625 0.49560566718750004 0.599583865625 0.486321021875 0.59819010625 0.48263239375 0.6046060640625 0.47782320624999997 0.621884 0.472158 0.6321978140625 0.4723153640625 0.64139661875 0.4759348015625 0.6461353984375
0 0.544258253125 0.599967753125 0.5547160046874999 0.60136579375 0.562411315625 0.5831909921875 0.5450475124999999 0.5559287984375 0.5401146140625 0.5615210375 0.5178286609375 0.5432649640625 0.5162393859375001 0.560122971875 0.5286702890625 0.5688608562499999 0.537746828125 0.5880842000000001 0.544258253125 0.599967753125
4 0.3708321265625 0.053875242187500005 0.3638857859375 0.052684490625000004 0.36926359531249997 0.24121959375 0.37307288125000004 0.3542719875 0.38338035625 0.3423645078125 0.430212159375 0.3411737921875 0.424386196875 0.28186333124999996 0.42886770937499996 0.216769115625 0.4203528296875 0.16001012187500002 0.43312514062499996 0.1858096546875 0.45374010625 0.1619947015625 0.432676996875 0.07868889531249999 0.4194565328125 0.05884309375 0.40421939374999993 0.0485232765625 0.3958842765625 0.030842121875 0.3880859484375 0.041173928124999995 0.38069145625 0.069354965625 0.37576179062500004 0.0772932859375 0.3708321265625 0.053875242187500005
3 0.384375 0.1328125 0.0078125 0.025
2 0.5984375 0.20078125 0.021875 0.0515625
1 0.3846064859375 0.62312258125 0.410463075 0.61859900625 0.40727090468749994 0.483457715625 0.42514705468749997 0.5942848671875 0.4433424171875 0.5897613359375 0.44015024687500004 0.44633899843749997 0.428687965625 0.34839221875000004 0.36992250625 0.350012765625 0.3715185921875 0.49363571562499997 0.3846064859375 0.62312258125
1 0.287245284375 0.6155694796875 0.300971615625 0.72017675 0.33002037500000003 0.716218653125 0.31789011718750004 0.48890988125 0.36385737812499996 0.66532863125 0.385883359375 0.6596741625 0.3648150265625 0.49739155156250003 0.3644958140625 0.35659581406249996 0.31693246875000003 0.353820784375 0.2853299875 0.35325535937499997 0.2606767625 0.36110726406250004 0.2617079203125 0.41204254999999995 0.2799032890625 0.5194770421875 0.2795840765625 0.5895590328125 0.287245284375 0.6155694796875
4 0.2461719171875 0.088893009375 0.24675358125 0.1380054578125 0.25722354687500004 0.140409565625 0.25295800625 0.1969488875 0.254703 0.3627616765625 0.28320457656250003 0.35108458593749997 0.3694848546875 0.352458365625 0.3646376484375 0.063179040625 0.35959655625 0.0371196140625 0.3409832859375 0.008957234375000001 0.33012553125 0.000027696874999999997 0.29892008593749997 0 0.2855312375 0.0281034625 0.2783573703125 0.0119616109375 0.2595502078125 0.0531748578125 0.2461719171875 0.088893009375
3 0.29765625 0.0828125 0.015625 0.03046875
0 0.26555435312500003 0.7708792859375 0.2647088890625 0.7809881046875 0.2811953578125 0.7851065109375 0.29831592812499996 0.7862297265625 0.3179728703125 0.7633912640625 0.3181842328125 0.7716280765625 0.33530479375 0.761144834375 0.32771389375000004 0.7246025359375 0.32156606875 0.729695165625 0.302543228125 0.7207095328124999 0.287747678125 0.7517848078125 0.26555435312500003 0.7708792859375