4 0.6875 0.45390625 0.18046875 0.29140625
4 0.86875 0.571875 0.09140625 0.13125
4 0.53359375 0.55234375 0.0828125 0.1359375
4 0.7546875 0.55078125 0.05859375 0.146875
1 0.68046875 0.746875 0.11953125 0.3078125
1 0.5265625 0.7 0.075 0.16328125
1 0.61875 0.69375 0.0578125 0.1640625
1 0.7734375 0.6765625 0.040625 0.13046875
1 0.85546875 0.70625 0.0671875 0.1421875
1 0.44453125 0.65859375 0.05703125 0.1078125
1 0.378125 0.66953125 0.05234375 0.09921875
4 0.37578125 0.571875 0.06015625 0.0921875
4 0.440625 0.55625 0.04921875 0.090625
3 0.7234375 0.3875 0.021875 0.0265625
3 0.8796875 0.5328125 0.0109375 0.015625
3 0.7578125 0.515625 0.01015625 0.01796875
3 0.38828125 0.565625 0.0078125 0.0109375
3 0.23046875 0.51484375 0.01796875 0.01953125
0 0.26328125 0.7546875 0.121875 0.0671875