4 0.51796875 0.59296875 0.35625 0.146875
3 0.42734375 0.6390625 0.0390625 0.0265625
4 0.5640625 0.28203125 0.290625 0.103125
4 0.45390625 0.05625 0.375 0.1125
3 0.371875 0.05234375 0.0390625 0.0203125
1 0.83984375 0.58203125 0.3203125 0.140625
3 0.5671875 0.47890625 0.015625 0.00625
1 0.8015625 0.2625 0.25 0.0796875
0 0.91640625 0.246875 0.078125 0.0359375
0 0.94765625 0.26953125 0.040625 0.0234375
1 0.73828125 0.459375 0.165625 0.046875
0 0.82265625 0.44765625 0.0328125 0.0171875
0 0.82890625 0.46640625 0.021875 0.0140625
3 0.496875 0.29140625 0.0234375 0.015625
0 0.85 0.496875 0.0328125 0.021875
0 0.85390625 0.53359375 0.03125 0.021875