4 0.43203125 0.2046875 0.3546875 0.225
3 0.35078125 0.15625 0.03125 0.0234375
4 0.43046875 0.4546875 0.3140625 0.1765625
3 0.36875 0.409375 0.0296875 0.0203125
1 0.7171875 0.459375 0.325 0.1234375
1 0.7453125 0.2 0.2921875 0.14375
4 0.51328125 0.57109375 0.0984375 0.065625
1 0.61796875 0.58125 0.1125 0.04375
1 0.60859375 0.62734375 0.1140625 0.046875
1 0.6015625 0.6625 0.1171875 0.0421875
1 0.59375 0.7359375 0.1171875 0.0546875
4 0.5125 0.63515625 0.1015625 0.0625
1 0.59296875 0.88828125 0.1171875 0.0578125
4 0.49296875 0.88828125 0.10625 0.0828125
0 0.92265625 0.2171875 0.0734375 0.06875