4 0.771875 0.540625 0.2203125 0.2984375
1 0.740625 0.8 0.1640625 0.3
1 0.33984375 0.7640625 0.13125 0.328125
0 0.771875 0.9328125 0.0375 0.05
0 0.684375 0.9359375 0.06875 0.0515625
0 0.8171875 0.92421875 0.0296875 0.03125
0 0.3296875 0.93125 0.053125 0.05
0 0.2859375 0.9359375 0.05625 0.053125
4 0.36953125 0.49765625 0.1890625 0.296875
3 0.334375 0.43515625 0.015625 0.0234375
1 0.5796875 0.73515625 0.121875 0.215625
4 0.6 0.5828125 0.115625 0.190625
3 0.5875 0.5421875 0.0078125 0.009375
3 0.73984375 0.47265625 0.01875 0.025
0 0.534375 0.86796875 0.0296875 0.028125
0 0.57734375 0.86640625 0.028125 0.028125
2 0.7265625 0.5484375 0.034375 0.0484375
4 0.09140625 0.35390625 0.1828125 0.3234375
1 0.06171875 0.68515625 0.1234375 0.3984375