4 0.4015625 0.3125 0.0703125 0.10078125
4 0.7921875 0.23046875 0.08125 0.13125
4 0.840625 0.2125 0.05625 0.1125
3 0.81015625 0.19765625 0.00859375 0.01328125
3 0.41328125 0.29296875 0.0125 0.01796875
3 0.84296875 0.18671875 0.009375 0.01171875
1 0.4046875 0.38203125 0.053125 0.11640625
1 0.78125 0.3296875 0.05625 0.1359375
1 0.60078125 0.39296875 0.13203125 0.20546875
0 0.378125 0.43984375 0.01796875 0.03203125
0 0.39765625 0.45390625 0.0203125 0.03203125
0 0.54609375 0.521875 0.05703125 0.06015625
0 0.65625 0.50625 0.0484375 0.03515625
0 0.7703125 0.4078125 0.0265625 0.03203125
0 0.784375 0.3796875 0.01484375 0.0453125
0 0.80703125 0.37578125 0.0234375 0.02265625