4 0.6875 0.590625 0.0875 0.175
3 0.6890625 0.609375 0.015625 0.0234375
4 0.61015625 0.52421875 0.08125 0.2046875
3 0.60546875 0.5671875 0.0125 0.0171875
1 0.6203125 0.325 0.0796875 0.228125
0 0.65390625 0.18203125 0.0421875 0.04375
0 0.590625 0.2171875 0.028125 0.08125
2 0.6265625 0.45234375 0.0171875 0.034375
1 0.81796875 0.3 0.115625 0.46875
0 0.87109375 0.04453125 0.0484375 0.065625
0 0.81171875 0.090625 0.04375 0.0765625
0 0.41328125 0.1625 0.0328125 0.0609375
0 0.3859375 0.14921875 0.0234375 0.0453125
1 0.28203125 0.190625 0.1484375 0.38125
4 0.28203125 0.58828125 0.19375 0.446875
1 0.38984375 0.2953125 0.075 0.2546875
1 0.73984375 0.33828125 0.078125 0.2828125
0 0.77578125 0.18203125 0.0515625 0.0421875
0 0.72578125 0.1875 0.0328125 0.0453125