4 0.075 0.38359375 0.1453125 0.090625
4 0.09375 0.5578125 0.1171875 0.065625
1 0.20703125 0.37734375 0.1546875 0.084375
1 0.2171875 0.5515625 0.13125 0.0703125
1 0.196875 0.48203125 0.1421875 0.071875
0 0.30234375 0.38984375 0.03125 0.028125
0 0.26875 0.3734375 0.05 0.0328125
0 0.27890625 0.49609375 0.028125 0.0203125
0 0.27734375 0.45546875 0.0234375 0.028125
0 0.2875 0.51328125 0.028125 0.0328125
0 0.2578125 0.5421875 0.021875 0.0203125
0 0.240625 0.57578125 0.025 0.0140625
2 0.12734375 0.54921875 0.0265625 0.0203125
3 0.03125 0.3578125 0.0125 0.009375
3 0.06171875 0.459375 0.0125 0.003125
3 0.05546875 0.47890625 0.00625 0.00625
3 0.06953125 0.54375 0.0109375 0.009375