1 0.4765625 0.3859375 0.35 0.534375
1 0.9296875 0.50625 0.1046875 0.228125
1 0.84296875 0.53671875 0.090625 0.2171875
1 0.16640625 0.4671875 0.2 0.378125
4 0.178125 0.77578125 0.271875 0.3953125
3 0.121875 0.8921875 0.021875 0.0296875
2 0.134375 0.73515625 0.0375 0.0671875
2 0.47265625 0.7328125 0.0515625 0.090625
4 0.8484375 0.73359375 0.1359375 0.21875
3 0.82734375 0.7765625 0.015625 0.0234375
4 0.9328125 0.70703125 0.134375 0.2296875
3 0.91640625 0.7671875 0.0125 0.0234375
2 0.83359375 0.6921875 0.01875 0.0390625
2 0.92109375 0.67421875 0.0203125 0.0390625
4 0.521875 0.79765625 0.25625 0.4046875
0 0.29296875 0.159375 0.1484375 0.1125
0 0.57265625 0.1859375 0.0890625 0.071875
0 0.86328125 0.42578125 0.0296875 0.059375
0 0.83046875 0.41875 0.04375 0.040625
0 0.93359375 0.384375 0.028125 0.0265625
0 0.14296875 0.2515625 0.1171875 0.10625