4 0.07890625 0.74609375 0.1578125 0.50703125
3 0.12265625 0.628125 0.01953125 0.053125
4 0.71875 0.72734375 0.16640625 0.4796875
3 0.7625 0.60703125 0.0171875 0.0375
4 0.471875 0.67734375 0.09921875 0.43203125
3 0.46015625 0.58828125 0.0171875 0.04375
3 0.30234375 0.603125 0.0125 0.01953125
3 0.32421875 0.55234375 0.01328125 0.02890625
2 0.2609375 0.934375 0.02890625 0.0703125
4 0.5671875 0.709375 0.14453125 0.475
2 0.603125 0.88828125 0.01640625 0.0796875
2 0.73984375 0.7078125 0.02109375 0.0484375