1 0.4861111109375 0.4554455453125 0.48518518593750004 0.44966996718749996 0.4875 0.43894389375 0.48425925937500003 0.428217821875 0.4888888890625 0.40511551093750003 0.49444444374999996 0.39356435625 0.49398148124999997 0.3721122109375 0.4893518515625 0.3448844890625 0.49259259218749996 0.32343234375 0.48842592656250006 0.306655665625 0.4893518515625 0.2953795375 0.48425925937500003 0.2739273921875 0.48425925937500003 0.1608910890625 0.4828703703125 0.1542904296875 0.47361111093749997 0.153465346875 0.46296296249999996 0.14108910937500002 0.459722221875 0.1542904296875 0.45648148125 0.21369637031250002 0.4542466296875 0.3130900984375 0.4428968765625 0.41223332187499995 0.430932646875 0.3130900984375 0.4375 0.2128712875 0.4375 0.182343234375 0.434722221875 0.161716171875 0.43240740781250003 0.1567656765625 0.42453703750000005 0.161716171875 0.415740740625 0.1625412546875 0.41446387968750004 0.17717992968750002 0.41157407343749997 0.1839934 0.41111111093749997 0.20049505 0.4074074078125 0.22359735937499997 0.40231481406249997 0.379537953125 0.4 0.39273927343750004 0.3981481484375 0.44141914218749995 0.396296296875 0.45132013125 0.41944444374999995 0.44719471874999994 0.45324074062499997 0.44719471874999994 0.48148148125 0.45627062656249995 0.4861111109375 0.4554455453125
4 0.384259259375 0.7244224421875 0.4 0.739273928125 0.4203703703125 0.75 0.42731481406249994 0.759900990625 0.43194444374999996 0.740099009375 0.4361111109375 0.73349835 0.4370370375 0.727722771875 0.4453703703125 0.7186468640625 0.45324074062499997 0.727722771875 0.458796296875 0.7425742578125 0.4625 0.7425742578125 0.46898148125 0.73349835 0.48379629687500003 0.7227722765625 0.49120370312499995 0.708745875 0.49351851875 0.6897689765624999 0.49768518593750005 0.6773927390625001 0.502777778125 0.6320132015625 0.502777778125 0.62706270625 0.4990740734375 0.61881188125 0.49455421250000003 0.6044301609375 0.48101851875 0.5932343234374999 0.477777778125 0.5792079203125 0.4893518515625 0.45957095781249996 0.4861111109375 0.45627062656249995 0.475 0.4554455453125 0.4550925921875 0.44719471874999994 0.4365740734375 0.4455445546875 0.4078703703125 0.44719471874999994 0.3953703703125 0.45627062656249995 0.39305555625 0.46534653437499995 0.397222221875 0.47112211249999997 0.4 0.4810231015625 0.4018518515625 0.5 0.3976851859375 0.5132013203125 0.3976851859375 0.5272277234375 0.38703703749999996 0.5437293734375 0.38935185156249996 0.5660065999999999 0.39117043906250004 0.6149586375 0.384722221875 0.6014851484375 0.380621075 0.6051821953125 0.371759259375 0.616336634375 0.36247616875 0.63300745 0.353240740625 0.64356435625 0.384259259375 0.7244224421875
4 0.209216628125 0.984181640625 0.231194940625 0.95555794375 0.232040259375 0.8990638046875 0.234998878125 0.8621543015625001 0.2491143765625 0.8853135312499999 0.2574477109375 0.9009900984374999 0.29124400625 0.9966996703125 0.2986514140625 0.9867986796875 0.2991143765625 0.975247525 0.3051328953125 0.9620462046875 0.3296699328125 0.93481848125 0.3444847484375 0.9257425749999999 0.3588366 0.9042904296875 0.3643921546875 0.8638613859375001 0.36485511875 0.7409240921875 0.36254030312499996 0.7285478546874999 0.35630225625 0.7431399812499999 0.33178798593750003 0.7499192781249999 0.300088496875 0.7491660234374999 0.3301328953125 0.657590759375 0.32781808125 0.6344884484375 0.3271387265625 0.6226191515624999 0.32781808125 0.6237623765625 0.32735511875 0.612211221875 0.3241143765625 0.6097359734375 0.3171699328125 0.5825082515625 0.31578104375 0.5453795375 0.3171699328125 0.514026403125 0.31485511875 0.4760726078125 0.3171699328125 0.4678217828125 0.3171699328125 0.44224422499999994 0.313003265625 0.4001650171875 0.31022548906249997 0.391089109375 0.2963366 0.3960396046875 0.25929956249999997 0.4009900984375 0.24078104374999998 0.4092409234375 0.24309585937499997 0.4216171609375 0.2546699328125 0.41831683125 0.2616143765625 0.42409240937500003 0.27133660000000004 0.45132013125 0.2717995625 0.4801980203125 0.26624400625 0.505775578125 0.268558821875 0.5255775578125 0.26531808125 0.5297029703125 0.26624400625 0.5338283828125 0.26485511875 0.5371287125 0.2574477109375 0.54950495 0.2551328953125 0.5602310234375001 0.250503265625 0.5668316828125 0.249577340625 0.592409240625 0.25281808125 0.596534653125 0.2551328953125 0.6080858078125 0.25235511875 0.61881188125 0.24679956249999999 0.613036303125 0.24170697031250002 0.624587459375 0.2301328953125 0.62706270625 0.2301328953125 0.63118811875 0.2342995625 0.636963696875 0.2352254890625 0.653465346875 0.22828104374999997 0.6773927390625001 0.21578104374999998 0.6988448843749999 0.21115141406250001 0.6996699671875 0.179207778125 0.6806198015625 0.17202256093749999 0.76498438125 0.1715999015625 0.7830625062500001 0.1635693640625 0.7936080796875 0.160188084375 0.814699225 0.1217260375 0.8275045625 0.1035516640625 0.877972659375 0.10820092343750001 0.8900247421874999 0.14539498906249998 0.9352200546875 0.209216628125 0.984181640625
3 0.29140625 0.84140625 0.0359375 0.04765625
2 0.25546875 0.5 0.04765625 0.15
3 0.4703125 0.671875 0.0171875 0.03671875
2 0.4234375 0.5609375 0.02578125 0.0609375
2 0.50703125 0.51953125 0.015625 0.03984375
3 0.5078125 0.5625 0.00859375 0.0171875
4 0.6208333328125 0.5833333328125 0.6386639234375 0.6000657296874999 0.64965989375 0.5988659281250001 0.6555555562500001 0.58580858125 0.65930941875 0.575669740625 0.670529796875 0.5936667828125 0.6752423546874999 0.5908672421875 0.6862383265625 0.5752698046875 0.6900532546875 0.5564728953125 0.6925217375 0.5436749984375 0.68085254375 0.5332767078125 0.6779352453125 0.4608886046875 0.6707542046875 0.46608774999999997 0.6676124984375 0.50408150625 0.6698565734375 0.5248780875 0.6560185187500001 0.524752475 0.65 0.5305280531250001 0.6404591828124999 0.5312770359375001 0.634259259375 0.5519801984375 0.627777778125 0.559405940625 0.6263888890625 0.5660065999999999 0.6220577625 0.5712704625 0.6175925921875 0.5767326734375 0.6208333328125 0.5833333328125
3 0.67265625 0.56484375 0.00859375 0.0125
0 0.46296296249999996 0.1402640265625 0.4773148140625 0.15181518125 0.4828703703125 0.15181518125 0.48842592656250006 0.14273927343749998 0.5009259265625 0.1402640265625 0.5046296296875 0.1278877890625 0.5013888890625 0.116336634375 0.48055555625 0.10478547812500001 0.47453703750000004 0.09818481875 0.4625 0.0998349828125 0.459259259375 0.11221122187499999 0.459722221875 0.1237623765625 0.46296296249999996 0.1402640265625
0 0.415740740625 0.161716171875 0.425 0.1625412546875 0.43194444374999996 0.1584158421875 0.434722221875 0.1501650171875 0.43194444374999996 0.1262376234375 0.4268518515625 0.11963696406249999 0.4175925921875 0.116336634375 0.40694444374999994 0.117161715625 0.4046296296875 0.11963696406249999 0.40416666718750005 0.133663365625 0.415740740625 0.161716171875
0 0.6555555562500001 0.2904290421875 0.6587962968750001 0.291254125 0.665277778125 0.28877887812499997 0.66805555625 0.27557755781250004 0.665277778125 0.2698019796875 0.6583333328125 0.268151815625 0.6509259265625 0.272277228125 0.6513888890625 0.2813531359375 0.6555555562500001 0.2904290421875
1 0.6347222218749999 0.367417990625 0.628703703125 0.392170465625 0.6323987859375 0.4228863484375 0.63055555625 0.43837508593749996 0.6379629625 0.43259950937499997 0.6421296296875 0.43342459218749996 0.6569444437499999 0.4028965390625 0.6620370375 0.39877112656249997 0.6703703703125 0.4012463734375 0.6746911390625 0.40619661875 0.6726287984375 0.3989873296875 0.6731481484375 0.3195632046875 0.66944444375 0.305536803125 0.66944444375 0.2956358125 0.666203703125 0.2923354828125 0.65298993125 0.294475134375 0.6537089234375 0.31318320312500003 0.649826359375 0.32061517500000003 0.644218209375 0.3203589015625 0.6399042484375 0.3211277265625 0.633796296875 0.32368861875 0.6347222218749999 0.367417990625
0 0.6499684328125 0.31774426718750004 0.6522832484375 0.3136188546875 0.6527462109375 0.2913416265625 0.6495054703124999 0.28226571875 0.6425610265625 0.28226571875 0.6397832484375 0.2888663796875 0.6420980625 0.31774426718750004 0.6499684328125 0.31774426718750004