4 0.490625 0.328125 0.221875 0.365625
4 0.69921875 0.32265625 0.3578125 0.44375
2 0.49296875 0.38125 0.0453125 0.065625
3 0.59453125 0.2296875 0.0328125 0.0359375
3 0.4515625 0.27109375 0.0234375 0.03125
1 0.5734375 0.64375 0.203125 0.39375
1 0.73671875 0.675 0.184375 0.3828125
0 0.7984375 0.8296875 0.075 0.075
0 0.7375 0.87421875 0.071875 0.090625
0 0.66015625 0.79140625 0.0578125 0.109375
0 0.6125 0.84453125 0.0640625 0.0578125
1 0.109375 0.73984375 0.209375 0.3859375
0 0.178125 0.91875 0.1078125 0.0859375
0 0.09296875 0.95546875 0.028125 0.0671875
4 0.0734375 0.390625 0.146875 0.321875