4 0.64921875 0.38828125 0.184375 0.271875
3 0.60078125 0.32890625 0.0171875 0.0234375
4 0.92578125 0.3046875 0.13125 0.240625
3 0.89140625 0.26875 0.021875 0.0265625
2 0.6359375 0.409375 0.0296875 0.053125
4 0.24921875 0.44921875 0.240625 0.35
2 0.234375 0.465625 0.040625 0.0625
4 0.1203125 0.4875 0.21875 0.3484375
3 0.06015625 0.4296875 0.021875 0.034375
3 0.95234375 0.3625 0.0265625 0.046875
1 0.953125 0.52578125 0.09375 0.2484375
0 0.97578125 0.6625 0.0484375 0.046875
1 0.6875 0.60625 0.1328125 0.23125
1 0.50390625 0.7109375 0.2234375 0.39375
1 0.33125 0.7484375 0.2171875 0.3984375
1 0.84609375 0.6125 0.2078125 0.4109375
0 0.72421875 0.72265625 0.04375 0.046875
0 0.5828125 0.871875 0.0703125 0.06875
0 0.5296875 0.94609375 0.084375 0.0734375
0 0.34375 0.9625 0.09375 0.075
0 0.403125 0.91640625 0.0734375 0.0765625
1 0.23515625 0.76875 0.2203125 0.36875
0 0.31171875 0.89921875 0.05625 0.0671875
4 0.43359375 0.41015625 0.246875 0.371875
2 0.3890625 0.46953125 0.0484375 0.0859375
2 0.1203125 0.5546875 0.0359375 0.065625
0 0.1859375 0.96015625 0.128125 0.0796875
4 0.78515625 0.27265625 0.2015625 0.309375