4 0.3515625 0.628125 0.328125 0.275
1 0.5859375 0.684375 0.3671875 0.2796875
3 0.35390625 0.66484375 0.025 0.0265625
4 0.34375 0.14921875 0.44375 0.2984375
3 0.2328125 0.14609375 0.0359375 0.0296875
4 0.4703125 0.28203125 0.21875 0.1203125
3 0.42109375 0.271875 0.0171875 0.0125
4 0.45859375 0.32265625 0.1921875 0.084375
3 0.41484375 0.30625 0.015625 0.009375
1 0.70078125 0.203125 0.4265625 0.2984375
4 0.28515625 0.84375 0.3453125 0.2234375
1 0.54921875 0.88359375 0.3390625 0.2328125
1 0.6078125 0.57890625 0.290625 0.13125
0 0.921875 0.1609375 0.15625 0.10625
0 0.88984375 0.32265625 0.125 0.0921875
0 0.76015625 0.59609375 0.0640625 0.0546875
0 0.809375 0.66953125 0.08125 0.0671875
0 0.765625 0.8234375 0.08125 0.0875
0 0.72734375 0.96328125 0.0828125 0.0734375
0 0.69921875 0.84375 0.1328125 0.075
0 0.7609375 0.34296875 0.05625 0.04375
0 0.7390625 0.3578125 0.040625 0.040625
1 0.6453125 0.31328125 0.1984375 0.0984375