4 0.7921875 0.3453125 0.0984375 0.20078125
4 0.72109375 0.4484375 0.0390625 0.09609375
4 0.40078125 0.8046875 0.10390625 0.29921875
4 0.3625 0.51953125 0.0765625 0.115625
4 0.29921875 0.4421875 0.053125 0.09140625
3 0.43671875 0.73671875 0.01875 0.028125
3 0.38125 0.496875 0.009375 0.0109375
3 0.30390625 0.4453125 0.0078125 0.015625
4 0.24453125 0.42734375 0.02578125 0.05078125
3 0.246875 0.43828125 0.009375 0.01484375
3 0.41875 0.4203125 0.00546875 0.0109375
3 0.4390625 0.3984375 0.00703125 0.01875
3 0.81328125 0.296875 0.00859375 0.01640625
3 0.73359375 0.4546875 0.01015625 0.01640625
4 0.59375 0.278125 0.040625 0.05625
3 0.5984375 0.27734375 0.0046875 0.00625
4 0.5921875 0.34140625 0.03359375 0.04453125
3 0.5984375 0.34765625 0.0046875 0.01015625
4 0.51171875 0.36640625 0.028125 0.06484375
3 0.52421875 0.34765625 0.00390625 0.0078125
4 0.05390625 0.81953125 0.1078125 0.3234375
3 0.04140625 0.75546875 0.02578125 0.04140625
3 0.01328125 0.49921875 0.01015625 0.01640625
3 0.1953125 0.3984375 0.0046875 0.00625
4 0.28359375 0.29609375 0.02578125 0.04609375
3 0.2875 0.2890625 0.003125 0.00625
3 0.2375 0.4 0.00546875 0.0078125
4 0.86484375 0.38046875 0.06640625 0.10703125
3 0.8828125 0.3765625 0.00703125 0.01328125
4 0.915625 0.26875 0.05390625 0.10546875
3 0.921875 0.24765625 0.0046875 0.009375
3 0.8375 0.34453125 0.00390625 0.01015625
2 0.484375 0.6609375 0.01640625 0.0390625
4 0.2375 0.3234375 0.0375 0.0734375
4 0.20234375 0.321875 0.025 0.06328125
4 0.621875 0.36015625 0.040625 0.059375
4 0.66484375 0.5859375 0.0796875 0.15078125
4 0.19765625 0.88828125 0.2125 0.221875
3 0.284375 0.975 0.02265625 0.0453125
2 0.03203125 0.9125 0.0359375 0.06328125
4 0.56015625 0.35390625 0.02734375 0.04296875
3 0.5703125 0.3578125 0.00390625 0.009375
2 0.79375 0.33828125 0.0109375 0.02734375