4 0.64609375 0.18671875 0.0640625 0.1546875
4 0.5625 0.1671875 0.0765625 0.1578125
1 0.50703125 0.3359375 0.06953125 0.1703125
1 0.5640625 0.3140625 0.05390625 0.15859375
1 0.6265625 0.31015625 0.04921875 0.1203125
1 0.69609375 0.390625 0.07265625 0.20546875
1 0.340625 0.38984375 0.2359375 0.32734375
0 0.23359375 0.5875 0.0953125 0.0828125
0 0.47421875 0.575 0.0984375 0.07109375
0 0.47421875 0.415625 0.053125 0.0296875
0 0.51953125 0.43125 0.053125 0.03203125
0 0.54609375 0.3984375 0.0203125 0.02421875
0 0.58125 0.39296875 0.0375 0.0296875
0 0.61015625 0.3765625 0.025 0.02890625
0 0.63828125 0.371875 0.0328125 0.0296875
0 0.66796875 0.50078125 0.06640625 0.04453125
0 0.70859375 0.4953125 0.0234375 0.02890625
3 0.65703125 0.1546875 0.0078125 0.0125
3 0.57265625 0.12890625 0.00625 0.01015625
2 0.63984375 0.184375 0.01015625 0.02109375
4 0.5140625 0.2 0.084375 0.1828125
3 0.4875 0.17265625 0.00703125 0.01328125