4 0.31376171249999996 0.49029982343749995 0.322690284375 0.49338624375 0.325914490625 0.5013227515625001 0.32690655468749996 0.5097001765625 0.3274025859375 0.51675485 0.3266585375 0.5375881828125 0.32780173437500004 0.5465374546875 0.325666475 0.573192240625 0.3266585375 0.615079365625 0.3278986171875 0.6199294531249999 0.3357251203125 0.629443725 0.336083140625 0.6322751328125 0.34568594531249996 0.635883046875 0.348483934375 0.6388888890625 0.35021359375 0.6109306734375 0.35202465312500003 0.637492878125 0.361759096875 0.6382977921874999 0.377379484375 0.628638809375 0.388910521875 0.6265432093750001 0.3903986171875 0.62257495625 0.3933748078125 0.559523809375 0.3866611625 0.5304391484375001 0.3905096640625 0.4789245734375 0.3839445734375 0.47932703125 0.3807752203125 0.4644360984375 0.37783224843749996 0.4394837265625 0.38009607343749996 0.4137264375 0.384850103125 0.3855544046875 0.376247571875 0.38032245468750003 0.3669658921875 0.36583398125 0.3637965390625 0.378712625 0.357164490625 0.4038800703125 0.342742975 0.4294222859375 0.34054742656250003 0.42019400312500005 0.3368271890625 0.40784832499999996 0.3313708390625 0.405202821875 0.3273489703125 0.398030590625 0.31829367343750004 0.4596066078125 0.312201671875 0.43944507968749996 0.314218790625 0.41090923437500004 0.31195496562499997 0.4129215234375 0.3082147703125 0.43171290781250005 0.3122736171875 0.465608465625 0.3115295703125 0.48148148125 0.310289490625 0.4863315703125 0.31376171249999996 0.49029982343749995
4 0.4034134609375 0.5477448265625 0.40862025625 0.5477448265625 0.41518534687499997 0.582758640625 0.4373708234375 0.626626521875 0.4516369046875 0.636684303125 0.455853175 0.6305114640625 0.456101190625 0.6261022921875 0.46180555625 0.61419753125 0.4706490375 0.5489522 0.4914762203125 0.539695675 0.5018898109375 0.5368784703125 0.5080021359375 0.5340612671875 0.5061910765625 0.5127310140625 0.506200396875 0.49382716093749995 0.4993996046875 0.44270338750000005 0.497023809375 0.3955026453125 0.4898313484375 0.3747795421875 0.47569444375 0.36022927656250003 0.462053571875 0.354938271875 0.453125 0.348324515625 0.4516369046875 0.34391534375 0.44687888437499995 0.335649659375 0.440766559375 0.3296127953125 0.4429563484375 0.3456790125 0.4387400796875 0.400352734375 0.43675595312500004 0.41225749531250006 0.4312584984375 0.42781245468750007 0.42782738125 0.41358024687499995 0.422123015625 0.39594356249999996 0.41989087343750003 0.392416225 0.40997023749999995 0.38977072343749997 0.406001984375 0.3871252203125 0.40426587343750003 0.383597884375 0.40029761875 0.3871252203125 0.3955853171875 0.3999118171875 0.393105159375 0.415343915625 0.39161706406249996 0.442239859375 0.3893849203125 0.45767195781250003 0.3875666921875 0.5272194875 0.38575563281249997 0.5320489796875 0.393601190625 0.54012345625 0.4034134609375 0.5477448265625
4 0.8164898875000001 0.406966490625 0.820183484375 0.433044403125 0.8240319859374999 0.443910759375 0.8312762234375001 0.4781196578125 0.8262958109375 0.500657284375 0.860026790625 0.49784008125 0.8629697609375 0.445520590625 0.8634225265625 0.414531353125 0.859574025 0.3791150828125 0.866837109375 0.37345679062500003 0.8735335375 0.36992945312500003 0.879237903125 0.3677248671875 0.8807259984375 0.3611111109375 0.882710125 0.339947090625 0.88221409375 0.33068783125 0.876509728125 0.319664903125 0.8740295703125 0.30599647343749997 0.85741250625 0.28880070468749997 0.848028521875 0.28534245625 0.84259534375 0.27286626875 0.8301443109375001 0.3050628796875 0.8217681625000001 0.3207587265625 0.8190515734374999 0.3159292359375 0.822447309375 0.29902601562500003 0.821089015625 0.2905744046875 0.8053291734375 0.3064373890625 0.8003688562500001 0.3183421515625 0.8021049671875 0.3452380953125 0.8145057609374999 0.3946208109375 0.8135136968750001 0.4038800703125 0.8164898875000001 0.406966490625
3 0.26640625 0.446875 0.0140625 0.0265625
3 0.36484375 0.4390625 0.01484375 0.02109375
3 0.45546875 0.47109375 0.01328125 0.03984375
3 0.834375 0.33984375 0.0109375 0.0203125
3 0.5390625 0.35703125 0.01015625 0.01796875
2 0.34453125 0.5203125 0.01796875 0.0421875
2 0.24140625 0.56875 0.01328125 0.0375
0 0.8216765875 0.692239859375 0.828869046875 0.6917989421875 0.830853175 0.6891534390625 0.8298611109375 0.6715167546874999 0.8236607140625001 0.6732804234375 0.8172123015625001 0.6715167546874999 0.8125 0.6679894187500001 0.8102678578125 0.6626984125 0.80654761875 0.66093474375 0.7924107140625 0.6715167546874999 0.7832341265625 0.6723985890625 0.7827380953125 0.675485009375 0.783978175 0.6816578484375 0.7879464281249999 0.6856261015625 0.8216765875 0.692239859375
0 0.8549107140625001 0.7111992953125 0.85887896875 0.7094356265624999 0.862103175 0.7050264546875 0.862351190625 0.6940035265625 0.858630953125 0.6759259265625001 0.8487103171875001 0.6732804234375 0.8427579359375 0.67768959375 0.8425099203125 0.7010582015625 0.8449900796875 0.7076719578125 0.8489583328125001 0.710758378125 0.8549107140625001 0.7111992953125