0 0.29765625 0.86015625 0.0171875 0.02890625
0 0.2734375 0.8375 0.0203125 0.021875
1 0.29609375 0.70625 0.0796875 0.2546875
1 0.4046875 0.74765625 0.10390625 0.3921875
0 0.3734375 0.9125 0.021875 0.06015625
0 0.42421875 0.97578125 0.03203125 0.04765625
0 0.53984375 0.8671875 0.01953125 0.01875
0 0.525 0.85546875 0.0171875 0.02265625
1 0.54609375 0.7328125 0.0546875 0.24609375
4 0.28828125 0.48671875 0.103125 0.21796875
3 0.30703125 0.42890625 0.015625 0.0234375
2 0.278125 0.50390625 0.02109375 0.0453125
4 0.55234375 0.5140625 0.0765625 0.19765625
3 0.55390625 0.4625 0.0125 0.0203125