1 0.29453125 0.6640625 0.1640625 0.45703125
1 0.7 0.6234375 0.16015625 0.42578125
0 0.74921875 0.86875 0.07578125 0.06953125
0 0.6875 0.88125 0.053125 0.11015625
0 0.3359375 0.90625 0.0609375 0.07578125
0 0.28515625 0.9140625 0.0578125 0.08203125
4 0.28203125 0.2265625 0.27890625 0.45234375
3 0.32890625 0.0953125 0.0296875 0.03984375
4 0.66953125 0.23515625 0.303125 0.46484375
3 0.7375 0.1015625 0.0328125 0.03203125
2 0.7234375 0.29296875 0.0421875 0.0859375
2 0.309375 0.21796875 0.04609375 0.0859375