1 0.71484375 0.665625 0.3234375 0.090625
1 0.690625 0.52578125 0.2703125 0.0734375
1 0.65234375 0.4546875 0.2140625 0.059375
1 0.62109375 0.35 0.128125 0.0359375
4 0.47421875 0.52578125 0.2234375 0.109375
4 0.45 0.44140625 0.175 0.075
3 0.43671875 0.50859375 0.025 0.0125
3 0.42421875 0.434375 0.021875 0.009375
0 0.875 0.67734375 0.0375 0.0328125
0 0.8921875 0.63828125 0.053125 0.0390625
0 0.85078125 0.5421875 0.053125 0.0265625
0 0.82109375 0.5 0.053125 0.0359375
0 0.7609375 0.46796875 0.05 0.0203125
0 0.7671875 0.4453125 0.0390625 0.0296875
2 0.53828125 0.5296875 0.04375 0.0171875