1 0.7770061734375 0.5418041812500001 0.7530864203125 0.57618261875 0.7191358015625 0.58580858125 0.69305555625 0.5783828390625 0.6800925921875 0.575907590625 0.7129629625 0.7978547859375 0.7185185187500001 0.8234323437500001 0.715277778125 0.8391089109375001 0.7194444437499999 0.8572607265625001 0.7245370375 0.8630363031250001 0.7398148140624999 0.8613861390625001 0.747222221875 0.8531353140625001 0.7425925921875 0.8184818484375 0.7453703703125 0.7813531359375 0.7523148140625 0.7549504953125 0.758796296875 0.7054455453124999 0.765740740625 0.675742575 0.7675925921875 0.64356435625 0.777777778125 0.58580858125 0.778240740625 0.5519801984375 0.7770061734375 0.5418041812500001
1 0.41944444374999995 0.5684818484374999 0.41203703750000004 0.5684818484374999 0.39398148125 0.5808580859375 0.3731481484375 0.5528052812500001 0.3708333328125 0.559405940625 0.371759259375 0.5891089109375 0.3703703703125 0.5932343234374999 0.353240740625 0.5998349828125 0.31898148125 0.5957095703124999 0.3148148140625 0.5990099015625 0.33148148125 0.7538503859375 0.3384259265625 0.854785478125 0.3458333328125 0.9059405937499999 0.39305555625 0.9067656765625 0.40092592656250003 0.9042904296875 0.40277777812500004 0.8993399343749999 0.40416666718750005 0.7178217828125 0.4074074078125 0.6683168312500001 0.42268518593750004 0.61468646875 0.42175925937500003 0.575907590625 0.41944444374999995 0.5684818484374999
1 0.575 0.559405940625 0.51805555625 0.5552805281250001 0.5074074078125 0.56105610625 0.5041666671875 0.5684818484374999 0.5100308640625 0.7508250828125 0.5175925921875 0.7986798687500001 0.5236111109375 0.8259075906250001 0.5240740734375 0.8646864687500001 0.527777778125 0.8803630359374999 0.5337962968750001 0.8886138609374999 0.540740740625 0.8886138609374999 0.5518518515624999 0.9034653468749999 0.565277778125 0.9067656765625 0.5699074078125 0.8943894390624999 0.578240740625 0.809405940625 0.5939814812499999 0.7079207921874999 0.5995370375 0.5915841578125 0.597222221875 0.5750825078124999 0.6 0.5503300328125 0.575 0.559405940625
4 0.584259259375 0.274752475 0.5763888890625 0.268151815625 0.565740740625 0.26650165000000003 0.5523148140624999 0.2623762375 0.5495370375 0.2772277234375 0.5495370375 0.297029703125 0.5370370375 0.30280528125 0.5351851859375001 0.3160066 0.5236111109375 0.29455445468749997 0.5138888890625 0.2615511546875 0.50648148125 0.274752475 0.49351851875 0.2854785484375 0.4861111109375 0.29867986874999997 0.4828703703125 0.3127062703125 0.475 0.38943894375 0.4791666671875 0.3985148515625 0.5023148140625 0.407590759375 0.5046296296875 0.48597359687499997 0.5078703703125 0.524752475 0.5046296296875 0.54950495 0.50601851875 0.559405940625 0.5370370375 0.5561056109375 0.5490740734374999 0.5602310234375001 0.571759259375 0.56105610625 0.5944444437499999 0.5528052812500001 0.6023148140625 0.5445544546875001 0.6 0.5189768984375001 0.5930555562500001 0.4661716171875 0.584722221875 0.43316831718750004 0.58101851875 0.3919141921875 0.5856481484375 0.39026402656250003 0.60648148125 0.3696369640625 0.5921296296875 0.28960396093749996 0.584259259375 0.274752475
4 0.4074074078125 0.2953795375 0.37654320937499997 0.283278328125 0.3631687234375 0.33370003593750003 0.35710968125 0.337429515625 0.3528806578125 0.33370003593750003 0.3443565171875 0.3147011015625 0.3407594703125 0.2867276703125 0.3078703703125 0.3127062703125 0.3046296296875 0.3184818484375 0.291203703125 0.3679867984375 0.2870370375 0.40264026406250003 0.290740740625 0.41419141875000004 0.317901234375 0.42812614531250004 0.3235596703125 0.48129812968749996 0.31327160468750004 0.5372203890625 0.3148148140625 0.5957095703124999 0.3458333328125 0.6014851484375 0.36851851875 0.596534653125 0.36944444375 0.5536303625000001 0.41817191718749996 0.5599477015625001 0.36759259218749996 0.5354785484375 0.36759259218749996 0.5288778875 0.36157407343750003 0.5090759078125 0.36563141093749996 0.399204175 0.40746833281250006 0.40444919375 0.40943035781250003 0.3683168453125 0.42872360781249996 0.3846346796875 0.43518518593750005 0.367161715625 0.4480168578125 0.3438400921875 0.415740740625 0.30280528125 0.4074074078125 0.2953795375
3 0.3328125 0.35859375 0.01953125 0.02265625
3 0.51171875 0.3359375 0.01640625 0.02890625
2 0.5421875 0.48203125 0.0078125 0.0734375
2 0.35703125 0.53125 0.025 0.05078125
4 0.771866096875 0.3498349828125 0.75566239375 0.3168316828125 0.7292735046875001 0.3127062703125 0.725071225 0.34843868906250003 0.7147435890625 0.3750952015625 0.7101139609375 0.3662096984375 0.7022792015625 0.3611322671875 0.6948005703125 0.3370144703125 0.6774216515625 0.35726072656249996 0.66908831875 0.3696369640625 0.662143875 0.43894389375 0.66862535625 0.4579207921875 0.6830484328125 0.46331556249999994 0.6829772078125 0.4793729375 0.6755698 0.5239273921875001 0.674643875 0.567656765625 0.6791310546875 0.5731150046875 0.7240028484375001 0.5820005078125 0.7382478640625 0.578192434375 0.740384615625 0.5458238140625 0.7457264953125 0.572480325 0.7482549859375001 0.5792079203125 0.7579772078125 0.5701320125 0.7751068375 0.5462046203125 0.777884615625 0.5363036296875 0.7774216515625 0.5231023109375 0.766381765625 0.424600153125 0.778133903125 0.41507996875000003 0.787143875 0.40594059375 0.78066239375 0.3778877890625 0.771866096875 0.3498349828125
3 0.68984375 0.39609375 0.01328125 0.03828125
2 0.7203125 0.5015625 0.02421875 0.0578125