4 0.93125 0.403125 0.1375 0.384375
4 0.40078125 0.50625 0.184375 0.29375
4 0.5546875 0.428125 0.146875 0.2359375
4 0.678125 0.39296875 0.1484375 0.2453125
3 0.6734375 0.434375 0.01875 0.028125
3 0.54453125 0.49140625 0.01875 0.025
3 0.40546875 0.5796875 0.021875 0.03125
1 0.3546875 0.24140625 0.1484375 0.303125
1 0.50859375 0.20234375 0.1359375 0.265625
1 0.63828125 0.16796875 0.140625 0.2484375
0 0.64765625 0.025 0.046875 0.0484375
0 0.59453125 0.0421875 0.0421875 0.0453125
0 0.5109375 0.059375 0.0546875 0.075
0 0.45546875 0.06875 0.0484375 0.059375
0 0.44765625 0.11171875 0.0296875 0.04375
0 0.33984375 0.0875 0.053125 0.084375
0 0.30078125 0.08203125 0.0625 0.103125
0 0.29296875 0.18984375 0.01875 0.0328125
0 0.278125 0.18984375 0.025 0.0375
1 0.30234375 0.29375 0.0828125 0.184375