4 0.18125 0.75234375 0.328125 0.4609375
3 0.2328125 0.85625 0.034375 0.05
4 0.596875 0.52421875 0.2265625 0.35625
3 0.6453125 0.584375 0.021875 0.0421875
4 0.81171875 0.53515625 0.2125 0.3390625
3 0.84609375 0.603125 0.028125 0.0296875
1 0.6171875 0.23046875 0.1625 0.296875
1 0.825 0.27578125 0.1046875 0.2375
1 0.228125 0.38359375 0.2046875 0.390625
0 0.2390625 0.13984375 0.0625 0.075
0 0.27578125 0.22734375 0.0671875 0.1390625
0 0.6609375 0.06796875 0.0703125 0.0625
0 0.55574754375 0.14066829218750002 0.561011725 0.14462126250000001 0.5669562078125 0.153622915625 0.5692264890625001 0.1533226234375 0.568002709375 0.1202870734375 0.5618731234375 0.0963017328125 0.5600606390625 0.09564424375 0.550917496875 0.101829153125 0.5382852546875 0.1136958015625 0.5369118671875001 0.11656914375 0.5353091015625 0.134888828125 0.5361193578125001 0.13845213125 0.546685121875 0.13738085 0.55574754375 0.14066829218750002
0 0.83828125 0.11640625 0.0609375 0.0640625
0 0.80078125 0.14375 0.0546875 0.1046875
4 0.41953125 0.42109375 0.0875 0.15
1 0.41796875 0.3078125 0.059375 0.1078125
0 0.409375 0.240625 0.0234375 0.0234375
0 0.43125 0.24453125 0.0265625 0.0234375
2 0.40703125 0.42421875 0.0140625 0.025
3 0.42109375 0.4515625 0.0109375 0.015625
0 0.7078125 0.13125 0.0703125 0.0609375
0 0.6046875 0.12734375 0.04375 0.0453125