4 0.2359375 0.63828125 0.25625 0.6359375
3 0.15234375 0.81171875 0.0296875 0.065625
4 0.8015625 0.56640625 0.25 0.5453125
3 0.72734375 0.68359375 0.0328125 0.0453125
4 0.5421875 0.4515625 0.1265625 0.2578125
3 0.521875 0.51484375 0.015625 0.021875
4 0.64453125 0.40546875 0.06875 0.21875
3 0.64765625 0.4578125 0.0125 0.01875
1 0.54609375 0.17890625 0.0890625 0.303125
0 0.5734375 0.00859375 0.025 0.0171875
0 0.5453125 0.00546875 0.021875 0.0109375
1 0.79140625 0.178125 0.1515625 0.35625
2 0.7734375 0.55078125 0.0296875 0.0828125
1 0.64921875 0.21171875 0.059375 0.1609375
0 0.66640625 0.10078125 0.03125 0.0421875
0 0.63203125 0.11953125 0.01875 0.0484375
1 0.225 0.18984375 0.2046875 0.3734375