4 0.48415361562500003 0.10386701250000001 0.5067452484375 0.12136435625 0.5016874203125 0.28898849375 0.5303484468749999 0.2986912484375 0.58564736875 0.2986912484375 0.5829498609375 0.21753809687499998 0.5721598265625001 0.11815709062499999 0.6035183609375 0.12919942499999998 0.578566409375 0.0005887109375 0.5499053828125 0.01357969375 0.532371578125 0.0687913625 0.5310228234375 0.0181265359375 0.5256278078125 0.0005887109375 0.504384928125 0 0.48415361562500003 0.10386701250000001
2 0.52734375 0.19140625 0.02578125 0.04921875
4 0.22736060937499997 0.087870825 0.22002012343750002 0.10934339374999999 0.2208357328125 0.18214063593750002 0.22736060937499997 0.18423552031249998 0.229263696875 0.202042040625 0.23089491718750002 0.2214197234375 0.23415735468749999 0.23870252343749998 0.233885484375 0.257556484375 0.231710525 0.2606988109375 0.232254265625 0.2680309078125 0.222738821875 0.2779816109375 0.226545 0.2989304578125 0.242041578125 0.3303210890625 0.2485664546875 0.3187992234375 0.24911019375 0.3057061921875 0.254547590625 0.297850375 0.249925803125 0.31408573125 0.2510132828125 0.3345108578125 0.259441246875 0.3366057421875 0.291521884375 0.330844809375 0.31055277187499997 0.31513317500000004 0.28282205 0.2072466125 0.2795596125 0.1899638140625 0.29233749375 0.1831554390625 0.3053872453125 0.1774597859375 0.302668546875 0.135562090625 0.296143671875 0.09942533125 0.286628228125 0.08057136875000001 0.2637911640625 0.0643360125 0.24802271406249998 0.09837788750000001 0.2442165375 0.1072811484375 0.23959475000000002 0.0941554796875 0.240410359375 0.078967565625 0.24176970937500003 0.074254075 0.2363323125 0.0753015171875 0.22736060937499997 0.087870825
3 0.26171875 0.1390625 0.015625 0.03515625
3 0.5578125 0.07265625 0.01875 0.03203125
0 0.5495256171875 0.6011687359375 0.5533206828125 0.6113951796875 0.5677419359375 0.6121256390625 0.572296015625 0.6070124171875 0.5738140421875 0.59897735625 0.57039848125 0.5500365234375 0.5685009484375 0.5449233015625 0.5624288421875 0.5456537625 0.5605313093750001 0.542731921875 0.560151803125 0.5420014609375 0.5563567359375 0.5441928421875 0.55711575 0.548575603125 0.5499051234375 0.5894813734375 0.5495256171875 0.6011687359375
0 0.5354838703125 0.542731921875 0.5252371921875 0.568298028125 0.5256166984374999 0.5843681515625 0.5305502843750001 0.5872899921875 0.5373814046875001 0.5872899921875 0.54535104375 0.5836376921875 0.5476280828125 0.579985390625 0.5525616703125 0.5675675671875 0.554838709375 0.5536888234374999 0.554459203125 0.534696859375 0.5525616703125 0.5273922578125 0.5504743828125 0.5273922578125 0.548387096875 0.5273922578125 0.54535104375 0.53177501875 0.537001896875 0.532505478125 0.5354838703125 0.542731921875
1 0.221252371875 0.3886048203125 0.2250474390625 0.40321402500000003 0.22466793125 0.40905770625000004 0.2261859578125 0.4163623078125 0.22542694531250002 0.4265887515625 0.227703984375 0.44265887499999995 0.22542694531250002 0.5010956906249999 0.22466793125 0.5887509125 0.2261859578125 0.6070124171875 0.23111954531249998 0.6143170203125 0.23002543593749997 0.622991696875 0.23546283125 0.6250865828125 0.2414439671875 0.62351541875 0.245793884375 0.6261340234375 0.2477508453125 0.6281225984375001 0.24905632187500001 0.6277051874999999 0.251233396875 0.6281957640625 0.25426945 0.6143170203125 0.251233396875 0.5931336734375 0.2535104359375 0.5843681515625 0.257305503125 0.5529583640625 0.257685009375 0.5047479906250001 0.2561669828125 0.478451425 0.2584440234375 0.4740686625 0.2584440234375 0.465303140625 0.26110056875 0.45872900000000005 0.2607210625 0.45434623749999997 0.263377609375 0.4433893359375 0.2626185953125 0.4156318484375 0.263757115625 0.41490138749999994 0.2648956359375 0.4185536890625 0.26944971562500003 0.420014609375 0.2717267546875 0.42366690937499996 0.2827324484375 0.453615778125 0.2861480078125 0.4740686625 0.288045540625 0.4747991234375 0.29070208750000004 0.47041636249999996 0.29032258125 0.465303140625 0.2922201140625 0.457268078125 0.29753320625 0.3915266625 0.294117646875 0.38056975937500004 0.29108159375 0.363769175 0.2891840609375 0.33382030625 0.2861480078125 0.3323593859375 0.2800759015625 0.3345507671875 0.251612903125 0.3360116875 0.2500948765625 0.33382030625 0.2497153703125 0.3265157046875 0.24781783750000003 0.32213294375 0.24440227656250002 0.327976625 0.238709678125 0.325054784375 0.233017078125 0.31044558125 0.22428842499999999 0.293644996875 0.22390891875 0.293644996875 0.22163187812500001 0.2965668375 0.220872865625 0.3009495984375 0.220872865625 0.38203067968750004 0.221252371875 0.3886048203125
0 0.22355443125000002 0.6626881953125 0.238779140625 0.6532612140625 0.2477508453125 0.649595165625 0.25264450156249996 0.6475002812499999 0.25264450156249996 0.6275988765625 0.2461196265625 0.6265514343749999 0.24176970937500003 0.6323123671875 0.23334174531250002 0.6391207421875 0.23089491718750002 0.6459291171875 0.2254575203125 0.6433105125 0.2194535265625 0.645162571875 0.211592159375 0.65273749375 0.2094172015625 0.6611170328125 0.21240776874999998 0.6653068015625 0.22355443125000002 0.6626881953125
0 0.3325742265625 0.5966993281249999 0.3328460953125 0.5877960671875 0.33692414375 0.5809876921875 0.33665227343750004 0.5678946625 0.3317586171875 0.5705132703125 0.3168057765625 0.5773216437500001 0.3097371625 0.6113635203125 0.3097371625 0.6207905015625 0.318436996875 0.6207905015625 0.3303992671875 0.6145058484375 0.3325742265625 0.5966993281249999
2 0.234375 0.21953125 0.01875 0.04296875
1 0.5428244234374999 0.3901562234375 0.5532772671874999 0.5259119765625 0.5758689015625 0.5343561140624999 0.5758689015625 0.47524714843750004 0.5745201468750001 0.41873638125 0.5718226390625001 0.4083435953125 0.5738457703125001 0.382361634375 0.5714854500000001 0.3680715546875 0.5795779750000001 0.295971609375 0.58160110625 0.2927238640625 0.5569863421875 0.2920743140625 0.4996642890625 0.282980628125 0.519221225 0.41224089062499997 0.5337203328125 0.5272110734375001 0.5397897265625 0.5350056624999999 0.5512541359375 0.5252624265625 0.5428244234374999 0.3901562234375
1 0.613815959375 0.32507771875 0.6130640203125 0.3620147453125 0.6220872875000001 0.3475296375 0.6209593796874999 0.32725048437500004 0.62509504375 0.24178834375 0.6352462203125 0.188193440625 0.6348702515625 0.16429301093749998 0.6149438671875 0.18529641875 0.614191928125 0.3258019734375 0.6134399890625 0.359841978125 0.613815959375 0.32507771875
4 0.6153198359375 0.18031690625000002 0.6153198359375 0.1846624375 0.6341183125 0.166556053125 0.6363741296875001 0.1614862640625 0.6367500984375 0.122376471875 0.6303586171875 0.0912334875 0.6239671343750001 0.049226671875 0.626974890625 0.0347415625 0.6344942812500001 0.029671775 0.6198314703125 0.0231534765625 0.616071775 0.022429221875 0.6123120796875 0.041984117187499996 0.61268805 0.056469226562499995 0.6055446296875 0.055744970312499996 0.6021609046874999 0.044156884375 0.6010329953125 0.032568796875 0.5998090890625 0.023053159375 0.5965213609375 0.032568796875 0.6029128421875 0.060814759375000006 0.6119361109375 0.0977517859375 0.6153198359375 0.18031690625000002
0 0.6104851484375 0.3599056921875 0.612120903125 0.3630567546875 0.609667271875 0.3772365375 0.6231622406249999 0.366995584375 0.6231622406249999 0.348876971875 0.6104851484375 0.3599056921875