4 0.91875 0.36484375 0.1625 0.4515625
1 0.94609375 0.75859375 0.1078125 0.4390625
4 0.425 0.4359375 0.1765625 0.3390625
1 0.45234375 0.71484375 0.109375 0.3046875
4 0.29765625 0.459375 0.140625 0.2921875
1 0.31328125 0.67578125 0.10625 0.2484375
3 0.92265625 0.2734375 0.028125 0.0328125
3 0.40078125 0.37890625 0.015625 0.028125
3 0.27265625 0.39609375 0.0171875 0.0234375
2 0.31328125 0.4671875 0.0140625 0.04375
4 0.56953125 0.40234375 0.1125 0.1203125
3 0.56796875 0.4 0.0109375 0.01875
2 0.95 0.53671875 0.040625 0.0828125
0 0.89609375 0.87578125 0.0625 0.06875
0 0.615625 0.78828125 0.0421875 0.0515625
0 0.56640625 0.7578125 0.03125 0.0875
0 0.4734375 0.87265625 0.034375 0.0640625
0 0.43671875 0.89921875 0.040625 0.0734375
0 0.328125 0.8125 0.028125 0.0578125
0 0.3078125 0.815625 0.03125 0.075