4 0.06484375 0.53984375 0.1296875 0.1609375
4 0.16875 0.553125 0.0875 0.1375
4 0.371875 0.55390625 0.0859375 0.09609375
4 0.63984375 0.55 0.09765625 0.075
4 0.68203125 0.4953125 0.06171875 0.0625
4 0.74921875 0.52265625 0.06640625 0.10234375
4 0.82109375 0.5234375 0.0890625 0.125
4 0.91015625 0.5359375 0.1796875 0.19609375
4 0.8703125 0.70625 0.20859375 0.1578125
4 0.6421875 0.678125 0.18046875 0.1265625
4 0.3203125 0.69609375 0.13046875 0.12265625
4 0.21484375 0.69375 0.10234375 0.09921875
4 0.0875 0.7125 0.1734375 0.1140625
3 0.2546875 0.68125 0.01328125 0.0140625
2 0.09765625 0.53125 0.028125 0.028125
3 0.11484375 0.50625 0.021875 0.01953125
3 0.1875 0.5328125 0.01171875 0.01953125
3 0.4 0.528125 0.01640625 0.01328125
3 0.346875 0.6625 0.01875 0.0125
3 0.65078125 0.66875 0.01953125 0.01640625
3 0.8421875 0.7 0.01640625 0.02265625
3 0.91640625 0.4984375 0.01640625 0.01171875
3 0.6484375 0.53828125 0.0203125 0.01328125
2 0.38046875 0.578125 0.0203125 0.01953125
2 0.15859375 0.59375 0.02265625 0.0234375
2 0.81953125 0.74765625 0.0328125 0.028125
2 0.8875 0.56171875 0.03046875 0.03046875
0 0.81953125 0.828125 0.1 0.03828125
0 0.9109375 0.8375 0.06640625 0.04609375
0 0.60625 0.7984375 0.0859375 0.02421875
0 0.7 0.81640625 0.04765625 0.0359375