4 0.78359375 0.24765625 0.4328125 0.2015625
4 0.73203125 0.5421875 0.4859375 0.25625
4 0.80859375 0.8984375 0.3171875 0.203125
4 0.8046875 0.759375 0.3203125 0.1875
3 0.9328125 0.87734375 0.04375 0.0328125
2 0.75078125 0.13671875 0.0625 0.0328125
1 0.46640625 0.85703125 0.409375 0.2125
1 0.50859375 0.7109375 0.35 0.2125
1 0.32578125 0.4890625 0.4734375 0.3234375
1 0.46875 0.25859375 0.434375 0.3
0 0.40859375 0.071875 0.06875 0.09375
0 0.4171875 0.23671875 0.0546875 0.040625
0 0.25 0.0984375 0.0765625 0.1125
0 0.2421875 0.34140625 0.1 0.109375
0 0.10234375 0.34453125 0.096875 0.128125
0 0.1859375 0.5640625 0.103125 0.11875
0 0.24453125 0.8109375 0.1015625 0.1140625
0 0.26640625 0.88515625 0.06875 0.0703125
0 0.3390625 0.615625 0.0625 0.084375