4 0.398681640625 0 0.396728515625 0.011393229687500001 0.390625 0.0257161453125 0.385986328125 0.0413411453125 0.370361328125 0.1126302078125 0.37255859375 0.125 0.37255859375 0.1419270828125 0.371337890625 0.1507161453125 0.361572265625 0.1878255203125 0.357666015625 0.21484375 0.352294921875 0.3460286453125 0.351806640625 0.3811848953125 0.353271484375 0.3909505203125 0.354248046875 0.3935546875 0.357177734375 0.3958333328125 0.3671875 0.3994140625 0.3779296875 0.3961588546875 0.39208984375 0.3971354171875 0.40087890625 0.3997395828125 0.418212890625 0.40234375 0.431884765625 0.4091796875 0.455322265625 0.4130859375 0.46142578125 0.4182942703125 0.46142578125 0.4244791671875 0.458740234375 0.4306640625 0.45947265625 0.4326171875 0.464599609375 0.4290364578125 0.467041015625 0.4192708328125 0.476806640625 0.4208984375 0.48193359375 0.4186197921875 0.481689453125 0.416015625 0.4765625 0.4124348953125 0.4755859375 0.39453125 0.47998046875 0.3753255203125 0.483642578125 0.2923177078125 0.48779296875 0.24186197968749998 0.48828125 0.22526041718749998 0.486572265625 0.20670572968749998 0.47802734375 0.1539713546875 0.478515625 0.1402994796875 0.4833984375 0.1311848953125 0.48828125 0.126953125 0.497802734375 0.1256510421875 0.519287109375 0.1328125 0.53466796875 0.1487630203125 0.538818359375 0.1451822921875 0.548095703125 0.08072916718749999 0.554931640625 0.06315104218749999 0.561767578125 0.02734375 0.562255859375 0.010416667187500001 0.561279296875 0 0.398681640625 0
3 0.421875 0.01953125 0.0359375 0.0390625
3 0.23203125 0.040625 0.02890625 0.04765625
0 0.144775390625 0.7568359375 0.164794921875 0.7542317703125 0.19482421875 0.7369791671875 0.205322265625 0.7330729171875 0.222900390625 0.7236328125 0.22900390625 0.7174479171875 0.231201171875 0.7135416671875 0.23193359375 0.7080078125 0.2314453125 0.6998697921875 0.229248046875 0.6953125 0.22607421875 0.6796875 0.221923828125 0.6702473953125 0.220947265625 0.6705729171875 0.220947265625 0.67578125 0.21484375 0.6852213546875 0.210693359375 0.6884765625 0.199462890625 0.6910807296875 0.193359375 0.6907552078125 0.1845703125 0.6868489578125 0.179443359375 0.6809895828125 0.17529296875 0.6806640625 0.173583984375 0.6761067703125 0.171142578125 0.6748046875 0.16162109375 0.6826171875 0.161376953125 0.6848958328125 0.1650390625 0.6868489578125 0.16455078125 0.6881510421875 0.159912109375 0.6936848953125 0.15771484375 0.6943359375 0.15234375 0.7018229171875 0.14892578125 0.7034505203125 0.144775390625 0.7106119796875 0.114501953125 0.73046875 0.112548828125 0.7347005203125 0.111572265625 0.7412109375 0.111328125 0.7490234375 0.11572265625 0.7545572921875 0.12939453125 0.7565104171875 0.144775390625 0.7568359375
2 0.719970703125 0.1800130203125 0.718994140625 0.1930338546875 0.712890625 0.21809895781250002 0.713623046875 0.2516276046875 0.720458984375 0.2561848953125 0.729736328125 0.2591145828125 0.75244140625 0.259765625 0.757080078125 0.2574869796875 0.762939453125 0.23600260468749998 0.765625 0.21907552031250002 0.76416015625 0.1904296875 0.76513671875 0.1881510421875 0.773681640625 0.181640625 0.780517578125 0.1780598953125 0.784912109375 0.1774088546875 0.786376953125 0.1748046875 0.783935546875 0.15625 0.7841796875 0.134765625 0.782958984375 0.130859375 0.774169921875 0.1178385421875 0.76708984375 0.11328125 0.76220703125 0.10546875 0.758544921875 0.107421875 0.745849609375 0.1266276046875 0.7421875 0.1285807296875 0.7412109375 0.1272786453125 0.74072265625 0.1110026046875 0.733642578125 0.1204427078125 0.72705078125 0.1263020828125 0.722900390625 0.1318359375 0.710205078125 0.1549479171875 0.706787109375 0.1650390625 0.706787109375 0.171875 0.71044921875 0.1722005203125 0.71484375 0.1748046875 0.719970703125 0.1800130203125
3 0.75 0.15625 0.01171875 0.01640625
2 0.71953125 0.209375 0.015625 0.02890625
1 0.717529296875 0.3160807296875 0.70703125 0.3528645828125 0.701904296875 0.3675130203125 0.703857421875 0.3720703125 0.711181640625 0.3792317703125 0.714599609375 0.375 0.7255859375 0.34765625 0.727783203125 0.349609375 0.72900390625 0.3580729171875 0.73095703125 0.3600260421875 0.736083984375 0.3600260421875 0.74365234375 0.3538411453125 0.742431640625 0.298828125 0.75244140625 0.2613932296875 0.752197265625 0.2591145828125 0.733642578125 0.2591145828125 0.7236328125 0.2574869796875 0.71826171875 0.25390625 0.716552734375 0.2548828125 0.71630859375 0.2799479171875 0.71923828125 0.3040364578125 0.717529296875 0.3102213546875 0.717529296875 0.3160807296875
0 0.713134765625 0.3896484375 0.713623046875 0.3805338546875 0.710693359375 0.3795572921875 0.702880859375 0.3720703125 0.694580078125 0.3837890625 0.68603515625 0.392578125 0.68603515625 0.3968098953125 0.68896484375 0.3977864578125 0.706787109375 0.3977864578125 0.713134765625 0.3896484375
0 0.74853515625 0.3772786453125 0.749267578125 0.3756510421875 0.74853515625 0.3684895828125 0.74609375 0.3626302078125 0.743408203125 0.3649088546875 0.740966796875 0.365234375 0.736572265625 0.3619791671875 0.732666015625 0.3610026046875 0.726318359375 0.375 0.717529296875 0.3818359375 0.718017578125 0.3841145828125 0.724609375 0.3860677078125 0.73486328125 0.3863932296875 0.74853515625 0.3772786453125
1 0.569091796875 0.3317057296875 0.56396484375 0.3411458328125 0.562255859375 0.34765625 0.557861328125 0.3981119796875 0.560302734375 0.4684244796875 0.561767578125 0.4847005203125 0.56396484375 0.4921875 0.569091796875 0.4928385421875 0.576171875 0.4905598953125 0.587158203125 0.4788411453125 0.588623046875 0.4768880203125 0.587646484375 0.4697265625 0.6181640625 0.4615885421875 0.619873046875 0.4638671875 0.62451171875 0.4664713546875 0.630126953125 0.4664713546875 0.64013671875 0.46875 0.645263671875 0.4677734375 0.648193359375 0.4641927078125 0.6513671875 0.4521484375 0.657958984375 0.4176432296875 0.66455078125 0.3763020828125 0.6689453125 0.3404947921875 0.669677734375 0.3128255203125 0.664794921875 0.2867838546875 0.65966796875 0.275390625 0.6572265625 0.2643229171875 0.6533203125 0.2581380203125 0.620361328125 0.2526041671875 0.6015625 0.24479166718749998 0.5947265625 0.24088541718749998 0.585205078125 0.23307291718749998 0.574462890625 0.2197265625 0.5732421875 0.22005208281250002 0.56787109375 0.228515625 0.56640625 0.23307291718749998 0.56689453125 0.2421875 0.571533203125 0.2731119796875 0.57177734375 0.30859375 0.569091796875 0.3317057296875