4 0.7171875 0.36640625 0.15625 0.296875
4 0.68125 0.20703125 0.0765625 0.0921875
4 0.36640625 0.4 0.128125 0.234375
4 0.28125 0.4203125 0.090625 0.240625
3 0.31015625 0.38046875 0.0078125 0.025
1 0.36640625 0.6859375 0.1421875 0.290625
0 0.33046875 0.83984375 0.078125 0.059375
0 0.39375 0.85 0.05625 0.05625
0 0.28671875 0.77109375 0.05 0.05
1 0.72890625 0.65546875 0.1234375 0.3328125
0 0.765625 0.81328125 0.075 0.0578125
0 0.69765625 0.77265625 0.0375 0.0515625
2 0.77109375 0.36953125 0.021875 0.0515625
3 0.72109375 0.30625 0.0203125 0.028125
3 0.68046875 0.20546875 0.009375 0.0125