4 0.52578125 0.3015625 0.21875 0.4171875
3 0.53984375 0.246875 0.0328125 0.04375
4 0.3609375 0.21328125 0.2125 0.4015625
3 0.36875 0.15234375 0.028125 0.03125
4 0.6828125 0.24609375 0.2734375 0.475
3 0.6953125 0.13515625 0.0421875 0.0453125
2 0.46015625 0.36953125 0.05 0.078125
1 0.575 0.653125 0.215625 0.4265625
0 0.47109375 0.846875 0.0890625 0.06875
0 0.546875 0.84140625 0.0984375 0.125
0 0.33828125 0.7890625 0.09375 0.078125
0 0.47023469999999995 0.777855378125 0.465246978125 0.7830406546875001 0.4373378671875 0.7937859796875 0.433545190625 0.8010505515625 0.4356235921875 0.8077476265625 0.446352771875 0.81486269375 0.4734222265625 0.8188305937499999 0.48658445468749995 0.8140048343749999 0.4901433671875 0.8086441234375 0.4909138421875 0.7984317187500001 0.4878654203125 0.7838852859375 0.4907834796875 0.7758691359375 0.485682875 0.76622423125 0.4884450921875 0.759477321875 0.4839940796875 0.75635405625 0.47995015625 0.7577900875 0.47023469999999995 0.777855378125
0 0.184375 0.68828125 0.0875 0.05
0 0.36953125 0.68828125 0.071875 0.0890625
1 0.30546875 0.5296875 0.2453125 0.3328125
0 0.4421875 0.63828125 0.175 0.30625