1 0.5134259265625001 0.5641975312499999 0.54305555625 0.5512345671875 0.584259259375 0.5518518515624999 0.5875 0.549382715625 0.5851851859375 0.546296296875 0.5856481484375 0.5259259265625 0.5828703703125 0.517901234375 0.5800925921875 0.5166666671875 0.5745370375000001 0.5 0.571296296875 0.4611111109375 0.5731481484375001 0.395061728125 0.5796296296875 0.3753086421875 0.5773148140625 0.3283950625 0.5724089015625 0.2667656671875 0.558736715625 0.26433505625 0.5438492234375001 0.27486770312500003 0.5456721812499999 0.345760525 0.5414186109375 0.296743203125 0.534259259375 0.2932098765625 0.522222221875 0.2956790125 0.5203703703125 0.2987654328125 0.5166666671875 0.3425925921875 0.516203703125 0.39074074062499997 0.51805555625 0.4104938265625 0.520454590625 0.42110946718750003 0.5195431125 0.43974415312500004 0.5146818890625 0.44784618906249996 0.5143780640625 0.4547329203125 0.50555555625 0.52283950625 0.4990740734375 0.558641975 0.5004629625 0.5666666671875 0.5134259265625001 0.5641975312499999
0 0.5175925921875 0.2716049375 0.521759259375 0.254938271875 0.527777778125 0.25 0.540740740625 0.2561728390625 0.5421296296875 0.23518518593749999 0.540740740625 0.2246913578125 0.5370370375 0.21728394999999998 0.5254629625 0.2154320984375 0.5175925921875 0.223456790625 0.5134259265625001 0.240740740625 0.516203703125 0.2660493828125 0.5175925921875 0.2716049375
0 0.5201507640624999 0.2971483046875 0.518935459375 0.2614993421875 0.527777778125 0.25 0.5377726953125 0.2497513890625 0.5423300906249999 0.29188198125000003 0.5421296296875 0.23333333281250002 0.5370370375 0.21728394999999998 0.5259259265625 0.2154320984375 0.5175925921875 0.223456790625 0.5134259265625001 0.240740740625 0.5166666671875 0.269135803125 0.5201507640624999 0.2971483046875
0 0.5420262640625 0.2635248515625 0.553703703125 0.23827160468750003 0.559722221875 0.23456790156250001 0.572712728125 0.23435751875 0.5757509921875 0.23719323281250002 0.5702821171875 0.2477258796875 0.583796296875 0.23086419687499998 0.5861111109375 0.222222221875 0.5861111109375 0.208024690625 0.5803083890625 0.20640549218749998 0.57878925625 0.20640549218749998 0.5606481484375 0.21172839531249998 0.5417224375 0.241649353125 0.5411147859375001 0.2554228140625 0.5420262640625 0.2635248515625
0 0.7231481484375 0.4129629625 0.7291666671875 0.41234567968749997 0.7340913640625 0.399139953125 0.7569444437499999 0.3932098765625 0.7615740734374999 0.386419753125 0.7620370375000001 0.38148148125 0.759259259375 0.3790123453125 0.746296296875 0.3802469140625 0.721759259375 0.3882716046875 0.7199074078125001 0.3925925921875 0.7203703703125 0.40432098749999995 0.7231481484375 0.4129629625
1 0.6923429078125001 0.6001008359375 0.6908747453124999 0.6171594703125 0.6910844828125 0.6196763187500001 0.6948597546874999 0.6182780703125 0.7007323999999999 0.6182780703125 0.7097511046875 0.61911701875 0.7286274640625 0.6138036734375001 0.741421440625 0.6110071765625 0.756312790625 0.6129647234375 0.757151740625 0.571296909375 0.75316673125 0.5153669562500001 0.749181721875 0.46670789687500003 0.7456161875 0.44042081875 0.745825925 0.43035342656250003 0.7447772390625 0.41021864375000006 0.7290469390625 0.41217619218749996 0.719608759375 0.41441339062500004 0.7214963953125 0.44070046874999996 0.7214963953125 0.4633521 0.72401324375 0.489079878125 0.726949565625 0.518163453125 0.7244327187499999 0.5293494437499999 0.7154140124999999 0.5615091671875 0.711429003125 0.5223582 0.699012334375 0.4982960828125 0.6980058140625001 0.5447301812500001 0.6923429078125001 0.6001008359375
0 0.6666666671875 0.42469135781249995 0.66898148125 0.419135803125 0.66944444375 0.403703703125 0.6615740734375 0.4024691359375 0.659259259375 0.40555555625000006 0.6574074078125001 0.4209876546875 0.6666666671875 0.42469135781249995
4 0.6754629624999999 0.7574074078125 0.6852118390624999 0.76900929375 0.708796296875 0.7771604937500001 0.7166666671875 0.769135803125 0.730743790625 0.752088953125 0.73722669375 0.7625773484375 0.73806564375 0.76872964375 0.7334514234375 0.7760005375000001 0.74540645 0.7634162984375 0.765277778125 0.7524691359375 0.78336890625 0.7270618296875 0.7833333328125 0.71728395 0.7800925921874999 0.7129629625 0.7691067687500001 0.7066473953125 0.7665899203125 0.7021729999999999 0.7598783250000001 0.7052491468750001 0.7583333328124999 0.6975308640625 0.75555555625 0.68271605 0.7550925921875 0.6623456796875 0.7601851859375001 0.62716049375 0.75555555625 0.613580246875 0.7370370375 0.6111111109375 0.7166724375 0.6166001718749999 0.7078634687500001 0.6207949171875 0.690455271875 0.6185577203125 0.69398148125 0.6820987656249999 0.6898148140625 0.7129629625 0.6734665484375 0.7253839296875 0.6684328515625 0.7259432296874999 0.6699074078125 0.74012345625 0.6754629624999999 0.7574074078125
2 0.7390625 0.6578125 0.015625 0.03046875
3 0.75078125 0.74140625 0.0109375 0.015625
4 0.540126365625 0.5978369453125 0.563407675 0.6095638265625001 0.5494388890625 0.6371564890625 0.505463084375 0.66750841875 0.4992547359375 0.7192446609375 0.48101851875 0.7296296296875 0.47592592656250005 0.741358025 0.4861111109375 0.7740740734375 0.49583333281249997 0.796296296875 0.5013888890625 0.8006172843750001 0.509259259375 0.7987654328125 0.51944444375 0.8074074078125 0.5328703703125 0.809259259375 0.534259259375 0.8006172843750001 0.5388888890625 0.7956790125000001 0.54305555625 0.7759259265625 0.5578703703125 0.7716049375 0.565740740625 0.7759259265625 0.5763888890625 0.8067901234375 0.5796296296875 0.8104938265625 0.5870370375 0.79012345625 0.603703703125 0.7839506171874999 0.6143518515624999 0.772222221875 0.6296296296875 0.704938271875 0.6226851859375 0.6956790125000001 0.6125 0.695061728125 0.603240740625 0.69012345625 0.6 0.691358025 0.5870370375 0.6870370375 0.5675925921875 0.6648148140625 0.5638888890625 0.65 0.5722222218749999 0.641975309375 0.5893518515625 0.6432098765625 0.590277778125 0.6290123453125 0.5856481484375 0.6030864203124999 0.5865740734375 0.5870370375 0.583796296875 0.554938271875 0.56851851875 0.550617284375 0.5476851859375 0.550617284375 0.5074074078125 0.5648148140625 0.4894248484375 0.5785220828125001 0.5018415468749999 0.63577685625 0.540126365625 0.5978369453125
3 0.57734375 0.7453125 0.01796875 0.03046875