4 0.509375 0.69296875 0.3203125 0.23125
4 0.3609375 0.853125 0.146875 0.1140625
4 0.4390625 0.5234375 0.15 0.10625
4 0.40078125 0.74296875 0.15625 0.084375
1 0.21953125 0.634375 0.3265625 0.171875
1 0.2921875 0.48984375 0.1765625 0.103125
1 0.2828125 0.58203125 0.1734375 0.0875
1 0.27265625 0.7390625 0.1359375 0.0625
1 0.228125 0.81640625 0.153125 0.0921875
1 0.3484375 0.415625 0.1171875 0.0765625
1 0.34921875 0.34765625 0.1078125 0.0703125
4 0.446875 0.36171875 0.103125 0.075
4 0.45078125 0.4296875 0.0984375 0.065625
3 0.56875 0.740625 0.0296875 0.0265625
3 0.396875 0.8703125 0.0171875 0.0140625
3 0.4359375 0.75234375 0.0203125 0.0125
3 0.4515625 0.37578125 0.0140625 0.009375
3 0.52890625 0.228125 0.021875 0.021875
0 0.284375 0.21875 0.0875 0.13125