1 0.5401844 0.789345759375 0.5390996921875 0.80284434375 0.5305555562500001 0.81728395 0.52644476875 0.8407689359375 0.5510314765625 0.8606954171875 0.55694444375 0.9045267484374999 0.565277778125 0.9135802468750001 0.577777778125 0.9028806578124999 0.584259259375 0.8921810703125 0.5856481484375 0.8855967078125 0.583796296875 0.8534979421875001 0.5736111109375 0.7604938265625 0.584259259375 0.7045267484375 0.5828703703125 0.7012345671875 0.5856481484375 0.6921810703125 0.5870370375 0.6716049374999999 0.590277778125 0.669135803125 0.5953703703125 0.6427983546875 0.6010427468749999 0.5934372484375 0.5938539890625 0.5912146375 0.57353793125 0.585658109375 0.5449074078125 0.564609053125 0.5319681515625 0.5606537296874999 0.5305555562500001 0.5637860078125 0.5300925921874999 0.569547325 0.540277778125 0.6518518515625 0.54126910625 0.730851896875 0.540277778125 0.7738683125 0.5401844 0.789345759375
0 0.5518518515624999 0.9226337453125 0.5601851859375 0.9226337453125 0.5643518515625 0.9193415640625 0.5648148140625 0.9152263375 0.5615740734375 0.9069958843749999 0.5523148140624999 0.891358025 0.5486111109375 0.8600823046875 0.528240740625 0.8444444437499999 0.5226851859375 0.8633744859375 0.5226851859375 0.8748971187500001 0.5314814812499999 0.8954732515625 0.5328703703125 0.916872428125 0.5518518515624999 0.9226337453125
0 0.571296296875 0.98271605 0.5800925921875 0.98271605 0.590277778125 0.9753086421875 0.5939814812499999 0.967901234375 0.5981481484375 0.9489711937499999 0.603240740625 0.94238683125 0.6078703703125 0.9283950624999999 0.60648148125 0.9119341562500001 0.5990740734375 0.8954732515625 0.5870370375 0.886419753125 0.5759259265625001 0.9053497937499999 0.5675925921875 0.9144032921875 0.5643518515625 0.920164609375 0.56805555625 0.940740740625 0.56805555625 0.9761316875 0.571296296875 0.98271605
4 0.54305555625 0.47654320937500005 0.541203703125 0.49382716093749995 0.5421296296875 0.5144032921874999 0.54398148125 0.51851851875 0.5388888890625 0.52510288125 0.5384259265625 0.53580246875 0.534722221875 0.540740740625 0.5324074078125001 0.5563786015625001 0.5369690265625 0.5612093828125 0.5788513609375 0.58510245625 0.6083333328125 0.5917695468749999 0.6152777781250001 0.588477365625 0.6180555562500001 0.5835390953124999 0.6175925921875 0.5415637859375 0.61898148125 0.5300411515625 0.6208333328125 0.50534979375 0.622222221875 0.4502057609375 0.6219839140625 0.3939578734375 0.6347222218749999 0.38765432031249997 0.6504629625 0.37283950625 0.659259259375 0.35967078125 0.6648148140625 0.3572016453125 0.66805555625 0.34897119375 0.6504629625 0.28312757187500004 0.6347222218749999 0.2362139921875 0.6236111109375 0.2230452671875 0.5990740734375 0.20987654375 0.5962962968750001 0.2123456796875 0.5888888890625 0.230452675 0.58055555625 0.2362139921875 0.5754629625 0.23456790156250001 0.5601851859375 0.1893004109375 0.5550972015625 0.2022576390625 0.5316555968750001 0.20281329218750002 0.5154027515624999 0.2167046125 0.490398371875 0.2989412359375 0.484147278125 0.322834309375 0.4953992484375 0.33616997656250003 0.49133603593749997 0.352283909375 0.495711803125 0.3511726046875 0.49727457656249996 0.332836059375 0.5125897578124999 0.3178334328125 0.51165209375 0.3089429875 0.5250919484375001 0.31172125156249997 0.5288426046875 0.3233899609375 0.52853005 0.340059546875 0.5370370375 0.37695473281249997 0.5393518515625 0.401646090625 0.5458333328125 0.4296296296875 0.5425925921875 0.45432098749999994 0.54305555625 0.47654320937500005
2 0.5828125 0.3859375 0.01796875 0.05390625
3 0.609375 0.290625 0.021875 0.03359375
1 0.2509341515625 0.667553040625 0.25409339375 0.6731694734375 0.248226228125 0.6932281578125 0.253703703125 0.75967078125 0.259259259375 0.7670781890625 0.2708333328125 0.761316871875 0.2754629625 0.7646090531249999 0.2791666671875 0.7514403296875 0.2759259265625 0.7382716046875 0.27777777812500004 0.720164609375 0.272222221875 0.68148148125 0.271759259375 0.6460905343750001 0.275 0.6230452671875 0.2740740734375 0.55967078125 0.2759259265625 0.5432098765625 0.28101851875 0.5325102875 0.2856481484375 0.5283950625 0.2875 0.520164609375 0.2731481484375 0.4823045265625 0.25694444375000003 0.47736625468750005 0.24444444375000002 0.4839506171875 0.2356481484375 0.5020576125 0.23194444375 0.5325102875 0.234259259375 0.6296296296875 0.231076053125 0.667553040625 0.248226228125 0.6707624296875 0.2509341515625 0.667553040625
0 0.2601851859375 0.6699588484375 0.2601851859375 0.6617283953124999 0.25833333281250004 0.6600823046875 0.25648148125 0.6641975312499999 0.2504629625 0.6674897125 0.2370370375 0.6683127578125 0.23240740781250002 0.6650205765625 0.2199074078125 0.6855967078125 0.21944444375 0.689711934375 0.22453703749999998 0.6938271609375 0.24398148125 0.693004115625 0.2601851859375 0.6699588484375
0 0.2759259265625 0.786831275 0.2759259265625 0.771193415625 0.2675925921875 0.7637860078125 0.259259259375 0.76625514375 0.252777778125 0.7851851859375001 0.2518518515625 0.7925925921875 0.2546296296875 0.7958847734375001 0.271759259375 0.7942386828125 0.2759259265625 0.786831275
1 0.4199074078125 0.7176954734375001 0.42222222187499997 0.7300411515625 0.43101851875 0.7629629625 0.440740740625 0.7687242796875 0.44305555625000004 0.7670781890625 0.44444444375 0.7604938265625 0.4486111109375 0.7604938265625 0.4509259265625 0.7703703703125 0.45277777812500003 0.7637860078125 0.4643518515625 0.758024690625 0.4675925921875 0.73909465 0.4611111109375 0.5827160499999999 0.4620370375 0.5703703703125 0.4675925921875 0.5456790125000001 0.465740740625 0.5300411515625 0.46296296249999996 0.5259259265625 0.4578703703125 0.5259259265625 0.44305555625000004 0.537448559375 0.4046296296875 0.5366255140625 0.4018518515625 0.5399176953125 0.40046296249999996 0.552263375 0.4074074078125 0.60329218125 0.4138888890625 0.6353909468750001 0.4199074078125 0.7176954734375001
0 0.44259259218749997 0.78271605 0.44305555625000004 0.761316871875 0.44120370312499996 0.7637860078125 0.43148148124999997 0.7588477359375 0.427777778125 0.761316871875 0.42083333281249996 0.7786008234375 0.42083333281249996 0.7876543203125 0.42314814843750004 0.791769546875 0.4379629625 0.791769546875 0.44259259218749997 0.78271605
0 0.4703703703125 0.791769546875 0.4703703703125 0.7818930046875 0.46388888906250003 0.7604938265625 0.45416666718750004 0.75967078125 0.45046296249999995 0.7654320984375 0.45 0.7851851859375001 0.45185185156249996 0.7958847734375001 0.458796296875 0.7975308640625001 0.4703703703125 0.791769546875