4 0.06015625 0.49140625 0.1203125 0.3578125
3 0.03046875 0.409375 0.01953125 0.034375
4 0.60703125 0.503125 0.12578125 0.2578125
4 0.44765625 0.54453125 0.09765625 0.20859375
4 0.32578125 0.553125 0.0984375 0.21640625
3 0.33828125 0.51484375 0.01328125 0.0234375
3 0.46953125 0.48828125 0.01328125 0.02109375
3 0.6171875 0.43203125 0.0140625 0.02734375
1 0.596875 0.7578125 0.0859375 0.278125
1 0.44609375 0.7640625 0.08046875 0.240625
1 0.3171875 0.7703125 0.08828125 0.2234375
0 0.28125 0.90234375 0.0375 0.03984375
0 0.33359375 0.896875 0.03203125 0.0375
0 0.41484375 0.89765625 0.03828125 0.06640625
0 0.46875 0.9 0.03515625 0.0515625
0 0.484375 0.8609375 0.0203125 0.03984375
0 0.58046875 0.9046875 0.03671875 0.075
0 0.61640625 0.91796875 0.04140625 0.09296875
0 0.64453125 0.81875 0.01171875 0.0296875
0 0.65859375 0.82109375 0.0171875 0.03203125
1 0.65625 0.7203125 0.04375 0.16953125