4 0.584375 0.27890625 0.2796875 0.1546875
4 0.734375 0.29140625 0.0890625 0.0734375
4 0.5984375 0.60546875 0.21875 0.125
4 0.590625 0.68515625 0.225 0.090625
3 0.62421875 0.65390625 0.021875 0.0078125
1 0.3359375 0.64140625 0.271875 0.140625
0 0.2 0.69375 0.059375 0.0734375
0 0.18203125 0.6375 0.053125 0.0546875
0 0.26875 0.72578125 0.046875 0.046875
1 0.3171875 0.30546875 0.3109375 0.1265625
0 0.16796875 0.2921875 0.05625 0.0703125
0 0.2140625 0.34921875 0.05 0.0359375
2 0.57421875 0.2296875 0.046875 0.021875
3 0.63984375 0.2671875 0.0265625 0.0203125
3 0.73671875 0.2921875 0.0109375 0.0109375