4 0.090625 0.371875 0.17109375 0.4078125
1 0.07265625 0.7390625 0.1453125 0.40234375
4 0.5671875 0.41328125 0.146875 0.303125
1 0.5546875 0.6703125 0.08515625 0.27578125
4 0.684375 0.42890625 0.115625 0.26171875
1 0.68046875 0.62734375 0.08671875 0.2234375
3 0.1046875 0.2890625 0.02421875 0.0296875
3 0.58671875 0.36015625 0.0125 0.02578125
3 0.70390625 0.36953125 0.01328125 0.01953125
2 0.6703125 0.43671875 0.0125 0.040625
4 0.43359375 0.38984375 0.096875 0.10546875
3 0.434375 0.3875 0.00859375 0.01640625
2 0.09140625 0.53046875 0.0328125 0.07421875
0 0.090625 0.96484375 0.03671875 0.0703125
0 0.15703125 0.83828125 0.05546875 0.059375
0 0.409375 0.74453125 0.0359375 0.04609375
0 0.45234375 0.71484375 0.02421875 0.07890625
0 0.54375 0.815625 0.02890625 0.05703125
0 0.578125 0.83828125 0.03515625 0.06640625
0 0.67421875 0.753125 0.02265625 0.05078125
0 0.6921875 0.75546875 0.025 0.0671875