4 0.72578125 0.40390625 0.071875 0.1375
4 0.646875 0.3921875 0.0828125 0.14921875
2 0.71875 0.40234375 0.01171875 0.02109375
3 0.7359375 0.3734375 0.0109375 0.0140625
1 0.71953125 0.521875 0.06015625 0.1234375
1 0.57734375 0.63125 0.1328125 0.3421875
1 0.66640625 0.540625 0.0734375 0.14375
1 0.82734375 0.59140625 0.0984375 0.2078125
0 0.54296875 0.65703125 0.06015625 0.03359375
0 0.64765625 0.6578125 0.03671875 0.03828125
0 0.4953125 0.79609375 0.05 0.1234375
0 0.646875 0.82265625 0.08515625 0.0484375
0 0.8203125 0.7109375 0.075 0.03984375
0 0.86328125 0.70703125 0.0203125 0.0265625
0 0.803125 0.64921875 0.02890625 0.0171875
0 0.80078125 0.63125 0.02890625 0.01875
0 0.696875 0.6109375 0.0390625 0.03125
0 0.740625 0.58984375 0.0390625 0.02421875
0 0.7125 0.5921875 0.02578125 0.03359375
0 0.65546875 0.62578125 0.0140625 0.01796875