4 0.109375 0.27890625 0.215625 0.5578125
4 0.23984375 0.2625 0.1875 0.475
4 0.52109375 0.25078125 0.203125 0.4921875
4 0.63203125 0.309375 0.2015625 0.50625
4 0.75390625 0.4015625 0.16875 0.4609375
4 0.86796875 0.51875 0.1953125 0.5953125
4 0.94609375 0.35234375 0.1078125 0.4203125
3 0.96796875 0.27421875 0.0125 0.0328125
3 0.58515625 0.121875 0.0171875 0.0453125
3 0.6875 0.20546875 0.0171875 0.046875
3 0.78671875 0.28671875 0.0234375 0.0453125
3 0.31015625 0.11796875 0.015625 0.0453125
3 0.18359375 0.1234375 0.015625 0.0390625
2 0.13359375 0.33515625 0.021875 0.0859375
2 0.29765625 0.2734375 0.028125 0.0828125
2 0.3921875 0.36640625 0.0359375 0.0984375
2 0.54375 0.2765625 0.03125 0.0859375
2 0.73359375 0.390625 0.0296875 0.0828125
2 0.8328125 0.62890625 0.03125 0.0859375
1 0.46015625 0.73046875 0.1453125 0.5390625
1 0.32109375 0.77109375 0.16875 0.434375
1 0.19453125 0.721875 0.1828125 0.50625
1 0.93515625 0.76875 0.1234375 0.4625
1 0.584375 0.76015625 0.1875 0.4796875
1 0.0703125 0.7234375 0.140625 0.471875
1 0.69375 0.79140625 0.159375 0.4171875