4 0.73515625 0.13984375 0.5296875 0.2796875
4 0.7359375 0.23671875 0.528125 0.1921875
3 0.81796875 0.18984375 0.053125 0.03125
4 0.75625 0.32265625 0.4875 0.2203125
3 0.846875 0.26328125 0.05 0.028125
2 0.58671875 0.1109375 0.0984375 0.0296875
3 0.88515625 0.3703125 0.0421875 0.025
2 0.6734375 0.2921875 0.08125 0.0359375
4 0.715625 0.55546875 0.56875 0.2609375
3 0.83203125 0.59765625 0.046875 0.0328125
3 0.73359375 0.76796875 0.053125 0.028125
4 0.603125 0.859375 0.60625 0.28125
3 0.72109375 0.8921875 0.05625 0.0328125
4 0.38515625 0.71953125 0.4125 0.3015625
2 0.48359375 0.83984375 0.1015625 0.0484375
3 0.425 0.678125 0.0515625 0.0328125
4 0.23359375 0.490625 0.4671875 0.278125
3 0.24453125 0.5125 0.053125 0.0328125
2 0.0296875 0.46015625 0.059375 0.0453125
4 0.30078125 0.1140625 0.5171875 0.228125
2 0.09296875 0.07890625 0.0796875 0.0375
3 0.32734375 0.13828125 0.0453125 0.01875
4 0.29921875 0.3296875 0.4421875 0.234375
4 0.70703125 0.72734375 0.3578125 0.1890625