0 0.68046875 0.82265625 0.0671875 0.0484375
0 0.69453125 0.8 0.084375 0.084375
1 0.58828125 0.61875 0.1046875 0.225
0 0.60859375 0.71171875 0.03125 0.0625
0 0.559375 0.728125 0.0421875 0.0421875
0 0.4578125 0.8609375 0.046875 0.05625
0 0.409375 0.79765625 0.05625 0.0921875
0 0.3828125 0.753125 0.0546875 0.08125
0 0.2859375 0.76484375 0.05625 0.071875
1 0.35234375 0.58359375 0.1640625 0.3234375
1 0.4765625 0.63203125 0.1828125 0.3484375
1 0.70390625 0.65 0.1390625 0.25625
4 0.6171875 0.43046875 0.125 0.2296875
4 0.50234375 0.34296875 0.2078125 0.3609375
4 0.3875 0.3078125 0.153125 0.315625
3 0.6109375 0.3734375 0.01875 0.0234375
3 0.48984375 0.23203125 0.025 0.0328125
3 0.37265625 0.25546875 0.015625 0.028125
2 0.365625 0.36875 0.028125 0.0515625
2 0.49296875 0.40234375 0.0375 0.0671875