1 0.53046875 0.6171875 0.3 0.140625
1 0.5234375 0.42265625 0.28125 0.140625
1 0.51015625 0.3 0.271875 0.1328125
1 0.49453125 0.1046875 0.175 0.0890625
4 0.2953125 0.64609375 0.246875 0.1390625
4 0.28125 0.44453125 0.246875 0.1578125
4 0.2765625 0.32578125 0.2484375 0.1359375
4 0.33125 0.12421875 0.1921875 0.121875
0 0.6015625 0.10078125 0.04375 0.0421875
0 0.65234375 0.26640625 0.0515625 0.0609375
0 0.65078125 0.3140625 0.0515625 0.05625
0 0.68125 0.40625 0.046875 0.0375
0 0.63671875 0.428125 0.059375 0.028125
0 0.69765625 0.6078125 0.0390625 0.05
0 0.7453125 0.925 0.0640625 0.0953125
3 0.24765625 0.68515625 0.0234375 0.0171875
3 0.2234375 0.3484375 0.0234375 0.0171875
3 0.278125 0.140625 0.0234375 0.0140625
2 0.38359375 0.6578125 0.0421875 0.01875