4 0.40703125 0.625 0.3203125 0.2703125
1 0.6328125 0.57109375 0.3546875 0.2734375
3 0.42578125 0.65625 0.0234375 0.025
4 0.20234375 0.21484375 0.4046875 0.2984375
3 0.09453125 0.26328125 0.034375 0.028125
4 0.3578125 0.27578125 0.2109375 0.11875
3 0.3109375 0.28828125 0.0171875 0.0125
4 0.365625 0.31640625 0.1859375 0.0828125
3 0.32109375 0.321875 0.0140625 0.009375
1 0.52109375 0.1265625 0.4140625 0.253125
4 0.44453125 0.8390625 0.3359375 0.2203125
1 0.69375 0.7671875 0.3296875 0.25
1 0.60625 0.4703125 0.2796875 0.1328125
0 0.6953125 0.0125 0.15625 0.025
0 0.73671875 0.12734375 0.1203125 0.090625
0 0.74453125 0.41875 0.0609375 0.0515625
0 0.81953125 0.46015625 0.078125 0.065625
0 0.8484375 0.61171875 0.078125 0.084375
0 0.88515625 0.76328125 0.08125 0.10625
0 0.8 0.6578125 0.1296875 0.075
0 0.634375 0.2015625 0.053125 0.0421875
0 0.62265625 0.2234375 0.040625 0.0390625
1 0.521875 0.22578125 0.1921875 0.0984375