4 0.75859375 0.365625 0.22265625 0.57421875
3 0.83828125 0.209375 0.025 0.0609375
4 0.24296875 0.421875 0.21796875 0.49296875
3 0.31171875 0.3171875 0.0296875 0.04140625
4 0.47734375 0.53046875 0.11171875 0.2328125
3 0.49609375 0.47421875 0.01328125 0.01875
4 0.3828125 0.57109375 0.059375 0.19765625
3 0.38125 0.5234375 0.0125 0.01796875
1 0.46875 0.77890625 0.07578125 0.27421875
0 0.440625 0.94296875 0.0234375 0.0359375
0 0.4671875 0.9421875 0.02109375 0.02109375
1 0.2453125 0.80625 0.13125 0.3875
2 0.26796875 0.43671875 0.02578125 0.07578125
1 0.37578125 0.74765625 0.05078125 0.14609375
0 0.3578125 0.84765625 0.028125 0.03828125
0 0.390625 0.83125 0.015625 0.04375
1 0.76171875 0.80234375 0.18046875 0.39453125