4 0.44765625 0.58515625 0.0828125 0.1546875
4 0.32265625 0.5828125 0.10859375 0.1859375
4 0.12890625 0.61796875 0.1171875 0.18984375
4 0.06796875 0.56015625 0.1140625 0.19609375
1 0.11875 0.7984375 0.1328125 0.2359375
1 0.32578125 0.77421875 0.1140625 0.246875
1 0.44140625 0.740625 0.09765625 0.1828125
0 0.47734375 0.8421875 0.0484375 0.0296875
0 0.3796875 0.80703125 0.034375 0.0625
0 0.325 0.9203125 0.05234375 0.04296875
0 0.16796875 0.9296875 0.0703125 0.0625
0 0.05390625 0.90234375 0.04140625 0.0609375
3 0.3640625 0.53984375 0.0109375 0.01328125
2 0.46640625 0.62421875 0.01640625 0.025
3 0.16796875 0.56328125 0.0109375 0.01640625
3 0.10546875 0.51328125 0.01171875 0.0140625