4 0.45009461718750005 0.01357969375 0.42143359062499997 0.0005887109375 0.3964816390625 0.12919942499999998 0.42784017343749997 0.11815709062499999 0.4170501390625 0.21753809687499998 0.41435263125 0.2986912484375 0.469651553125 0.2986912484375 0.4983125796875 0.28898849375 0.4932547515625 0.12136435625 0.515846384375 0.10386701250000001 0.495615071875 0 0.47437219218750004 0.0005887109375 0.46897717656250004 0.0181265359375 0.46762842187500003 0.0687913625 0.45009461718750005 0.01357969375
2 0.47265625 0.19140625 0.02578125 0.04921875
4 0.7557834625 0.1072811484375 0.7519772859375 0.09837788750000001 0.7362088359375 0.0643360125 0.713371771875 0.08057136875000001 0.703856328125 0.09942533125 0.697331453125 0.135562090625 0.6946127546875001 0.1774597859375 0.7076625062499999 0.1831554390625 0.7204403875 0.1899638140625 0.7171779500000001 0.2072466125 0.6894472281249999 0.31513317500000004 0.708478115625 0.330844809375 0.740558753125 0.3366057421875 0.7489867171875 0.3345108578125 0.750074196875 0.31408573125 0.745452409375 0.297850375 0.75088980625 0.3057061921875 0.7514335453125 0.3187992234375 0.757958421875 0.3303210890625 0.773455 0.2989304578125 0.7772611781250001 0.2779816109375 0.767745734375 0.2680309078125 0.768289475 0.2606988109375 0.766114515625 0.257556484375 0.7658426453125 0.23870252343749998 0.7691050828125 0.2214197234375 0.770736303125 0.202042040625 0.772639390625 0.18423552031249998 0.7791642671875 0.18214063593750002 0.7799798765625 0.10934339374999999 0.772639390625 0.087870825 0.7636676875 0.0753015171875 0.758230290625 0.074254075 0.759589640625 0.078967565625 0.76040525 0.0941554796875 0.7557834625 0.1072811484375
3 0.73828125 0.1390625 0.015625 0.03515625
3 0.4421875 0.07265625 0.01875 0.03203125
0 0.43946869062499994 0.542731921875 0.4375711578125 0.5456537625 0.4314990515625 0.5449233015625 0.42960151875 0.5500365234375 0.42618595781249996 0.59897735625 0.427703984375 0.6070124171875 0.43225806406249995 0.6121256390625 0.4466793171875 0.6113951796875 0.4504743828125 0.6011687359375 0.4500948765625 0.5894813734375 0.44288425 0.548575603125 0.4436432640625 0.5441928421875 0.439848196875 0.5420014609375 0.43946869062499994 0.542731921875
0 0.44743832968749997 0.5273922578125 0.44554079687500003 0.534696859375 0.44516129062500004 0.5536888234374999 0.44743832968749997 0.5675675671875 0.45237191718750003 0.579985390625 0.45464895624999996 0.5836376921875 0.4626185953125 0.5872899921875 0.469449715625 0.5872899921875 0.4743833015625 0.5843681515625 0.4747628078125 0.568298028125 0.4645161296875 0.542731921875 0.462998103125 0.532505478125 0.45464895624999996 0.53177501875 0.451612903125 0.5273922578125 0.4495256171875 0.5273922578125 0.44743832968749997 0.5273922578125
1 0.775711575 0.293644996875 0.7669829218750001 0.31044558125 0.761290321875 0.325054784375 0.7555977234375 0.327976625 0.7521821625 0.32213294375 0.7502846296875 0.3265157046875 0.7499051234375 0.33382030625 0.7483870968749999 0.3360116875 0.7199240984374999 0.3345507671875 0.7138519921875 0.3323593859375 0.7108159390625 0.33382030625 0.70891840625 0.363769175 0.705882353125 0.38056975937500004 0.70246679375 0.3915266625 0.7077798859375 0.457268078125 0.70967741875 0.465303140625 0.7092979125000001 0.47041636249999996 0.711954459375 0.4747991234375 0.7138519921875 0.4740686625 0.7172675515625 0.453615778125 0.7282732453125 0.42366690937499996 0.730550284375 0.420014609375 0.7351043640625 0.4185536890625 0.736242884375 0.41490138749999994 0.7373814046875 0.4156318484375 0.736622390625 0.4433893359375 0.7392789375000001 0.45434623749999997 0.73889943125 0.45872900000000005 0.7415559765624999 0.465303140625 0.7415559765624999 0.4740686625 0.7438330171875001 0.478451425 0.742314990625 0.5047479906250001 0.742694496875 0.5529583640625 0.7464895640625 0.5843681515625 0.748766603125 0.5931336734375 0.74573055 0.6143170203125 0.748766603125 0.6281957640625 0.750943678125 0.6277051874999999 0.7522491546875 0.6281225984375001 0.754206115625 0.6261340234375 0.7585560328125001 0.62351541875 0.76453716875 0.6250865828125 0.7699745640625 0.622991696875 0.7688804546875 0.6143170203125 0.7738140421875 0.6070124171875 0.7753320687499999 0.5887509125 0.7745730546875 0.5010956906249999 0.772296015625 0.44265887499999995 0.7745730546875 0.4265887515625 0.7738140421875 0.4163623078125 0.7753320687499999 0.40905770625000004 0.7749525609375 0.40321402500000003 0.778747628125 0.3886048203125 0.779127134375 0.38203067968750004 0.779127134375 0.3009495984375 0.778368121875 0.2965668375 0.7760910812499999 0.293644996875 0.775711575 0.293644996875
0 0.7745424796875 0.6433105125 0.7691050828125 0.6459291171875 0.7666582546875 0.6391207421875 0.758230290625 0.6323123671875 0.7538803734374999 0.6265514343749999 0.7473554984375 0.6275988765625 0.7473554984375 0.6475002812499999 0.7522491546875 0.649595165625 0.7612208593750001 0.6532612140625 0.77644556875 0.6626881953125 0.78759223125 0.6653068015625 0.7905827984375 0.6611170328125 0.7884078406249999 0.65273749375 0.7805464734374999 0.645162571875 0.7745424796875 0.6433105125
0 0.6831942234375 0.5773216437500001 0.6682413828125 0.5705132703125 0.6633477265625001 0.5678946625 0.66307585625 0.5809876921875 0.6671539046875 0.5877960671875 0.6674257734375 0.5966993281249999 0.6696007328125 0.6145058484375 0.6815630031250001 0.6207905015625 0.6902628375 0.6207905015625 0.6902628375 0.6113635203125 0.6831942234375 0.5773216437500001
2 0.765625 0.21953125 0.01875 0.04296875
1 0.5003357109375 0.282980628125 0.4430136578125 0.2920743140625 0.41839889374999994 0.2927238640625 0.420422025 0.295971609375 0.42851454999999994 0.3680715546875 0.42615422968749994 0.382361634375 0.4281773609375 0.4083435953125 0.425479853125 0.41873638125 0.42413109843749996 0.47524714843750004 0.42413109843749996 0.5343561140624999 0.4467227328125 0.5259119765625 0.4571755765625 0.3901562234375 0.44874586406250005 0.5252624265625 0.46021027343750004 0.5350056624999999 0.4662796671875 0.5272110734375001 0.480778775 0.41224089062499997 0.5003357109375 0.282980628125
1 0.3647537796875 0.188193440625 0.37490495625000003 0.24178834375 0.37904062031249997 0.32725048437500004 0.3779127125 0.3475296375 0.3869359796875 0.3620147453125 0.386184040625 0.32507771875 0.3865600109375 0.359841978125 0.385808071875 0.3258019734375 0.3850561328125 0.18529641875 0.3651297484375 0.16429301093749998 0.3647537796875 0.188193440625
4 0.3989670046875 0.032568796875 0.3978390953125 0.044156884375 0.3944553703125 0.055744970312499996 0.38731195 0.056469226562499995 0.3876879203125 0.041984117187499996 0.383928225 0.022429221875 0.38016852968750003 0.0231534765625 0.36550571875000004 0.029671775 0.373025109375 0.0347415625 0.376032865625 0.049226671875 0.3696413828125 0.0912334875 0.36324990156250003 0.122376471875 0.36362587031250004 0.1614862640625 0.3658816875 0.166556053125 0.3846801640625 0.1846624375 0.3846801640625 0.18031690625000002 0.3880638890625 0.0977517859375 0.39708715781250004 0.060814759375000006 0.40347863906250003 0.032568796875 0.40019091093750003 0.023053159375 0.3989670046875 0.032568796875
0 0.3895148515625 0.3599056921875 0.37683775937499997 0.348876971875 0.37683775937499997 0.366995584375 0.39033272812500003 0.3772365375 0.387879096875 0.3630567546875 0.3895148515625 0.3599056921875