4 0.47548638125 0.29595015625 0.49494163437500005 0.27310488125 0.51206225625 0.2866043609375 0.5035019453125 0.338525440625 0.4871595328125 0.39875389375000003 0.484824903125 0.46728972031250005 0.57354085625 0.49117341718749996 0.6108949421875 0.4901349953125 0.613229571875 0.436137071875 0.6085603109375 0.411214953125 0.6085603109375 0.3852544140625 0.619455253125 0.3260643828125 0.636575875 0.30321910625 0.6505836578124999 0.296988578125 0.6350194546875 0.25025960468749997 0.6319066140625 0.22741432968750003 0.62256809375 0.21495327031250003 0.5976653703125 0.19937694687500002 0.58988326875 0.1827622015625 0.5836575875000001 0.178608515625 0.5875486375000001 0.22637590937500002 0.582879378125 0.2326064375 0.5719844359375 0.233644859375 0.5618677046875 0.224299065625 0.55719844375 0.2024922125 0.5447470812499999 0.17653167187500002 0.53463035 0.16718587812500002 0.5291828796875 0.1692627203125 0.5260700390624999 0.191069575 0.511284046875 0.198338525 0.5066147859375 0.191069575 0.49961089531249997 0.19003115312500002 0.484824903125 0.2066458984375 0.4770428015625 0.237798546875 0.4599221796875 0.272066459375 0.4607003890625 0.2782969890625 0.47548638125 0.29595015625
3 0.61328125 0.25625 0.0203125 0.03125
4 0.19610895 0.365524403125 0.19221789843749998 0.42471443437499995 0.1836575875 0.47663551406250004 0.1844357984375 0.516095534375 0.1953307390625 0.5565939765625 0.19844357968749998 0.5607476640625 0.21011673125 0.561786084375 0.2669260703125 0.5503634468749999 0.32295719843750004 0.5482866046875 0.32451361875 0.5025960546875 0.315175096875 0.4309449640625 0.317509728125 0.3603322953125 0.3494163421875 0.3468328140625 0.3548638125 0.34164070625 0.3556420234375 0.3322949125 0.33540856093750004 0.22949117343749997 0.32451361875 0.21495327031250003 0.298832684375 0.2045690546875 0.28171206249999997 0.1838006234375 0.278599221875 0.18587746562500002 0.2762645921875 0.2024922125 0.258365759375 0.22637590937500002 0.249805446875 0.21495327031250003 0.2404669265625 0.210799584375 0.22334630312499998 0.1817237796875 0.217120621875 0.1796469359375 0.1976653703125 0.2024922125 0.17198443593749999 0.21287642812500002 0.154085603125 0.237798546875 0.1517509734375 0.2596054 0.14785992187500002 0.3572170296875 0.15330739375 0.3624091375 0.1891050578125 0.3582554515625 0.19610895 0.365524403125
3 0.3046875 0.26953125 0.0234375 0.03359375
2 0.2671875 0.43515625 0.03046875 0.07890625
1 0.5175097281250001 0.8172377984375 0.5105058359375 0.8348909656249999 0.5128404671875 0.8618899265625 0.5159533078125 0.8670820359375 0.5330739296875 0.8743509859374999 0.554085603125 0.8753894078125001 0.560311284375 0.8743509859374999 0.564202334375 0.859813084375 0.5719844359375 0.8556593984375 0.5821011671874999 0.8785046734374999 0.5976653703125 0.86812045625 0.613229571875 0.8701973000000001 0.6147859921875 0.8390446515625 0.6070038906249999 0.7642782968749999 0.5875486375000001 0.6770508828125 0.5891050578125 0.6396677046875 0.6085603109375 0.4922118375 0.5618677046875 0.4880581515625 0.52451361875 0.4755970921875 0.488715953125 0.472481828125 0.4871595328125 0.4776739359375 0.4933852140625 0.529595015625 0.5221789890624999 0.65835929375 0.5175097281250001 0.8172377984375
1 0.174319065625 0.7061266875000001 0.17665369687500002 0.800623053125 0.1891050578125 0.8774662515625 0.19221789843749998 0.8816199375 0.22412451406249997 0.8816199375 0.23579766562499999 0.86812045625 0.2342412453125 0.7476635515625001 0.23891050625000002 0.6542056078125 0.25058365781249997 0.657320871875 0.266147859375 0.7850467296875 0.28171206249999997 0.8234683281249999 0.2902723734375 0.8826583593749999 0.2933852140625 0.8868120453125 0.298054475 0.8857736234375 0.31284046718749997 0.8618899265625 0.337743190625 0.8587746624999999 0.34163424062500003 0.848390446875 0.331517509375 0.8130841125 0.333852140625 0.775700934375 0.3299610890625 0.7341640703125 0.321400778125 0.70820353125 0.32217898906250003 0.5462097609375001 0.2863813234375 0.5441329171875 0.2 0.5576323984375 0.1976653703125 0.5586708203125 0.1976653703125 0.57424714375 0.192996109375 0.58566978125 0.20466926093749999 0.6105919 0.21011673125 0.691588784375 0.2 0.7019730015625 0.174319065625 0.7061266875000001
0 0.2311284046875 0.9387331250000001 0.2373540859375 0.9335410171875 0.23891050625000002 0.9127725859375 0.22879377500000003 0.8805815156250001 0.2108949421875 0.8753894078125001 0.2 0.8795430937500001 0.196887159375 0.8888888890625 0.1953307390625 0.9262720671875 0.199221790625 0.9325025953124999 0.2186770421875 0.9387331250000001 0.2311284046875 0.9387331250000001
0 0.31906614843750003 0.9460020765625 0.3330739296875 0.9273104875 0.3548638125 0.9086188999999999 0.364202334375 0.871235721875 0.364202334375 0.8494288687499999 0.360311284375 0.8452751812500001 0.3463035015625 0.844236759375 0.32840466875 0.86812045625 0.308949415625 0.87227414375 0.2941634234375 0.896157840625 0.28793774375000003 0.919003115625 0.288715953125 0.9397715468750001 0.292607003125 0.9491173421875001 0.305058365625 0.951194184375 0.31906614843750003 0.9460020765625
0 0.5719844359375 0.9117341640625 0.574319065625 0.907580478125 0.5727626453125 0.8982346828125 0.5564202328125 0.8816199375 0.547859921875 0.8805815156250001 0.5408560312499999 0.8888888890625 0.5322957203125 0.8888888890625 0.5237354078124999 0.88369678125 0.5167315171875 0.86812045625 0.5136186765625 0.87227414375 0.5136186765625 0.8878504671874999 0.5182879375 0.9044652125000001 0.5564202328125 0.9127725859375 0.5719844359375 0.9117341640625
0 0.6085603109375 0.931464175 0.6116731515625 0.9179646937499999 0.6303501953125 0.9023883703125 0.6319066140625 0.8888888890625 0.62645914375 0.8795430937500001 0.6077821015625 0.8774662515625 0.6 0.8826583593749999 0.5883268484374999 0.9003115265625 0.5883268484374999 0.9231568015624999 0.5945525296875 0.9356178609375 0.5992217906249999 0.9356178609375 0.6085603109375 0.931464175