1 0.79140625 0.09296875 0.3359375 0.1703125
0 0.915625 0.0453125 0.065625 0.0390625
4 0.4671875 0.14375 0.4046875 0.215625
3 0.38046875 0.184375 0.0359375 0.0234375
2 0.40390625 0.128125 0.0484375 0.025
4 0.45078125 0.325 0.4859375 0.2765625
3 0.37265625 0.378125 0.040625 0.0328125
4 0.56640625 0.4703125 0.2390625 0.1328125
3 0.50703125 0.49453125 0.025 0.015625
1 0.80859375 0.4375 0.3125 0.125
2 0.65234375 0.440625 0.0453125 0.0203125
1 0.79921875 0.27578125 0.3640625 0.1609375
4 0.62265625 0.6 0.2046875 0.1109375
3 0.57265625 0.61875 0.0203125 0.0171875
2 0.665625 0.59453125 0.0421875 0.0234375
1 0.80078125 0.56640625 0.209375 0.0890625
0 0.9203125 0.5625 0.0171875 0.01875
0 0.94609375 0.40390625 0.0359375 0.0234375
0 0.98984375 0.42109375 0.009375 0.021875
0 0.9140625 0.53359375 0.0375 0.0265625