1 0.2390625 0.56953125 0.059375 0.22109375
1 0.396875 0.6375 0.103125 0.36328125
0 0.22890625 0.7046875 0.01875 0.0390625
0 0.24765625 0.70703125 0.021875 0.0515625
0 0.3828125 0.8359375 0.03984375 0.05390625
0 0.4296875 0.7640625 0.01953125 0.03203125
0 0.45390625 0.7171875 0.02265625 0.0609375
4 0.46796875 0.3671875 0.05546875 0.21875
3 0.46328125 0.3078125 0.01484375 0.02734375
4 0.2546875 0.365625 0.0859375 0.22265625
3 0.26484375 0.31484375 0.01015625 0.028125
2 0.434375 0.371875 0.03046875 0.0609375
2 0.45234375 0.4375 0.02265625 0.05390625
4 0.38359375 0.31171875 0.115625 0.30234375