0 0.306029540625 0.12578844375 0.2949596375 0.1262580953125 0.28942469531250004 0.130485378125 0.28863398125 0.14269736093750002 0.28942469531250004 0.15443969375 0.2925875140625 0.1436367875 0.2952232015625 0.1436367875 0.30552734843749996 0.14378181406249999 0.306029540625 0.12578844375
0 0.2833626046875 0.170409309375 0.2786183765625 0.154909415625 0.2659670640625 0.1516215765625 0.2633313765625 0.1577275875 0.263594940625 0.16383356093749998 0.2662306296875 0.1732274625 0.2768594453125 0.16901302499999998 0.2833626046875 0.170409309375
1 0.2834722078125 0.40232144375 0.300518846875 0.407281128125 0.33600374843749997 0.42154020000000003 0.3078245796875 0.192775021875 0.308172465625 0.1667367046875 0.296344165625 0.1667367046875 0.2820806390625 0.169836503125 0.27164390781250003 0.17789600156250002 0.2562645609375 0.4073562078125 0.2834722078125 0.40232144375
1 0.391061796875 0.4483454359375 0.41063191093749996 0.43265171249999995 0.4571109296875 0.41521423593750006 0.4497721375 0.245198834375 0.4350945515625 0.056002203125000004 0.41112115625 0.06646466250000001 0.4169922125 0.2914081421875 0.40965341874999994 0.3166924984375 0.3895940234375 0.1327270953125 0.35290006093750004 0.1222646359375 0.3739379484375 0.3620299453125 0.3744632984375 0.4421101375 0.391061796875 0.4483454359375
0 0.38471314375 0.057194740625 0.3732327296875 0.058434640625 0.3627959984375 0.0714537875 0.363143884375 0.11733082343750001 0.36697070625 0.11733082343750001 0.364535453125 0.08633283281250001 0.36836225 0.0813731359375 0.38370094843749997 0.082842684375 0.38471314375 0.057194740625
0 0.42002743281250005 0 0.41133015625 0.0051362875 0.40819913124999996 0.033034478125 0.41167804218750004 0.0479135234375 0.4148090671875 0.021875182812499998 0.42141897500000003 0.02435503125 0.43328370625 0.0208830609375 0.4398572109375 0.0100959359375 0.4360304140625 0 0.42002743281250005 0
0 0.549806703125 0.1237183734375 0.5386340671875 0.1237183734375 0.5305435468749999 0.13401675468750002 0.5324698625 0.1422554140625 0.543408125 0.1412755453125 0.549806703125 0.1237183734375
0 0.5332403765625 0.1443151375 0.529387746875 0.13333020625 0.5197561687500001 0.13333020625 0.51628879375 0.14019579531249998 0.518985653125 0.1443151375 0.526550046875 0.1558563640625 0.5332403765625 0.1443151375
1 0.559012834375 0.3148279046875 0.547504846875 0.1482016078125 0.5356372109375 0.144356396875 0.5259273484375 0.16101901406250002 0.51873485 0.23920519218749997 0.52448884375 0.351357490625 0.53419870625 0.35392098125000004 0.5391679093749999 0.38656645625 0.5733978328125 0.3904505921875 0.559012834375 0.3148279046875
4 0.300164609375 0.6222783390625 0.30134114375 0.6143110843749999 0.32463654375 0.6092791281250001 0.3394608765625 0.5509923484375 0.3389902703125 0.5413477765625 0.3248718484375 0.5270905890625001 0.328401453125 0.4985761828125 0.3255777765625 0.4545466046875 0.33616659375 0.44322472656249995 0.3366372 0.4247741984375 0.29945868125 0.40422710312500004 0.295693771875 0.42309690624999996 0.29381132656250003 0.408420396875 0.2622801796875 0.40632375 0.25075013125 0.417645628125 0.26063301875 0.4813836875 0.25969180468749997 0.5317032046875 0.25710341406250004 0.5195426484375 0.2443968484375 0.5228972953125 0.23663170781249998 0.5375738218749999 0.23922008125 0.5535083328125 0.23945538593750001 0.56189491875 0.2460439890625 0.571120159375 0.24769113125 0.5895706484375001 0.26745692656250003 0.608440475 0.2712218359375 0.6201816921875001 0.2728689953125 0.6201816921875001 0.2716924609375 0.610117790625 0.2771045109375 0.5744747984374999 0.288163953125 0.56944284375 0.2985174671875 0.589989978125 0.2977719890625 0.6164339203125 0.300164609375 0.6222783390625
3 0.30703125 0.57109375 0.015625 0.0234375
2 0.278125 0.49609375 0.02109375 0.0453125
4 0.56587361875 0.5808248046875 0.580943596875 0.5665471953125001 0.5904815640625001 0.5043376171875 0.5740762625 0.4961789921875 0.57178715625 0.5060373328125001 0.5694980359375 0.48836030625 0.5723594249999999 0.45844530937499994 0.5805620828125 0.402014759375 0.57369475 0.39113659218749997 0.5382135140625001 0.3867173234375 0.5422194578124999 0.4363490125 0.5382135140625001 0.45742548281250006 0.52619566875 0.4581053703125 0.5141778312499999 0.497063253125 0.5267679453125 0.512700628125 0.5246695953125 0.533777096875 0.515513140625 0.5504342984374999 0.517039221875 0.5674314500000001 0.5303923687500001 0.5844286015625 0.5353521234375 0.5562133328125001 0.5445181765625 0.5803316374999999 0.56587361875 0.5808248046875
3 0.55390625 0.5375 0.0125 0.0203125