4 0.57734375 0.2203125 0.3625 0.2265625
3 0.6609375 0.16953125 0.03125 0.021875
4 0.5828125 0.4796875 0.321875 0.178125
3 0.646875 0.43125 0.03125 0.01875
1 0.2859375 0.48984375 0.3359375 0.121875
1 0.25234375 0.22109375 0.3 0.1453125
4 0.5 0.60234375 0.1015625 0.0671875
1 0.39140625 0.61484375 0.115625 0.0453125
1 0.40234375 0.6625 0.1171875 0.0453125
1 0.41015625 0.6984375 0.11875 0.0390625
1 0.4203125 0.77421875 0.121875 0.0546875
4 0.50234375 0.66796875 0.1046875 0.0640625
1 0.42265625 0.93203125 0.1203125 0.0546875
4 0.52578125 0.93046875 0.1078125 0.084375
0 0.06953125 0.2421875 0.0765625 0.0703125