1 0.4171875 0.5140625 0.10546875 0.30703125
1 0.30703125 0.584375 0.13203125 0.4125
1 0.55546875 0.478125 0.09453125 0.3078125
1 0.746875 0.56953125 0.17109375 0.52265625
4 0.54609375 0.1828125 0.1265625 0.36484375
2 0.534375 0.19296875 0.02421875 0.0546875
4 0.42578125 0.2203125 0.10703125 0.3171875
2 0.39609375 0.26953125 0.01328125 0.04453125
3 0.4328125 0.1359375 0.0234375 0.0296875
3 0.5484375 0.1109375 0.01640625 0.0234375
4 0.30546875 0.2375 0.17265625 0.34921875
0 0.55390625 0.66328125 0.05234375 0.078125
0 0.59609375 0.58359375 0.04609375 0.11484375
0 0.39296875 0.6875 0.0453125 0.05
0 0.459375 0.63359375 0.0328125 0.075
0 0.25625 0.81015625 0.053125 0.0546875
0 0.340625 0.77109375 0.03671875 0.053125
0 0.68359375 0.8703125 0.1015625 0.08671875
0 0.82421875 0.8140625 0.0484375 0.0796875