4 0.29609375 0.503125 0.12734375 0.146875
4 0.46015625 0.5125 0.14296875 0.31015625
4 0.5375 0.53984375 0.04921875 0.16171875
4 0.8390625 0.4953125 0.1703125 0.3921875
1 0.2859375 0.77578125 0.09453125 0.25859375
1 0.4734375 0.78984375 0.1375 0.32578125
1 0.53046875 0.73203125 0.0625 0.19453125
0 0.4609375 0.9765625 0.03828125 0.046875
0 0.49921875 0.95390625 0.04453125 0.078125
0 0.26171875 0.92421875 0.0421875 0.05703125
0 0.29921875 0.915625 0.02734375 0.053125
0 0.51640625 0.8421875 0.02421875 0.04140625
0 0.5515625 0.815625 0.02578125 0.05546875
3 0.53515625 0.4984375 0.0078125 0.01640625
3 0.48515625 0.425 0.015625 0.0234375
3 0.29765625 0.49453125 0.01171875 0.021875