4 0.79765625 0.35703125 0.165625 0.3375
2 0.825 0.45703125 0.0359375 0.0734375
4 0.61171875 0.371875 0.21875 0.40078125
2 0.64453125 0.38125 0.03046875 0.065625
3 0.68828125 0.3015625 0.01796875 0.03359375
3 0.853125 0.3171875 0.01328125 0.03125
1 0.603125 0.7203125 0.18046875 0.3390625
0 0.53203125 0.82890625 0.04375 0.10078125
0 0.6796875 0.9203125 0.0921875 0.06796875
0 0.78359375 0.88125 0.10078125 0.07265625
0 0.16796875 0.83515625 0.075 0.1203125
1 0.20703125 0.48984375 0.1796875 0.51640625