2 0.69140625 0.471875 0.01953125 0.040625
2 0.50625 0.51328125 0.01953125 0.03359375
4 0.326251896875 0.49653808125000004 0.325872534375 0.4980217609375 0.32245827031249996 0.5593471812499999 0.31790591875 0.569238378125 0.314112290625 0.56627101875 0.312974203125 0.5608308609375 0.311456753125 0.5613254203125 0.3038695 0.582096934375 0.3008345984375 0.6008902078125 0.306145675 0.609792284375 0.30690439999999997 0.6216617203125 0.3103186640625 0.6236399609375 0.32094081874999997 0.6201780421875001 0.325493171875 0.6157270031250001 0.33004552343750004 0.619188921875 0.3383915015625 0.6186943625 0.3937784515625 0.6068249265625 0.39415781562499996 0.5840751734375 0.3915022765625 0.563303659375 0.3896054625 0.5276953515625 0.394537178125 0.48269040625 0.3998482546875 0.470326409375 0.4002276171875 0.459940653125 0.3983308046875 0.44362017812500004 0.3930197265625 0.42878338281249995 0.3861911984375 0.4188921859375 0.37556904375 0.40999010937499997 0.37139605468750003 0.400593471875 0.368740515625 0.3991097921875 0.34635811875 0.4253214640625 0.3425644921875 0.42037586562499996 0.3429438546875 0.4159248265625 0.341426403125 0.4149357078125 0.325872534375 0.42087042500000005 0.3156297421875 0.451038575 0.31942336875 0.4614243328125 0.339150228125 0.48170128593749995 0.3285280734375 0.4975272015625 0.326251896875 0.49653808125000004
3 0.3453125 0.46328125 0.01640625 0.0203125
2 0.31484375 0.59921875 0.0171875 0.0453125
4 0.2587253421875 0.5914935703124999 0.283004553125 0.5944609296875 0.284901365625 0.590009890625 0.29135053125 0.552917903125 0.2955235203125 0.5558852625 0.297040971875 0.5672601390625001 0.3080424890625 0.5637982203125 0.3171471921875 0.516320475 0.31790591875 0.49455984218750004 0.3144916546875 0.48170128593749995 0.30538695 0.47279920937500003 0.3175265546875 0.4490603359375 0.325113809375 0.42581602343749997 0.326631259375 0.41444114687500005 0.325493171875 0.407517309375 0.3156297421875 0.39119683437499997 0.3023520484375 0.37636003906250004 0.2955235203125 0.3620178046875 0.29248861875 0.3620178046875 0.2685887703125 0.390702275 0.255690440625 0.3926805140625 0.2496206375 0.39713155312500004 0.243930196875 0.40702275 0.24430955937499998 0.41196834843749996 0.2496206375 0.42185954531250003 0.25151745000000003 0.434223540625 0.242033384375 0.43768545937500003 0.242033384375 0.44411473749999997 0.244688921875 0.45252225468749996 0.24506828593750002 0.46488625156249996 0.2405159328125 0.47428288749999997 0.2397572078125 0.4851632046875 0.23710166875 0.49505440156249997 0.2317905921875 0.5647873390625 0.2321699546875 0.5771513359375 0.23482549375 0.582096934375 0.23899848281249997 0.5850642921875 0.2587253421875 0.5914935703124999
2 0.2453125 0.51796875 0.015625 0.04296875
3 0.2703125 0.42734375 0.0109375 0.0203125
0 0.6050895234375 0.8098433734375 0.5951847671875 0.8116570171875 0.5918831828125 0.8143774640625001 0.5904930375 0.8193649734375 0.5995289421875001 0.8250325859375 0.6170794703125 0.8279797343749999 0.6308070906250001 0.8275263328125 0.6408856109375 0.8250325859375 0.6530493359375 0.8236723453125 0.6608688734375 0.8229922421874999 0.6610426515625 0.8157376875000001 0.658957446875 0.8078030390625001 0.6539181734375 0.8050825828124999 0.6467937218750001 0.8039490609375 0.637757790625 0.8048558734375 0.6350525515625 0.8001374359375 0.6283743562499999 0.7976013359375 0.6207285984375 0.797147925 0.614125428125 0.8055359937500001 0.6050895234375 0.8098433734375
0 0.547572471875 0.76336895 0.5486150734375 0.769943384375 0.5437495796875 0.769943384375 0.538884096875 0.766996228125 0.5352349828125 0.7676763390625 0.5315858546875 0.770623496875 0.5265466078125 0.7769712203125 0.525851534375 0.7821854234375001 0.5279367390624999 0.784905878125 0.5367988796875001 0.784905878125 0.543228284375 0.7808252 0.5503527484374999 0.776291109375 0.5531330265625 0.7722104296875 0.55521824375 0.7656359953125 0.565818059375 0.7531672484375 0.56825080625 0.7493132703125001 0.5666868953125 0.7438723671874999 0.5632115468750001 0.7404717984375 0.5566268625 0.73556454375 0.5564346109375 0.74273884375 0.5538280984374999 0.7509002031249999 0.5503527484374999 0.7552075921875 0.547572471875 0.76336895
0 0.477585178125 0.8007751937500001 0.4772376484375 0.806896234375 0.47810648593750005 0.810976896875 0.481060528125 0.8125638374999999 0.49113904843749995 0.8125638374999999 0.50139131875 0.8091632703125 0.5029552296875 0.8028155375000001 0.5076469593749999 0.791253603125 0.5066043437500001 0.783999065625 0.5041716093749999 0.7860394015625001 0.49965364531249995 0.7987348578125 0.494060109375 0.79843815 0.48748992031249994 0.7978280546875001 0.4822768953125 0.7964678140625 0.47967038281249996 0.7964678140625 0.477585178125 0.8007751937500001
0 0.32972366875 0.88428705 0.3287768625 0.8875810609375 0.3289872625 0.8919730765624999 0.331091290625 0.8956788296875 0.3377189859375 0.8973258296875001 0.3475027140625 0.8967768375 0.35939048125 0.8948553296874999 0.3651765609375 0.8906005734375 0.3722250546875 0.8863458046874999 0.3774851265625 0.8834635515624999 0.37958915625 0.8809930515625 0.37958915625 0.8755030390625 0.3791683484375 0.868503265625 0.3766435203125 0.8634250078125 0.374644690625 0.860268253125 0.371593846875 0.8617780140625 0.3669649828125 0.87138553125 0.3602320875 0.8778362906250001 0.35507722343750003 0.878659790625 0.3503431578125 0.8776990421875001 0.34371546406250003 0.8744050328125 0.340935959375 0.8726057687500001 0.33792938437500003 0.87536578125 0.334142134375 0.8776990421875001 0.3315120984375 0.8811303 0.32972366875 0.88428705
0 0.200169578125 0.8491328328125001 0.199909696875 0.85252331875 0.20458751562500002 0.8542185625000001 0.21277369375 0.8572700062499999 0.2199203546875 0.85659190625 0.231744828125 0.8555747625000001 0.2385016671875 0.8526928406250001 0.24629802343749999 0.8477766453125 0.2478573015625 0.8443861578125 0.248896809375 0.8469290234375 0.2557835953125 0.84353854375 0.25708298749999997 0.84014805625 0.256823103125 0.8320108765625 0.254614140625 0.8255689515625001 0.24837705 0.8230260859375 0.24084057812499998 0.817092734375 0.2338238546875 0.81319366875 0.2295358546875 0.8125155749999999 0.22811404999999998 0.813493796875 0.21277369375 0.8345537406249999 0.20770605468749997 0.8411651859375 0.20172885 0.8443861578125 0.200169578125 0.8491328328125001
1 0.4802881140625 0.594796125 0.47577068125000005 0.5924899140625 0.47930606249999996 0.6009460203125 0.47950248437500004 0.6181144796875 0.48401991874999994 0.64066409375 0.48951942031250006 0.6586012890624999 0.4954117375 0.6791009390625 0.47125323124999996 0.7500809921875 0.48048453750000003 0.7598183140625 0.49757225156249996 0.7705806421875 0.5160348484374999 0.7736555828125 0.5185881765625 0.7562308718749999 0.520355875 0.75315593125 0.52231998125 0.753668415625 0.5327297484375 0.7513622203125 0.5429430921875 0.7470060328125 0.55060310625 0.7418811203125 0.553549265625 0.7349624953125 0.5482461859375001 0.716769059375 0.5427466843750001 0.6972943859375 0.5344974453125 0.6785884453125 0.5352830765625 0.663469959375 0.5392112874999999 0.6529638828125 0.5464784875 0.641432828125 0.5492282390625001 0.6278518109375 0.55394208125 0.6170894984374999 0.55394208125 0.6050459515625 0.55598394375 0.59740645 0.538818471875 0.5996647921875 0.515249203125 0.60043353125 0.500322003125 0.599152303125 0.4802881140625 0.594796125
1 0.31864050625 0.6189262484375 0.30833674843750003 0.623127096875 0.30576081718750003 0.6180860828125 0.3053315 0.606323703125 0.30339954375 0.6094043265625 0.2952424 0.643571228125 0.29438375156249996 0.6668159203124999 0.2885878984375 0.689780559375 0.2864412828125 0.71162496875 0.30082359531249997 0.7718371375 0.3214311109375 0.8357278046875001 0.33388146875 0.8343275234374999 0.3454731921875 0.8267660046875 0.3407506453125 0.8057617734375 0.3257243421875 0.744149309375 0.3233630515625 0.7265057500000001 0.3315201953125 0.6951394140625 0.33774538125000003 0.6794562453124999 0.33860402968750003 0.75031055625 0.345043875 0.78391734375 0.3519130359375 0.81780418125 0.35212769375 0.8407688312499999 0.348907771875 0.8598126640625001 0.3624314515625 0.8637334609374999 0.3757404578125 0.860372790625 0.37359384218749997 0.8441295015625 0.371447228125 0.836287909375 0.3770284390625 0.8200446421875001 0.37595513281250004 0.75927236875 0.37187654375 0.7466698234375 0.37187654375 0.7377080125 0.3765991234375 0.72762596875 0.375525815625 0.705501503125 0.3849709078125 0.6661129046875 0.39055212031250003 0.6546305953125 0.3909814359375 0.6462288984375 0.3926814765625 0.6067365609375 0.374881825 0.6096843875 0.350839728125 0.6158456250000001 0.3287295890625 0.6178060203125 0.31864050625 0.6189262484375