4 0.24375 0.42265625 0.22109375 0.503125
3 0.31328125 0.3171875 0.02109375 0.04296875
2 0.26796875 0.434375 0.02734375 0.07734375
4 0.3828125 0.57109375 0.06328125 0.19453125
3 0.38359375 0.521875 0.01015625 0.01796875
4 0.47734375 0.53203125 0.11015625 0.23125
3 0.496875 0.4734375 0.0140625 0.0234375
4 0.75859375 0.3703125 0.22265625 0.57265625
1 0.46640625 0.78125 0.07265625 0.27421875
1 0.3765625 0.7515625 0.05234375 0.1625
0 0.38984375 0.8203125 0.015625 0.04140625
0 0.35859375 0.84453125 0.021875 0.0296875
0 0.453125 0.9453125 0.0578125 0.0375
0 0.15625 0.8796875 0.03984375 0.075