4 0.6328125 0.46328125 0.11796875 0.2296875
3 0.64609375 0.415625 0.01796875 0.01953125
4 0.4 0.44296875 0.07890625 0.24609375
3 0.3734375 0.39296875 0.009375 0.02421875
3 0.33984375 0.34765625 0.0125 0.0203125
2 0.315625 0.446875 0.01875 0.04453125
1 0.3703125 0.70234375 0.16640625 0.2921875
2 0.34375 0.54453125 0.01171875 0.05859375
2 0.6078125 0.47265625 0.01328125 0.025
1 0.6171875 0.67734375 0.1203125 0.2046875
0 0.28125 0.85625 0.0671875 0.0484375
0 0.42578125 0.84296875 0.07421875 0.0375
0 0.5703125 0.80546875 0.059375 0.034375
0 0.65859375 0.76953125 0.06171875 0.04140625
0 0.82109375 0.82734375 0.0671875 0.0421875
0 0.75546875 0.88671875 0.07265625 0.05859375
0 0.69375 0.92890625 0.0921875 0.06328125