1 0.24921875 0.178125 0.4015625 0.2171875
1 0.35546875 0.5453125 0.228125 0.11875
1 0.34765625 0.6578125 0.2265625 0.1296875
4 0.5234375 0.71015625 0.209375 0.159375
4 0.640625 0.07578125 0.203125 0.134375
0 0.25703125 0.54375 0.0859375 0.0453125
0 0.23203125 0.5046875 0.0515625 0.0390625
0 0.22734375 0.6265625 0.040625 0.0375
0 0.25546875 0.6625 0.0578125 0.0390625
0 0.09296875 0.15625 0.078125 0.0578125
4 0.5890625 0.2578125 0.4484375 0.3140625
3 0.6875 0.240625 0.0296875 0.0328125
4 0.5671875 0.5875 0.25 0.175
3 0.60390625 0.56640625 0.021875 0.025
2 0.5140625 0.234375 0.05625 0.0453125
2 0.5140625 0.6734375 0.034375 0.021875
1 0.44375 0.06484375 0.246875 0.1296875
0 0.3109375 0.0265625 0.046875 0.053125