4 0.37421875 0.63046875 0.2328125 0.40625
4 0.75703125 0.70078125 0.2140625 0.3125
1 0.890625 0.365625 0.121875 0.2765625
1 0.80078125 0.353125 0.140625 0.3671875
1 0.64765625 0.38984375 0.071875 0.1890625
1 0.52734375 0.3890625 0.08125 0.18125
1 0.425 0.29609375 0.1546875 0.3734375
0 0.47421875 0.0703125 0.0484375 0.0875
0 0.4296875 0.1375 0.0484375 0.128125
0 0.55078125 0.27734375 0.0203125 0.034375
0 0.5296875 0.29375 0.0203125 0.0390625
0 0.6578125 0.2828125 0.01875 0.034375
0 0.6734375 0.29453125 0.025 0.0328125
0 0.84453125 0.16640625 0.065625 0.0921875
0 0.7984375 0.1671875 0.065625 0.0984375
0 0.94921875 0.2375 0.0734375 0.0640625
3 0.32421875 0.703125 0.0203125 0.0359375
3 0.72265625 0.72734375 0.01875 0.0296875