4 0.7984375 0.2703125 0.2546875 0.52109375
3 0.784375 0.140625 0.02578125 0.053125
2 0.7453125 0.371875 0.034375 0.109375
4 0.3765625 0.334375 0.171875 0.41171875
3 0.42265625 0.259375 0.0171875 0.034375
4 0.1578125 0.29453125 0.20859375 0.43203125
3 0.2078125 0.2296875 0.021875 0.0375
0 0.13046875 0.9609375 0.0421875 0.078125
0 0.18359375 0.8828125 0.04140625 0.14375
1 0.38828125 0.7203125 0.1203125 0.4296875
0 0.35 0.9046875 0.03671875 0.07109375
0 0.4328125 0.9640625 0.04296875 0.05859375
0 0.6234375 0.965625 0.0578125 0.06875
0 0.69296875 0.95078125 0.07265625 0.09140625
1 0.665625 0.7296875 0.13515625 0.453125
1 0.796875 0.7578125 0.15859375 0.48359375
1 0.16015625 0.70390625 0.1421875 0.4171875