1 0.390625 0.5109375 0.1515625 0.3421875
1 0.2625 0.45 0.1953125 0.4609375
1 0.5421875 0.53125 0.140625 0.3421875
1 0.73515625 0.4078125 0.2515625 0.584375
4 0.56875 0.82265625 0.178125 0.3546875
2 0.55859375 0.83984375 0.034375 0.0625
4 0.4375 0.8234375 0.15625 0.353125
2 0.39921875 0.77578125 0.021875 0.05
3 0.45546875 0.9140625 0.028125 0.034375
3 0.5828125 0.92578125 0.021875 0.0265625
4 0.30625 0.81171875 0.23125 0.3765625
0 0.51640625 0.3328125 0.065625 0.090625
0 0.571875 0.4125 0.065625 0.1296875
0 0.34140625 0.32734375 0.0546875 0.059375
0 0.41953125 0.3765625 0.04375 0.084375
0 0.17890625 0.21484375 0.0640625 0.065625
0 0.2734375 0.24609375 0.046875 0.0625
0 0.628125 0.09375 0.1203125 0.10625
0 0.7859375 0.1359375 0.0625 0.0921875