4 0.391043909375 0.888419440625 0.3972536484375 0.8561044250000001 0.39849559375 0.8351135046874999 0.391871878125 0.8210274875 0.385455134375 0.8099796265625001 0.3686888421875 0.8143987656249999 0.37489858125 0.742165678125 0.37634752968749996 0.6713856640625 0.3709657421875 0.6211178859375 0.3537854734375 0.6120034125 0.3086613625 0.6075842734375 0.2875482546875 0.6144891859375 0.2316606015625 0.6252608234375 0.2314535984375 0.6923765953125 0.24511503750000002 0.7760357859375 0.2455290140625 0.79039801875 0.207235621875 0.816360490625 0.22441590625000002 0.8918569156249999 0.22607184375 0.9117430656250001 0.236835384375 0.9288672421875 0.251117771875 0.9418484796875 0.26974699062499996 0.9473724109375 0.2836154171875 0.9537249234375 0.291919653125 0.9695671921875 0.29509505156250004 0.9511160468750001 0.31372426875000003 0.9165914875000001 0.3215899296875 0.9049912328125 0.32800665625000003 0.9127247328125 0.3395981828125 0.9466969015625001 0.34249604843750003 0.9489064671874999 0.3602973046875 0.937306221875 0.376856609375 0.9292965234375 0.39228585312500003 0.9066484078125001 0.391043909375 0.888419440625
3 0.28203125 0.8625 0.0234375 0.03515625
2 0.32109375 0.80078125 0.03203125 0.05234375
4 0.6704673765625 0.869428678125 0.7100815046875 0.77210164375 0.692475221875 0.7586772203125001 0.674240153125 0.7410576484375 0.649717128125 0.73350643125 0.6453155546875 0.7473503453125 0.64468676875 0.7221795578125 0.6418571828124999 0.6702066984374999 0.643429171875 0.6513286078125 0.653804284375 0.6316114703125 0.6509747234375001 0.58675433125 0.6214213281250001 0.5796225890625 0.6066446171875 0.5796225890625 0.5877807500000001 0.57500795 0.5506818265625 0.5859152859375001 0.51452608125 0.6819838171875 0.5035221578125 0.7096716765625 0.507294921875 0.7289692750000001 0.46768080625 0.74910591875 0.49912058437500006 0.8332804140625001 0.5069805296875 0.8660024515625 0.5289883734374999 0.88530005625 0.5497386234375 0.8928512984375001 0.556026578125 0.9058561953125001 0.5620493046874999 0.8992710765625 0.5648184281249999 0.885370190625 0.5799095078125001 0.8656530703125 0.598773375 0.8925018921874999 0.6088341171875 0.9050872875 0.615436465625 0.9222873437500001 0.6166940624999999 0.9025702234375 0.6223532203125 0.8971165546875 0.639959490625 0.8950189890625 0.66072105 0.8836921312499999 0.6704673765625 0.869428678125
2 0.59765625 0.77109375 0.04453125 0.059375
3 0.5375 0.834375 0.02265625 0.0296875
1 0.30055872968749997 0.3041206609375 0.29081645 0.29882456875 0.28359993906250003 0.32819383750000003 0.2857648875 0.348415328125 0.2864865265625 0.377784596875 0.2900947828125 0.4057094421875 0.2980329625 0.4827436453125 0.2965896546875 0.5111500015625 0.2825174515625 0.4909285296875 0.27999168281250003 0.464448034375 0.2731359921875 0.42833826875 0.27566175937500004 0.4057094421875 0.265558659375 0.377784596875 0.243187484375 0.377303140625 0.23813589375 0.3907840984375 0.2341668453125 0.4057094421875 0.23705340625 0.41774603125 0.24102250937499997 0.419671928125 0.2341668453125 0.47455876249999995 0.22983689531249998 0.50103925625 0.22803276718749999 0.5188534109375 0.2323627171875 0.6199607546875 0.24210499687499998 0.6146646546875 0.2937030390625 0.6069612453125 0.33303303125 0.6045539265625 0.36839395 0.618034903125 0.3670061609375 0.60952146875 0.3633423859375 0.57277733125 0.35973412968749996 0.5414822015625 0.34421861875 0.4475968109375 0.3351979796875 0.391747028125 0.33555882812500004 0.35371142031249997 0.3287031359375 0.33493433437500003 0.32906395625 0.32771238125 0.3218474453125 0.3046021171875 0.314991753125 0.3108611578125 0.30055872968749997 0.3041206609375
0 0.2994927046875 0.26578065624999997 0.29055509218750003 0.270772865625 0.29242575937500004 0.2890776078125 0.2936728671875 0.2982299828125 0.3042733 0.3040542109375 0.313210928125 0.307659696875 0.3224981234375 0.30143229374999997 0.32588987812500003 0.287413540625 0.3329568390625 0.27160490312499996 0.3371138734375 0.2660580125 0.3396080875 0.2557962609375 0.3394002390625 0.2452571703125 0.334203946875 0.24359309687500003 0.3229799515625 0.24331575625 0.311548109375 0.24359309687500003 0.3032340421875 0.253022815625 0.2994927046875 0.26578065624999997
0 0.2541573109375 0.37681756875 0.2669037171875 0.3769771171875 0.2647640390625 0.3619889609375 0.2657507140625 0.3428989140625 0.2551439859375 0.3090150265625 0.24503060468750001 0.302103121875 0.23541055156250001 0.3027613890625 0.2304771921875 0.3363335015625 0.232943871875 0.35476528281249997 0.23985058124999997 0.3853751796875 0.24601727968749998 0.38109636875 0.2541573109375 0.37681756875
1 0.5565586515625001 0.3990068 0.5620018671875 0.4582291828125 0.5029637171875 0.3425779875 0.488727559375 0.331962653125 0.4715604421875 0.3487236953125 0.47700368906249996 0.3956546421875 0.493752103125 0.46660970468749996 0.507569525 0.49454477499999994 0.5054759734375 0.5420343937500001 0.5180372828124999 0.5805848 0.5494405578125 0.5839369890625 0.5749819125 0.57555646875 0.5950799890625 0.57779129375 0.6210400484374999 0.576673896875 0.642361621875 0.578986190625 0.6281581125 0.5073441375 0.617690353125 0.449797896875 0.6084787390625 0.3906263 0.5980109812500001 0.3308452671875 0.6042916359375 0.314084225 0.6001045328125 0.3023515046875 0.582099975 0.299557996875 0.5632580109374999 0.2822382609375 0.54985929375 0.30458631875000003 0.5565586515625001 0.3990068
0 0.5578786375 0.2957594796875 0.5683207859375 0.29069280937499997 0.5827973906249999 0.297976153125 0.59490078125 0.2982928265625 0.6029541843749999 0.29851875781250004 0.6074788265625 0.2897428109375 0.619819534375 0.27390945 0.6250405984375 0.26599276875 0.626939178125 0.25332608125 0.61792095625 0.2507927453125 0.605580246875 0.25205940781249997 0.5868318484375 0.257442728125 0.5768643546875001 0.2675761046875 0.5576413203125 0.2758094484375 0.5578786375 0.2957594796875
0 0.5054256609375 0.3347669296875 0.50611484375 0.30752915000000003 0.5049549109375 0.2908909859375 0.497995340625 0.27347895 0.49567549843750003 0.277348290625 0.4811764015625 0.281991503125 0.470157078125 0.303659809375 0.47218694375 0.342353228125 0.4823363328125 0.3334537390625 0.49828533906250005 0.3334537390625 0.5054256609375 0.3347669296875