1 0.29966695 0.7857746078125001 0.2870890140625 0.7803138374999999 0.2794707296875 0.7653352359375 0.2642341625 0.7539229671875 0.244587009375 0.7111269609375 0.23736968749999998 0.70185449375 0.2325581390625 0.6811697578125 0.22453889375 0.666904421875 0.20930232499999998 0.658345221875 0.19967922968750002 0.6455064187499999 0.19887730625 0.626961484375 0.20529270312499998 0.6069900140625 0.2097032875 0.586305278125 0.217722534375 0.5563480734375 0.22253408125 0.54493580625 0.2269446671875 0.5135520687499999 0.2253408171875 0.4971469328125 0.177225340625 0.49786020000000003 0.1319166 0.48858773125 0.099839615625 0.505706134375 0.099438653125 0.512125534375 0.0958299921875 0.5164051359374999 0.09462710468749999 0.5456490734375 0.09182036875 0.5599144078125 0.0886126703125 0.6340941515625 0.09703287968749999 0.6683309562499999 0.1054530875 0.761055634375 0.11106655937500001 0.8601997140625001 0.11507618281250001 0.8837375171874999 0.1206896546875 0.8965763203125 0.12387941093749999 0.91105755 0.11655493125000001 0.920077921875 0.123496390625 0.9400855921875 0.14955894218750002 0.949358059375 0.178027265625 0.941512125 0.18203688906249998 0.9151212546874999 0.17080994375 0.870898715625 0.1672012828125 0.8288159765625001 0.16960705625 0.8045649078125001 0.1692060953125 0.73323823125 0.17923015312499999 0.752496434375 0.2149157984375 0.8145506421875 0.25461106718750004 0.8616262484374999 0.258219728125 0.8744650500000001 0.294032734375 0.804817615625 0.29966695 0.7857746078125001
0 0.1526139125 1 0.1757141984375 0.9922408953125 0.1751507765625 0.9782092062500001 0.1774044640625 0.9461367734374999 0.1734605125 0.945134509375 0.15993839375000002 0.9471390375000001 0.1452894328125 0.9471390375000001 0.12049888281250001 0.944132246875 0.11655493125000001 0.9601684625000001 0.109793871875 0.9792114703125 0.0872570078125 0.993243159375 0.08951069375000001 1 0.1526139125 1
0 0.2991035296875 0.7857746078125001 0.28839851875 0.8188493046875 0.2793837734375 0.8398968390625001 0.2585371734375 0.8719692718750001 0.2596640171875 0.9491435640624999 0.264171390625 0.9611707265625 0.274312978125 0.9601684625000001 0.2906522046875 0.9351118749999999 0.2985401078125 0.8990303875000001 0.300230371875 0.8679602187500001 0.29966695 0.8338832578125001 0.30079379375 0.798804034375 0.2991035296875 0.7857746078125001
1 0.41579791562499996 0.4828815984375 0.3849238171875 0.505706134375 0.342822775 0.5206847359375 0.344231715625 0.5342501125 0.3417547828125 0.5540779515625001 0.3432237375 0.6519258203125 0.3424218125 0.756776034375 0.3456295109375 0.776747503125 0.3704891734375 0.7753209703125 0.373156175 0.7739721687500001 0.373696871875 0.747503565625 0.3708901359375 0.73537803125 0.3708901359375 0.7025677609375001 0.373696871875 0.6868758921875 0.3732959109375 0.6562054203125001 0.38219888125 0.55779076875 0.3849238171875 0.599857346875 0.39053728906249996 0.626961484375 0.3961507625 0.6362339515625 0.39574980000000004 0.6419400859375 0.40176423437500003 0.649072753125 0.42341619843749995 0.6968616265625001 0.427826784375 0.711840228125 0.4382871 0.74397780625 0.4631114671875 0.7182596296875 0.4631114671875 0.711840228125 0.46030473125000004 0.707560628125 0.4454691265625 0.6554921546875 0.4246190859375 0.523537803125 0.4246190859375 0.5021397999999999 0.41579791562499996 0.4828815984375
0 0.3660785890625 0.7796005703125 0.34202085000000004 0.7810271046875 0.3315958296875 0.79172610625 0.322373696875 0.7945791718749999 0.3203688859375 0.8031383734374999 0.323576584375 0.811697575 0.3656776265625 0.8059914406249999 0.3724939859375 0.80242510625 0.3732959109375 0.783880171875 0.3660785890625 0.7796005703125
0 0.4631114671875 0.7025677609375001 0.4574979953125 0.7011412265625 0.4574979953125 0.7168330953125001 0.45184226718750004 0.7333915609375 0.4434643140625 0.7460770328125 0.441058540625 0.7738944359375 0.441058540625 0.7845934375 0.4430633515625 0.790299571875 0.4494787484375 0.79172610625 0.4570970328125 0.7867332375 0.46391339218749994 0.77104136875 0.46672012812499997 0.73109843125 0.4651162796875 0.7089871609375 0.4631114671875 0.7025677609375001
4 0.41259021718750005 0.227532096875 0.4041700078125 0.2225392296875 0.39574980000000004 0.225392296875 0.3853247796875 0.2239657625 0.376102646875 0.2168330953125 0.3708901359375 0.23965763125 0.3664795515625 0.2503566328125 0.3605928484375 0.2746542578125 0.353649959375 0.255246140625 0.3526581171875 0.24230739687499997 0.346045840625 0.26583238593749997 0.335605453125 0.2867332375 0.3319967921875 0.311697575 0.3336006421875 0.384450784375 0.338441721875 0.388162334375 0.344392771875 0.38698608437500004 0.3463764546875 0.42403794375 0.34340092968749997 0.45167980625000004 0.3424218125 0.47503566406250003 0.3396150765625 0.4935805984375 0.3404170015625 0.5156918687500001 0.34670706875 0.518137903125 0.3734867890625 0.5069635328125 0.3936542328125 0.4963772875 0.40423387499999996 0.49284853906250004 0.41977272499999996 0.47755729531249996 0.4190056140625 0.472182596875 0.414152290625 0.3093536171875 0.427425821875 0.27104136875 0.4198075375 0.2460770328125 0.41259021718750005 0.227532096875
3 0.3453125 0.3140625 0.01015625 0.021875
2 0.365625 0.403125 0.01953125 0.0453125
3 0.47109375 0.25234375 0.0171875 0.03046875
4 0.1454726375 0.0893039109375 0.1465639875 0.0708607125 0.1492923625 0.049505428125 0.1454726375 0.0504761234375 0.13019373125 0.08153835312499999 0.123099953125 0.099981553125 0.11218645000000001 0.1300730875 0.1083667234375 0.168900875 0.104001321875 0.1766664328125 0.1078210484375 0.20287518906250002 0.11818887656249999 0.2154942203125 0.12037157812499999 0.24849783906249998 0.13237643125 0.2504392296875 0.1471096625 0.31159299375 0.1514750640625 0.393131346875 0.1252826546875 0.46690414375 0.1351048078125 0.4843766484375 0.16402559375 0.49796637343750005 0.226778240625 0.4950542890625 0.22672774687500002 0.49119179375 0.23496336874999998 0.5076733203125 0.243148496875 0.3620691171875 0.2496966 0.2960618796875 0.22077581406250002 0.2310253359375 0.24478552343749999 0.22423047187499998 0.26115577968750003 0.23879089375 0.2655211796875 0.1698715703125 0.2622471296875 0.1174540578125 0.2529706515625 0.0893039109375 0.22786959218749997 0.058241681249999996 0.207133934375 0.0388277875 0.208225284375 0.0339743140625 0.2022228578125 0.02620875625 0.18148720000000002 0.02620875625 0.16566261875 0.0465933453125 0.1454726375 0.0893039109375
2 0.1171875 0.1515625 0.015625 0.03984375
1 0.545308740625 0.490014265625 0.5412991171875 0.49072753281250003 0.5168404171875001 0.5149786015625 0.507618284375 0.5271041375000001 0.4995990375 0.5328102703125001 0.49278267812500004 0.5285306703125 0.48275862031249994 0.5085592015625 0.47433841250000003 0.5071326671875 0.4727345625 0.5092724671875 0.4727345625 0.5328102703125001 0.47834803593749997 0.570613409375 0.4967923015625 0.633380884375 0.4971932640625 0.646932953125 0.4951884515625 0.6554921546875 0.4971932640625 0.6626248218749999 0.49358460312499997 0.682596290625 0.49278267812500004 0.7417974328125 0.47955092187500004 0.8166904421875 0.4831595828125 0.8288159765625001 0.481154771875 0.8409415125 0.48837209374999996 0.8473609124999999 0.49398556562499996 0.86091298125 0.49919807499999996 0.8580599140625 0.51162790625 0.8045649078125001 0.5228548515625 0.768188303125 0.52606255 0.768188303125 0.526864475 0.77104136875 0.5288692859374999 0.7910128390625 0.532878909375 0.8067047078125 0.5372894953125 0.808131240625 0.54089815625 0.8145506421875 0.546110665625 0.817403709375 0.5489174015625 0.8316690437500001 0.5541299125 0.8302425109374999 0.559342421875 0.8131241078125001 0.56495589375 0.8131241078125001 0.56696070625 0.8102710406250001 0.5629510828125001 0.792439371875 0.5617481953125 0.7753209703125 0.53397565625 0.644781503125 0.5505212515625 0.543509271875 0.5517241375 0.5049928671874999 0.545308740625 0.490014265625
0 0.56455493125 0.7974322390624999 0.5625501203125001 0.8067047078125 0.5517241375 0.8209700421875 0.54049719375 0.811697575 0.526864475 0.8480741796875 0.519246190625 0.8573466468750001 0.518444265625 0.8637660484374999 0.519647153125 0.8694721828124999 0.5248596625 0.873038515625 0.5376904578125 0.873038515625 0.5485164390625 0.8687589156250001 0.5533279875 0.8480741796875 0.56455493125 0.8330955781249999 0.56655974375 0.82524964375 0.5685645546875 0.8266761765625 0.5685645546875 0.8088445078125 0.56455493125 0.7974322390624999
0 0.4911788296875 0.855206846875 0.48275862031249994 0.8380884453125 0.4707297515625 0.8416547781249999 0.46591820312500004 0.8373751781250001 0.45910184374999996 0.8373751781250001 0.45509222187500004 0.8480741796875 0.45509222187500004 0.8637660484374999 0.46110665624999997 0.87660485 0.4727345625 0.8873038515625 0.478748996875 0.898002853125 0.49037690468750006 0.9079885875 0.494787490625 0.9044222546875 0.4971932640625 0.8965763203125 0.4979951890625 0.86091298125 0.4911788296875 0.855206846875
0 0.8151563749999999 0.6990014265625 0.8147554124999999 0.690442225 0.8131515640625 0.7025677609375001 0.8031275062500001 0.7068473609375 0.8023255812500001 0.7225392296875001 0.8043303921874999 0.731811696875 0.8111467515624999 0.73323823125 0.8159582999999999 0.7282453640625 0.8187650359375 0.716119828125 0.8183640734375001 0.7047075609375 0.8151563749999999 0.6990014265625
0 0.7662389734375 0.7175463625 0.7598235765625 0.7189728953125 0.757818765625 0.7282453640625 0.75060144375 0.7439372328125 0.75100240625 0.7510699 0.7542101046874999 0.7539229671875 0.7638332 0.7539229671875 0.7734562953124999 0.7496433671875 0.7746591828125 0.7467903 0.7746591828125 0.7282453640625 0.7718524453125 0.721112696875 0.7662389734375 0.7175463625