1 0.7328125 0.37265625 0.3125 0.1484375
4 0.42890625 0.33125 0.340625 0.2171875
2 0.49375 0.2828125 0.0671875 0.0421875
4 0.4765625 0.4359375 0.2890625 0.1578125
2 0.525 0.4421875 0.0515625 0.0359375
3 0.4234375 0.47734375 0.03125 0.0234375
1 0.7390625 0.2484375 0.371875 0.18125
0 0.91328125 0.16640625 0.04375 0.0484375
0 0.925 0.21328125 0.040625 0.0375
0 0.88984375 0.31796875 0.05 0.0359375
0 0.84765625 0.34453125 0.059375 0.034375
1 0.83359375 0.5296875 0.3328125 0.225
4 0.46875 0.6078125 0.4765625 0.28125