4 0.7125 0.3515625 0.228125 0.3765625
4 0.5359375 0.41328125 0.2 0.3265625
4 0.39921875 0.43984375 0.2140625 0.371875
1 0.771875 0.7125 0.2015625 0.4203125
1 0.5984375 0.70859375 0.14375 0.35625
1 0.4765625 0.78203125 0.228125 0.4359375
0 0.83359375 0.890625 0.053125 0.1015625
0 0.8078125 0.94765625 0.0546875 0.0203125
0 0.634375 0.85078125 0.040625 0.0796875
0 0.6390625 0.934375 0.046875 0.0765625
3 0.65703125 0.290625 0.025 0.034375
3 0.496875 0.35234375 0.0171875 0.0234375
2 0.72578125 0.44375 0.0328125 0.065625
2 0.54453125 0.50078125 0.03125 0.06875
3 0.35703125 0.38203125 0.0203125 0.0328125