4 0.84140625 0.3859375 0.315625 0.1390625
3 0.9171875 0.3734375 0.0296875 0.015625
4 0.82421875 0.50078125 0.3171875 0.1171875
3 0.8890625 0.4703125 0.03125 0.015625
1 0.5421875 0.403125 0.2859375 0.0921875
0 0.39296875 0.43125 0.06875 0.0515625
0 0.3703125 0.38125 0.05 0.0390625
1 0.5390625 0.49140625 0.275 0.0953125
0 0.37890625 0.5125 0.05 0.0375
0 0.4296875 0.4625 0.0609375 0.0484375
4 0.81875 0.58671875 0.3296875 0.0984375
3 0.88046875 0.61015625 0.025 0.009375
2 0.80703125 0.39453125 0.053125 0.0234375
1 0.523494721875 0.5932663625 0.3862340828125 0.5924203359375 0.382099684375 0.618752071875 0.5137949578125001 0.6297451953125 0.6596384328125 0.628820446875 0.6602422906250001 0.5691285749999999 0.5605973359374999 0.5592269609375 0.41492924999999997 0.558527684375 0.410659125 0.5770811609375001 0.523494721875 0.5932663625
1 0.47109375 0.6796875 0.3734375 0.134375
4 0.82265625 0.6890625 0.3546875 0.13125
3 0.93203125 0.69765625 0.03125 0.015625
0 0.2515625 0.70703125 0.0671875 0.0734375