1 0.71484375 0.12421875 0.4640625 0.2484375
1 0.55078125 0.41171875 0.45 0.275
0 0.75703125 0.3140625 0.1265625 0.0640625
0 0.77067903125 0.5141702453125 0.7805694640625 0.52125078125 0.7851478671875001 0.5357450234375001 0.7842609 0.54296879375 0.7711833968749999 0.557861603125 0.7754190390625 0.5671808859375 0.7895391015625 0.5876129390625 0.79733088125 0.591869353125 0.8032457484375 0.59149570625 0.8110495546875001 0.5876876531249999 0.8145350359375 0.5712504593750001 0.8052188796875 0.531610025 0.7948646687500001 0.5123736296875 0.7843150234375 0.5066786890625 0.7716990453125 0.505862909375 0.7627602203125 0.5069651625 0.7622723890625 0.5109382359375 0.77067903125 0.5141702453125
0 0.78671875 0.5484375 0.0703125 0.090625
2 0.4296875 0.103125 0.0984375 0.0671875
4 0.209375 0.3625 0.409375 0.2421875
2 0.32578125 0.44375 0.0875 0.0625
4 0.2953125 0.0609375 0.45625 0.121875
0 0.8640625 0.06640625 0.078125 0.0578125
0 0.946875 0.23203125 0.1015625 0.0984375
0 0.63828125 0.6640625 0.065625 0.08125
4 0.20234375 0.546875 0.2984375 0.171875