1 0.29907407343750003 0.3514403296875 0.3351851859375 0.35308642031250004 0.3453703703125 0.3572016453125 0.3495370375 0.3547325109375 0.3509259265625 0.3465020578125 0.3481481484375 0.13333333281249998 0.34722222187499996 0.12592592656249998 0.3421296296875 0.11604938281249999 0.3333333328125 0.1152263375 0.32083333281250004 0.126748971875 0.3231481484375 0.1761316875 0.322222221875 0.1942386828125 0.3207552765625 0.255958059375 0.3132346375 0.30409015156249997 0.30496193437499997 0.2472675421875 0.3013888890625 0.1986282578125 0.2958333328125 0.11604938281249999 0.2916666671875 0.1111111109375 0.28101851875 0.11193415625 0.28194444375 0.11851851875 0.27453703749999997 0.12921810625000002 0.2800925921875 0.2090534984375 0.2800925921875 0.3051851859375 0.27638888906250003 0.3226337453125 0.29907407343750003 0.3514403296875
3 0.03046875 0.58984375 0.025 0.02421875
4 0.3018518515625 0.54238683125 0.3078703703125 0.5456790125000001 0.309722221875 0.54238683125 0.32515776875 0.5355339781249999 0.3201881078125 0.5077669890625 0.33474211249999997 0.5077669890625 0.345391384375 0.5304854359375 0.365740740625 0.5061728390625 0.365277778125 0.45596707812500004 0.3611111109375 0.435390946875 0.346759259375 0.4148148140625 0.35 0.3736625515625 0.34861111093749997 0.3572016453125 0.3425515796875 0.3569417453125 0.31805825312499997 0.3550485421875 0.3109587390625 0.3537864046875 0.30601851875 0.35390946562500003 0.3111111109375 0.384362140625 0.3111111109375 0.4024691359375 0.2978246375 0.45412621093750005 0.29817961249999997 0.493252425 0.28379629687499996 0.49382716093749995 0.275 0.510288065625 0.2759259265625 0.5144032921874999 0.3018518515625 0.54238683125
3 0.3390625 0.4890625 0.0125 0.01953125
3 0.4703125 0.515625 0.01484375 0.021875
1 0.415740740625 0.35555555625 0.42268518593750004 0.3621399171875 0.4393518515625 0.3670781890625 0.4773148140625 0.364609053125 0.4833041734375 0.3158163140625 0.4833041734375 0.16238641874999998 0.47268518593750003 0.1176954734375 0.458796296875 0.1176954734375 0.45416666718750004 0.12510288125 0.45370370312499997 0.1942386828125 0.4443074078125 0.2953589953125 0.4370370375 0.23374485625000002 0.43379629687500004 0.1514403296875 0.4296296296875 0.12098765468749999 0.42268518593750004 0.1152263375 0.41805555625 0.1242798359375 0.40555555625000006 0.134156378125 0.4125 0.3283950625 0.415740740625 0.35555555625
3 0.615625 0.5640625 0.01796875 0.0265625
0 0.2800925921875 0.11604938281249999 0.2833333328125 0.1226337453125 0.2898148140625 0.11358024687499998 0.29814814843750004 0.11358024687499998 0.30046296250000004 0.09629629687499999 0.29907407343750003 0.0872427984375 0.29675925937500003 0.0847736625 0.2740740734375 0.08395061718749999 0.26574074062499997 0.0888888890625 0.2629629625 0.09465020625000001 0.26342592656249997 0.10041152187499999 0.2800925921875 0.11604938281249999
0 0.3300925921875 0.1193415640625 0.3453703703125 0.11851851875 0.34722222187499996 0.11193415625 0.346759259375 0.09629629687499999 0.3393518515625 0.09053497968749999 0.321296296875 0.08806584375 0.31898148125 0.0921810703125 0.31944444375000003 0.09629629687499999 0.3300925921875 0.1193415640625
0 0.40046296249999996 0.1316872421875 0.40416666718750005 0.134156378125 0.4203703703125 0.12592592656249998 0.4254629625 0.1176954734375 0.42731481406249994 0.10452674843750001 0.4263888890625 0.0806584359375 0.42314814843750004 0.0773662546875 0.41342592656250005 0.07818929999999999 0.397222221875 0.10452674843750001 0.396296296875 0.12181070000000001 0.40046296249999996 0.1316872421875
0 0.47407407343749997 0.1176954734375 0.4773148140625 0.1061728390625 0.4773148140625 0.0971193421875 0.4703703703125 0.093004115625 0.4583333328125 0.09465020625000001 0.458796296875 0.1193415640625 0.47407407343749997 0.1176954734375
0 0.5768518515625 0.126748971875 0.590277778125 0.1316872421875 0.5958333328125 0.13909465000000001 0.5981481484375 0.09629629687499999 0.5898148140624999 0.0790123453125 0.5865740734375 0.06419753125 0.5796296296875 0.0600823046875 0.565740740625 0.0650205765625 0.5638888890625 0.0683127578125 0.5638888890625 0.08559670781249999 0.5768518515625 0.126748971875
0 0.6175925921875 0.093004115625 0.6231481484375 0.0806584359375 0.625 0.0674897125 0.6240740734375 0.054320987499999994 0.6115740734374999 0.050205760937499996 0.6009259265625 0.051851851562499995 0.5990740734375 0.0633744859375 0.5995370375 0.093004115625 0.6175925921875 0.093004115625
1 0.559722221875 0.387698409375 0.5740740734374999 0.38605231875 0.58194444375 0.37946795624999996 0.5828703703125 0.374529684375 0.5916666671875 0.37123750312500003 0.5953703703125 0.36218400625 0.5949074078125001 0.3564226890625 0.5981481484375 0.3523074625 0.6023148140625 0.34901528125 0.6074074078125 0.3514844171875 0.6101851859375 0.3465461453125 0.6152777781250001 0.34490005468749996 0.6203703703125 0.3481922359375 0.6273148140625 0.3753527296875 0.634259259375 0.377821865625 0.641203703125 0.367945321875 0.6296296296875 0.23296589843749999 0.628703703125 0.1481922359375 0.6199074078125 0.102924746875 0.6152777781250001 0.0955173390625 0.5970215390625 0.1033837734375 0.6014114046875 0.11812504531250001 0.6028746921875 0.2490622328125 0.6014114046875 0.1510761265625 0.5887295734375 0.13199918593749999 0.571759259375 0.1350235125 0.5675925921875 0.16136096093750002 0.56898148125 0.177821865625 0.565277778125 0.1975749515625 0.5615740734375 0.283171659375 0.55601851875 0.3128012890625 0.55648148125 0.381114046875 0.559722221875 0.387698409375