4 0.672198265625 0.45346254531249997 0.674333525 0.42680775937500004 0.6733414625 0.384920634375 0.6721013828125 0.38007054687499997 0.6642748796875 0.370556275 0.663916859375 0.3677248671875 0.6543140546874999 0.36411695312500003 0.651516065625 0.3611111109375 0.64978640625 0.3890693265625 0.647975346875 0.362507121875 0.638240903125 0.3617022078125 0.622620515625 0.371361190625 0.611089478125 0.37345679062500003 0.6096013828125 0.37742504375 0.6066251921875 0.440476190625 0.6133388375 0.46956085156249994 0.6094903359375 0.5210754265624999 0.6160554265625 0.52067296875 0.6192247796875 0.5355639015625 0.6221677515625 0.5605162734375 0.6199039265625 0.5862735625 0.615149896875 0.6144455953125 0.623752428125 0.6196775453125001 0.6330341078124999 0.63416601875 0.6362034609375 0.621287375 0.642835509375 0.5961199296874999 0.657257025 0.5705777140625 0.6594525734375 0.579805996875 0.6631728109374999 0.592151675 0.6686291609375 0.594797178125 0.6726510296875 0.601969409375 0.6817063265625001 0.5403933921874999 0.687798328125 0.5605549203125 0.685781209375 0.589090765625 0.688045034375 0.5870784765625 0.6917852296875 0.5682870921875 0.6877263828125 0.534391534375 0.6884704296875 0.51851851875 0.689710509375 0.5136684296875 0.6862382874999999 0.5097001765625 0.6773097156250001 0.5066137562499999 0.674085509375 0.4986772484375 0.6730934453125 0.49029982343749995 0.6725974140625001 0.48324515 0.6733414625 0.46241181718749996 0.672198265625 0.45346254531249997
4 0.543898809375 0.3738977078125 0.5381944437499999 0.38580246875 0.5293509625 0.4510478 0.5085237796875 0.46030432499999996 0.49811018906250004 0.46312152968750003 0.49199786406249996 0.4659387328125 0.4938089234375 0.4872689859375 0.493799603125 0.5061728390625 0.5006003953125 0.5572966125 0.502976190625 0.6044973546875 0.5101686515625 0.6252204578125 0.5243055562500001 0.6397707234375 0.5379464281249999 0.645061728125 0.546875 0.651675484375 0.5483630953125 0.65608465625 0.553121115625 0.664350340625 0.559233440625 0.6703872046875 0.5570436515625 0.6543209875 0.5612599203124999 0.599647265625 0.563244046875 0.5877425046875 0.5687415015624999 0.5721875453124999 0.57217261875 0.586419753125 0.577876984375 0.6040564374999999 0.5801091265625 0.6075837749999999 0.5900297625 0.6102292765625 0.593998015625 0.6128747796875 0.5957341265625 0.6164021156249999 0.59970238125 0.6128747796875 0.6044146828125 0.6000881828125 0.606894840625 0.5846560843749999 0.6083829359374999 0.557760140625 0.6106150796875001 0.5423280421875 0.6124333078124999 0.47278051249999997 0.6142443671875 0.4679510203125 0.606398809375 0.45987654375 0.5965865390625 0.4522551734375 0.59137974375 0.4522551734375 0.584814653125 0.417241359375 0.5626291765625 0.373373478125 0.5483630953125 0.363315696875 0.544146825 0.36948853593750003 0.543898809375 0.3738977078125
4 0.1370302390625 0.5544794093750001 0.13657747343749999 0.585468646875 0.140425975 0.6208849171875 0.133162890625 0.6265432093750001 0.1264664625 0.6300705468750001 0.12076209687499999 0.6322751328125 0.11927400156250001 0.6388888890625 0.11728987500000002 0.6600529093749999 0.11778590625 0.66931216875 0.12349027187499999 0.680335096875 0.1259704296875 0.6940035265625 0.14258749375 0.7111992953125 0.151971478125 0.71465754375 0.15740465625 0.72713373125 0.16985568906249998 0.6949371203125 0.1782318375 0.6792412734375 0.18094842656250001 0.6840707640625 0.177552690625 0.700973984375 0.178910984375 0.7094255953124999 0.1946708265625 0.6935626109374999 0.19963114375 0.6816578484375 0.1978950328125 0.6547619046875 0.1854942390625 0.6053791890625 0.186486303125 0.5961199296874999 0.1835101125 0.593033509375 0.179816515625 0.566955596875 0.1759680140625 0.556089240625 0.16872377656249998 0.5218803421875 0.17370418906250001 0.499342715625 0.139973209375 0.50215991875 0.1370302390625 0.5544794093750001
3 0.73359375 0.553125 0.0140625 0.0265625
3 0.63515625 0.5609375 0.01484375 0.02109375
3 0.54453125 0.52890625 0.01328125 0.03984375
3 0.165625 0.66015625 0.0109375 0.0203125
3 0.4609375 0.64296875 0.01015625 0.01796875
2 0.65546875 0.4796875 0.01796875 0.0421875
2 0.75859375 0.43125 0.01328125 0.0375
0 0.1875 0.33201058125 0.1897321421875 0.3373015875 0.19345238125 0.33906525625 0.2075892859375 0.3284832453125 0.21676587343749998 0.3276014109375 0.2172619046875 0.324514990625 0.21602182499999997 0.3183421515625 0.21205357187499999 0.3143738984375 0.1783234125 0.307760140625 0.17113095312499998 0.30820105781249996 0.169146825 0.3108465609375 0.17013888906250002 0.3284832453125 0.17633928593749998 0.3267195765625 0.1827876984375 0.3284832453125 0.1875 0.33201058125
0 0.15724206406250002 0.32231040625 0.1574900796875 0.2989417984375 0.1550099203125 0.29232804218749997 0.1510416671875 0.289241621875 0.14508928593749998 0.28880070468749997 0.14112103125 0.29056437343749997 0.137896825 0.29497354531250003 0.137648809375 0.30599647343749997 0.14136904687500002 0.3240740734375 0.1512896828125 0.3267195765625 0.15724206406250002 0.32231040625