4 0.38515625 0.74765625 0.134375 0.28515625
3 0.4390625 0.66875 0.01953125 0.0328125
4 0.2046875 0.84140625 0.24765625 0.31640625
3 0.2953125 0.85859375 0.02734375 0.05546875
4 0.06015625 0.515625 0.1078125 0.1734375
3 0.09140625 0.496875 0.01484375 0.02890625
3 0.27109375 0.4015625 0.01015625 0.015625
3 0.4390625 0.4 0.00625 0.01328125
3 0.525 0.434375 0.00859375 0.01328125
3 0.6328125 0.2921875 0.00546875 0.00625
1 0.362351190625 0.9157848328125 0.3732638890625 0.9347442687499999 0.374255953125 0.9417989421874999 0.3712797625 0.947089946875 0.3702876984375 0.9545855375000001 0.375 0.9642857140625001 0.3767361109375 0.965608465625 0.39112103125000003 0.9691358031249999 0.428075396875 0.9691358031249999 0.43427579375 0.9753086421875 0.440476190625 0.9854497359375 0.44171627031250005 0.9876543203124999 0.4427083328125 0.9942680781250001 0.4454365078125 0.997354496875 0.4456845234375 0.9995590828124999 0.4737103171875 0.9995590828124999 0.47743055625 0.997354496875 0.47842261875 0.9995590828124999 0.48020833281249997 0.997354496875 0.4853670640625 0.997354496875 0.4858630953125 0.9995590828124999 0.5228174609375 0.9995590828124999 0.5245535718750001 0.9942680781250001 0.5195932546875001 0.9686948859375001 0.516369046875 0.9585537921875 0.514880953125 0.9475308640625 0.5086805562500001 0.9334215171875 0.5052083328125 0.9197530859375 0.5014880953125 0.9135802468750001 0.4947916671875 0.8906525578125001 0.49305555625 0.8805114640625 0.49429563437499996 0.8730158734375 0.4935515875 0.8694885359375 0.4828869046875 0.8544973546874999 0.4734623015625 0.8452380953124999 0.455605159375 0.8395061734375 0.430803571875 0.8395061734375 0.4136904765625 0.83553791875 0.3983754953125 0.8344356265625 0.39161706406249996 0.842151675 0.384920634375 0.8487654328125 0.377976190625 0.8518518515625001 0.3611111109375 0.8734567906249999 0.35590277812500004 0.8787477953125 0.34970238125 0.884589946875 0.33544146874999997 0.89836860625 0.3415178578125 0.9047619046875001 0.3541666671875 0.9038800703125001 0.35838293593750004 0.90608465625 0.362351190625 0.9157848328125