4 0.32109375 0.2125 0.3828125 0.18125
2 0.290625 0.22890625 0.071875 0.0359375
4 0.28046875 0.31171875 0.321875 0.13125
2 0.2578125 0.33515625 0.053125 0.025
4 0.48203125 0.10078125 0.3140625 0.1421875
2 0.459375 0.11953125 0.0515625 0.025
4 0.2796875 0.4921875 0.3359375 0.1484375
4 0.38203125 0.4078125 0.29375 0.134375
4 0.4140625 0.5921875 0.1953125 0.0796875
4 0.4078125 0.63671875 0.1984375 0.0734375
4 0.4109375 0.6984375 0.2109375 0.0796875
4 0.40703125 0.7484375 0.18125 0.0703125
3 0.55859375 0.1484375 0.03125 0.015625
3 0.41171875 0.2640625 0.0390625 0.0203125
3 0.3765625 0.3546875 0.0296875 0.015625
3 0.24140625 0.52578125 0.05625 0.021875