4 0.3745919078125 0.47759398593749997 0.36373692343749997 0.46525652968750003 0.343267503125 0.45501409062500003 0.339545803125 0.447565075 0.3336530921875 0.43871934375 0.334583528125 0.41823451718750004 0.3766095 0.398751121875 0.39491024218750004 0.37618830000000003 0.3936696671875 0.35919520625 0.3580032859375 0.3186023421875 0.34962945 0.31953347499999996 0.326058628125 0.3069632296875 0.298455946875 0.2925307390625 0.2717837015625 0.286245625 0.258137428125 0.28457049218749997 0.2289840328125 0.28899333125000004 0.21874932343750003 0.2943473375 0.2171986109375 0.3346186625 0.1933148015625 0.40473655468749997 0.175636690625 0.4007792546875 0.11888061406249999 0.39845143125 0.11050677812500001 0.39845143125 0.1118200328125 0.41889258125 0.1049968609375 0.4733636265625 0.11988370781249999 0.47173414999999996 0.13290968125 0.476157015625 0.148416803125 0.47057023750000004 0.16485436250000002 0.47173414999999996 0.1757093484375 0.4770881390625 0.24576260312499998 0.482305125 0.25766819218750003 0.47596450937499996 0.266972465625 0.47852510937500004 0.269763753125 0.48923309843749996 0.268833315625 0.5204259062500001 0.287131725 0.5271766 0.2979867109375 0.523684865625 0.31256341875000004 0.5250815515625 0.3404762390625 0.5157702671875 0.3624963484375 0.482715196875 0.3745919078125 0.47759398593749997
1 0.345961159375 0.2003457015625 0.3334628984375 0.192215721875 0.3034670828125 0.1362438234375 0.27722071875 0.125612309375 0.2605563703125 0.1328042140625 0.2551404765625 0.1449992125 0.277637353125 0.21316609999999997 0.23893698593749998 0.2858393328125 0.25597368125000003 0.28477260625 0.27722071875 0.28633606718750004 0.3105494171875 0.29571683125 0.346794396875 0.320732203125 0.3567930125 0.3169798953125 0.3326296921875 0.27382838125000003 0.3392954265625 0.2606953078125 0.35221029062500003 0.2547541640625 0.3767902109375 0.2613206953125 0.345961159375 0.2003457015625
2 0.29921875 0.3203125 0.0609375 0.0484375
4 0.780930990625 0.4772490734375 0.8015873499999999 0.48103893593749997 0.8190305125 0.46898030625000003 0.8470313468749999 0.4438294421875 0.8663106359375 0.42591377656249996 0.8773273328125001 0.40041835781249996 0.8378507421875 0.4024855734375 0.8236208140624999 0.3997293171875 0.8167353609375001 0.3914605515625 0.8139811859374999 0.30831915 0.8066367109374999 0.277311221875 0.7878164437499999 0.2511267890625 0.77771779375 0.24458067031250003 0.7368640984375 0.24733693906249998 0.7051910078125 0.25422758437500004 0.6895840093750001 0.2662862125 0.64322193125 0.2966050484375 0.63817260625 0.3031511390625 0.637254559375 0.3141762 0.625778803125 0.3562091375 0.6529745 0.3882284078125 0.657105778125 0.4016651578125 0.6534335578125 0.43405119374999995 0.6561877328125 0.4595102171875 0.6676634875 0.47535869374999995 0.6786802187500001 0.5036103421875 0.68923789375 0.507744725 0.7048449265625 0.5129127078125 0.7301599140625 0.51612999375 0.7207980421875 0.5048116593749999 0.7010597640625 0.4992991421875 0.7015187875 0.492408496875 0.7157487171875 0.49206395 0.7230931921875 0.48999676875000003 0.7065681125000001 0.47587095156250003 0.7185028906250001 0.45898886718750004 0.74283150625 0.47070296875000006 0.7561433875 0.47931627499999996 0.780930990625 0.4772490734375
2 0.64296875 0.328125 0.03828125 0.0515625
4 0.62429560625 0.314553646875 0.61461623125 0.2985706328125 0.599516396875 0.29130563125000003 0.584803734375 0.2927586328125 0.5700911 0.31426305625 0.554604096875 0.2854936265625 0.5638963046875001 0.2721260203125 0.57744743125 0.24480959218749998 0.5689295624999999 0.21662137656249997 0.5553784359375 0.21109994531249998 0.5151122234375001 0.24858740468749999 0.48258954374999996 0.143099515625 0.4221902125 0.1741937328125 0.4005084140625 0.18698014999999998 0.39237774375 0.1936639421875 0.409800621875 0.2689652109375 0.3993469078125 0.31691425156249997 0.3757292359375 0.309939853125 0.36101657187499997 0.3047090390625 0.34978845937499997 0.301512440625 0.354821746875 0.3122646515625 0.37379336093750004 0.3302818703125 0.3888931640625 0.34946148125 0.411349328125 0.37038470156250003 0.43264395625 0.3840429109375 0.456648796875 0.39159851875 0.47484604218750004 0.39537632500000003 0.4860740953125 0.40293192656250004 0.4860740953125 0.39276091874999997 0.49536630312499996 0.3695128984375 0.49575347187499996 0.3610854921875 0.51198109375 0.3442820625 0.530986425 0.36006966875 0.5383427281250001 0.37111248125 0.5360196828125 0.375471484375 0.5526682218750001 0.3812834890625 0.5604117234375 0.39116389687500003 0.5813191828125001 0.3865142921875 0.5983548609375 0.37750568281249997 0.6254571140625 0.32734006718750003 0.62429560625 0.314553646875
2 0.52421875 0.23125 0.03125 0.0390625
3 0.20078125 0.4453125 0.025 0.025
3 0.46484375 0.31171875 0.03125 0.0109375
3 0.6765625 0.475 0.021875 0.021875
3 0.634375 0.49921875 0.01953125 0.01640625
2 0.63984375 0.41171875 0.0203125 0.03515625
4 0.50287108125 0.542780090625 0.5151407015625 0.5596260796875 0.5271110453125 0.5814135593749999 0.5286073375 0.5872534984375 0.53728581875 0.5942165046875 0.542373228125 0.5854565953125 0.5510517328125 0.5807397125 0.57289760625 0.5735520984375 0.5854664578125 0.5643429531249999 0.5983345875 0.54929386875 0.6070130781249999 0.5351432390624999 0.61030493125 0.489243103125 0.5812768453125 0.4872215890625 0.5615257828125 0.48564927812500003 0.5669124234375 0.47262173281250003 0.56451836875 0.469252534375 0.5528472796874999 0.4753170921875 0.535490271875 0.4741940265625 0.5220236359375 0.48070780312499994 0.5007762812500001 0.47599093124999997 0.48042668749999995 0.45914494218749996 0.47952892656249996 0.4260233890625 0.4858133515625 0.4094020109375 0.463967465625 0.4134450546875 0.4490045359375 0.417712690625 0.4370341921875 0.4262479984375 0.42775718124999995 0.43747865781249995 0.4241660875 0.45432464687499996 0.4238668328125 0.469598340625 0.43344309843750006 0.47633673749999994 0.44032605625 0.48554588125000003 0.43344309843750006 0.504188775 0.44032605625 0.5411201906249999 0.43823123124999996 0.5471847484375 0.43763272343750004 0.5660522546875 0.43553790000000003 0.5743629390625 0.4267491984375 0.5804441609375 0.4445156578125 0.5881519546875 0.46725932812500004 0.5928688281250001 0.4765363390625 0.5962380265625 0.4774341015625 0.5879273375 0.47264596875000003 0.56546601875 0.47294522343749995 0.5506415515625 0.47713484843750004 0.5412077796875 0.48222225781250005 0.5382878265625 0.486411859375 0.5270571687500001 0.50287108125 0.542780090625
2 0.465625 0.4375 0.02578125 0.0359375
4 0.390535259375 0.617119628125 0.39079443281250004 0.607976771875 0.3931270234375 0.60214090625 0.38664761406250003 0.5984448640625 0.37939066875 0.59183088125 0.37394797031250004 0.5822989734374999 0.38120489687500003 0.566931178125 0.365654315625 0.5614843875 0.3501037359375 0.5622624984375 0.3431059828125 0.55506493125 0.335589865625 0.5461166078125 0.331702221875 0.5284144890625 0.3174475234375 0.5282199624999999 0.2985276421875 0.5245239125000001 0.29127069843750003 0.5268582515625 0.296195071875 0.5301652515625 0.31122730625 0.5449494374999999 0.3184841921875 0.5634296765625 0.32522281249999996 0.5723779999999999 0.3247044671875 0.58521690625 0.3215943390625 0.5957214578125 0.311486459375 0.6071986609375 0.30604378125 0.6110892375 0.2990459875 0.6173141609374999 0.30708046875 0.6202320890624999 0.3208168234375 0.621788321875 0.3316283265625 0.6274972515624999 0.33273893125 0.621788321875 0.336367403125 0.6011682625 0.3412917578125 0.5902746515625 0.3513996171875 0.5793810406250001 0.36047078906249996 0.585022371875 0.3700603265625 0.59552693125 0.3830191421875 0.604280728125 0.388461840625 0.611478296875 0.390535259375 0.617119628125
0 0.31875391875000003 0.136503834375 0.3376881359375 0.131225328125 0.34417987031249997 0.1257437828125 0.3476962328125 0.1182320734375 0.3476962328125 0.11153241250000001 0.33714716562499997 0.10361466875 0.322540765625 0.09813313125 0.3063114375 0.09589991875000001 0.290893584375 0.1005693765625 0.27655766875 0.10828411093750001 0.2619512703125 0.11396866406249999 0.2511317171875 0.11924717031250001 0.24572194218750001 0.1257437828125 0.253258496875 0.1426946203125 0.2557300390625 0.13386458125 0.26330371406249997 0.1271649375 0.270065934375 0.11924717031250001 0.27655766875 0.1127505421875 0.2917050375 0.10584788125 0.3009016625 0.10523881718749999 0.3114507296875 0.11173544531249999 0.318483434375 0.1233075625 0.3209178375 0.13366156406250002 0.31875391875000003 0.136503834375
0 0.3739336375 0.1628862578125 0.37122875 0.1549685 0.3631140859375 0.14745677343750002 0.3547289375 0.146441675 0.3447208390625 0.15192320625 0.334983246875 0.158216809375 0.3276800578125 0.1722251625 0.32630267968750004 0.180992090625 0.33336031875 0.16857080468750002 0.34526182968749997 0.170397984375 0.354458453125 0.1754734734375 0.3620321265625 0.1848123703125 0.35824527968750003 0.1917150390625 0.3471552421875 0.20247507812499999 0.3476962328125 0.20430225468750002 0.36635994375 0.18339123906250002 0.37122875 0.1762855546875 0.3739336375 0.1628862578125