1 0.294747578125 0.5852674062500001 0.308091109375 0.5879582921875001 0.3093659703125 0.613185334375 0.318204996875 0.59838546875 0.3340132578125 0.61150353125 0.3263641 0.491254625 0.32891381875 0.475277496875 0.326789053125 0.460982171875 0.32585415625 0.3410696265625 0.3233044359375 0.3269424828125 0.318714940625 0.317860746875 0.3090260078125 0.3158425828125 0.298317184375 0.30474268437499996 0.29117797031250003 0.310797175 0.2799592046875 0.3340060546875 0.28046914843750004 0.3533467875 0.273839878125 0.3814328953125 0.275369709375 0.4189371015625 0.2712901578125 0.468213925 0.2610912796875 0.5469223000000001 0.2585415609375 0.5973763875 0.294747578125 0.5852674062500001
2 0.28125 0.6921875 0.0203125 0.046875
3 0.478125 0.725 0.01328125 0.021875
3 0.521875 0.6953125 0.0078125 0.01875
0 0.28471868125 0.3213925328125 0.2902430734375 0.31634712343750004 0.3004419515625 0.3070972078125 0.30001699843749996 0.2961654890625 0.2953425125 0.2902791796875 0.277494475 0.28439286875 0.268145503125 0.286074671875 0.26772055 0.2953245890625 0.2719700828125 0.300369996875 0.2796192421875 0.30625630625 0.2825939140625 0.325597040625 0.28471868125 0.3213925328125
0 0.30596634375 0.318028928125 0.317015128125 0.318028928125 0.3263641 0.304574503125 0.3323134453125 0.289438278125 0.3297637265625 0.27598385468750003 0.3102158765625 0.278506559375 0.3012918578125 0.2902791796875 0.3017168109375 0.3096199125 0.30596634375 0.318028928125
0 0.460649328125 0.340733265625 0.4661737203125 0.33905146249999996 0.4759476453125 0.34661957656250003 0.47711626718750005 0.32769929375 0.4725480203125 0.3239152375 0.45894951562499997 0.31886982812500003 0.44960054375 0.31971072968750003 0.45045045000000006 0.32727884218750003 0.457249703125 0.33652875937500004 0.45852456249999995 0.3449377734375 0.460649328125 0.340733265625
1 0.4449260578125 0.54591321875 0.45353136093749996 0.54591321875 0.463411525 0.5452825421874999 0.47647883750000003 0.5484359234375 0.48444671093749997 0.551589303125 0.495601734375 0.551589303125 0.503888321875 0.54591321875 0.5010198875 0.51690211875 0.4975140234375 0.39581231093749997 0.49910759843749997 0.380676084375 0.48221570625 0.376892028125 0.48062213125 0.38635216875 0.47934727187500004 0.3926589296875 0.47934727187500004 0.40085771875000004 0.47711626718750005 0.41473259375 0.47711626718750005 0.42103935468750003 0.473610403125 0.45635721562500003 0.47074196874999996 0.47969222968749997 0.4713793984375 0.40779515625 0.4726542578125 0.37563067656250004 0.47743498281249996 0.36427850624999997 0.47934727187500004 0.34788092812500004 0.4758414078125 0.3447275484375 0.46787353437499996 0.3396821390625 0.45831208593749995 0.34409687187500004 0.45608108124999996 0.351664984375 0.45608108124999996 0.3592330984375 0.45448750625 0.3630171546875 0.45257521718750005 0.3901362265625 0.44396991406249997 0.4632946515625 0.441738909375 0.5427598390624999 0.4449260578125 0.54591321875
0 0.48890872031250004 0.37563067656250004 0.49815145312500003 0.376892028125 0.49815145312500003 0.3668012109375 0.49815145312500003 0.3434661953125 0.4927333 0.3270686171875 0.48380928125 0.3289606453125 0.48062213125 0.34220484375 0.48253442187499995 0.375 0.48890872031250004 0.37563067656250004
0 0.61142274375 0.3683148328125 0.6129552640625 0.35636498437499997 0.6170321265625 0.3461150359375 0.6160122390625 0.3370333 0.6013387 0.343434815625 0.5978900328125001 0.35061824375 0.5991840890625 0.37436932343749996 0.61142274375 0.3683148328125
1 0.5889852109375 0.5691220984375 0.599014109375 0.564076690625 0.6160122390625 0.5671039359375001 0.623491415625 0.5654221328125 0.621111678125 0.501513621875 0.6180520140625 0.48133198750000006 0.6185619578125 0.460141271875 0.6134997906249999 0.3937188015625 0.6111401765625 0.38473951875 0.6129552640625 0.37935195 0.612592246875 0.3696543234375 0.601393846875 0.3723511609375 0.5976542578124999 0.3810965359375 0.597561540625 0.394550959375 0.599694034375 0.49613185312499997 0.5987975765625 0.531640590625 0.5970979562500001 0.5486652609375 0.594078346875 0.5255346796875 0.5945945953125 0.50554995 0.59119496875 0.5001681812500001 0.5928077859374999 0.49033588906250003 0.58949515625 0.48200470937500006 0.59208175 0.476687378125 0.5952436140625 0.39913769375 0.5843957171875 0.4046417765625 0.583885771875 0.40968718437499996 0.58191725625 0.43610101874999996 0.579920659375 0.444361959375 0.5735169140624999 0.5068953921875 0.56960734375 0.577194753125 0.5889852109375 0.5691220984375
0 0.5859104515625 0.4009022296875 0.5902666625 0.39946554375 0.5960749437499999 0.396592171875 0.595348909375 0.3829436625 0.5884515734375 0.3617525546875 0.582098765625 0.3574424984375 0.577198028125 0.3610342125 0.5779240625 0.37504189375 0.5797391515625 0.389049575 0.5840953625 0.4009022296875 0.5859104515625 0.4009022296875
4 0.5998849265625 0.7672104 0.606721221875 0.745227846875 0.6081454500000001 0.7491734343750001 0.6109939062499999 0.7581919171875 0.6138423625 0.7767925390625 0.6172605109375 0.7717196421875 0.62124835 0.76382846875 0.631217946875 0.75030074375 0.635775478125 0.735082053125 0.63552444375 0.7241544296875 0.6411875453125 0.6781528781249999 0.6389087796874999 0.6792801890625 0.6258058796875 0.6877350156250001 0.625653134375 0.66264793125 0.6192544296875 0.6978808109375 0.5867820265625 0.7249362609375 0.57424881875 0.7232452953124999 0.56769736875 0.6995717765625 0.56570345 0.6990081203125 0.5571580796875 0.7040810171875 0.5688367515625 0.7463551578125001 0.5725397453125 0.7660830890625 0.58422359375 0.7734125671875 0.5959123953125001 0.7768392203125 0.5998849265625 0.7891929531249999 0.5998849265625 0.7672104
4 0.59390316875 0.604314046875 0.6092848328125 0.6065686671875 0.625644734375 0.66126808125 0.625521034375 0.640951634375 0.6238119609375 0.62291466875 0.6269452624999999 0.5688037671874999 0.6232422703125 0.5671128015625 0.609854525 0.566549146875 0.5944728593749999 0.566549146875 0.5870668718750001 0.5721857 0.5645640671875001 0.5862770796875 0.562570146875 0.58514976875 0.5631398390625 0.5964228734375 0.5668428328124999 0.630805840625 0.59390316875 0.604314046875
3 0.615625 0.7171875 0.009375 0.01875