1 0.27109375 0.70234375 0.0984375 0.32109375
1 0.63125 0.7296875 0.1078125 0.35390625
1 0.44765625 0.72890625 0.09609375 0.35625
4 0.459375 0.4109375 0.13125 0.29921875
4 0.6328125 0.4421875 0.1609375 0.31796875
3 0.6671875 0.35859375 0.01953125 0.02265625
3 0.48828125 0.3359375 0.01640625 0.02890625
2 0.4578125 0.48203125 0.0078125 0.0734375
2 0.64296875 0.53125 0.025 0.05078125
4 0.275 0.44765625 0.125 0.26953125
3 0.31015625 0.39609375 0.01328125 0.03828125
2 0.2796875 0.5015625 0.02421875 0.0578125
0 0.26875 0.8703125 0.03359375 0.0578125
0 0.440625 0.93359375 0.03203125 0.06328125
0 0.46875 0.9265625 0.03203125 0.09921875
0 0.60703125 0.9515625 0.03828125 0.08828125
0 0.640625 0.953125 0.03125 0.06875