1 0.53046875 0.81015625 0.09765625 0.3421875
4 0.54765625 0.45703125 0.1265625 0.38671875
3 0.53984375 0.38046875 0.0171875 0.03671875
4 0.36484375 0.44609375 0.08828125 0.26328125
3 0.38203125 0.38203125 0.01484375 0.02421875
2 0.35078125 0.51015625 0.021875 0.05390625
1 0.33828125 0.775 0.1 0.41328125
0 0.31640625 0.9875 0.03203125 0.025
0 0.3546875 0.934375 0.0296875 0.07421875
0 0.56171875 0.96875 0.046875 0.06015625
0 0.47890625 0.975 0.0484375 0.0484375
4 0.78046875 0.56796875 0.065625 0.14609375
1 0.78515625 0.7109375 0.05 0.15625
0 0.7734375 0.796875 0.01171875 0.0296875
0 0.79375 0.79375 0.015625 0.028125
0 0.6234375 0.7890625 0.0046875 0.01328125
0 0.63359375 0.79296875 0.01328125 0.02421875
1 0.63046875 0.69453125 0.04765625 0.1609375