0 0.9140625 0.69375 0.090625 0.1625
0 0.68203125 0.93828125 0.0546875 0.09375
0 0.88515625 0.909375 0.1046875 0.146875
4 0.2421875 0.78984375 0.4671875 0.2984375
1 0.3171875 0.0546875 0.159375 0.0765625
1 0.2984375 0.10546875 0.1625 0.0703125
4 0.18515625 0.04453125 0.1359375 0.0640625
4 0.16875 0.08203125 0.146875 0.0890625
3 0.1546875 0.03359375 0.0125 0.0125
2 0.234375 0.078125 0.028125 0.0171875
0 0.39609375 0.0546875 0.0375 0.0234375
0 0.4 0.08359375 0.0203125 0.0390625
0 0.365625 0.13125 0.0296875 0.040625