4 0.16484375 0.27421875 0.21875 0.075
3 0.21015625 0.2515625 0.025 0.0125
4 0.18203125 0.61796875 0.2015625 0.128125
3 0.20390625 0.60078125 0.03125 0.015625
4 0.4203125 0.57578125 0.1375 0.0609375
3 0.44921875 0.5671875 0.015625 0.0125
4 0.115625 0.81015625 0.221875 0.115625
3 0.11015625 0.83359375 0.0375 0.021875
3 0.5015625 0.92265625 0.01875 0.009375
2 0.2171875 0.98125 0.05625 0.0359375
2 0.01953125 0.85234375 0.0265625 0.01875
2 0.07109375 0.24453125 0.028125 0.0109375
3 0.50078125 0.053125 0.009375 0.00625
4 0.521875 0.1890625 0.078125 0.0359375
3 0.54140625 0.175 0.009375 0.003125
3 0.46640625 0.3953125 0.015625 0.00625
3 0.55859375 0.3890625 0.0109375 0.0046875
4 0.53125 0.3421875 0.06875 0.0328125
3 0.5484375 0.33203125 0.009375 0.003125
3 0.5703125 0.43203125 0.00625 0.0046875
3 0.61171875 0.40546875 0.00625 0.003125
4 0.51953125 0.2328125 0.0078125 0.003125
1 0.4671875 0.33203125 0.0734375 0.0359375