4 0.41875 0.315625 0.31875 0.18125
4 0.43203125 0.53515625 0.35 0.2109375
4 0.45625 0.86171875 0.596875 0.2765625
1 0.73359375 0.47421875 0.359375 0.159375
1 0.69296875 0.259375 0.284375 0.121875
1 0.6609375 0.14296875 0.25 0.1375
0 0.78515625 0.0875 0.0546875 0.0640625
0 0.74921875 0.18125 0.103125 0.0421875
0 0.85234375 0.221875 0.065625 0.0546875
0 0.81796875 0.26953125 0.103125 0.053125
0 0.90546875 0.4140625 0.103125 0.0625
0 0.9296875 0.45703125 0.0875 0.05625
3 0.36875 0.3390625 0.0296875 0.01875
3 0.3484375 0.58203125 0.0296875 0.01875
2 0.44609375 0.55234375 0.0484375 0.0390625
2 0.540625 0.9078125 0.109375 0.0484375
3 0.33984375 0.96640625 0.0484375 0.021875