4 0.70234375 0.53828125 0.17265625 0.35234375
1 0.7125 0.84375 0.134375 0.31015625
1 0.26015625 0.85 0.084375 0.2984375
1 0.55703125 0.796875 0.0625 0.2359375
0 0.55 0.9171875 0.03125 0.0296875
0 0.5796875 0.903125 0.0171875 0.02734375
0 0.321875 0.9703125 0.0296875 0.04140625
0 0.34765625 0.96171875 0.0265625 0.040625
0 0.7734375 0.86015625 0.01640625 0.0265625
0 0.79140625 0.865625 0.0140625 0.01953125
4 0.28046875 0.5640625 0.09140625 0.3015625
3 0.2828125 0.50078125 0.01484375 0.03203125
4 0.55078125 0.5859375 0.07578125 0.21640625
2 0.546875 0.640625 0.01328125 0.03671875
2 0.74921875 0.6390625 0.0453125 0.08203125
3 0.75 0.41875 0.0171875 0.03671875
3 0.56328125 0.56171875 0.0109375 0.02421875
1 0.3390625 0.82109375 0.05703125 0.2546875