4 0.4362980765625 0.35750999375000003 0.406650640625 0.35750999375000003 0.384615384375 0.361507709375 0.3798076921875 0.3649343234375 0.37660256406250003 0.3746430609375 0.3737980765625 0.377498571875 0.37660256406250003 0.383780696875 0.3794070515625 0.411193603125 0.37860576875 0.42033123906250003 0.38181089687499997 0.42775556875 0.3822115390625 0.4363221015625 0.385016025 0.4460308390625 0.385016025 0.46544831562500005 0.3835475265625 0.46724763593749996 0.372604115625 0.474050734375 0.375 0.48258138281249996 0.3830128203125 0.5305539687499999 0.3924476234375 0.550954240625 0.40035402031249995 0.5604566859375 0.414616540625 0.5684122203124999 0.4209726640625 0.5790196015625 0.4257785140625 0.5785776265625 0.42329807500000005 0.5759257812499999 0.4229880203125 0.5723899875 0.42960843593750003 0.5526377015625 0.4331883 0.547874909375 0.4375 0.5471159343750001 0.44391025624999997 0.5465448312500001 0.4479474328125 0.5460925249999999 0.4532183640625 0.54962831875 0.45112179531249996 0.5545402625 0.45512820468750004 0.5545402625 0.46267503593750003 0.544103640625 0.46701580312499996 0.5416727828125001 0.47035256406250003 0.5374071953125 0.47355769218750005 0.532838378125 0.4771634609375 0.518560821875 0.48115846875 0.50943236875 0.48076923125000004 0.49457452812499997 0.46875 0.4774414625 0.4632591515625 0.48221641249999997 0.46233974375000003 0.468874928125 0.4615384609375 0.4306110796875 0.46794871718750003 0.3826384921875 0.46875 0.3632210171875 0.4487179484375 0.3586521984375 0.440825340625 0.3600848046875 0.4362980765625 0.35750999375000003
3 0.42265625 0.50625 0.015625 0.0203125
4 0.32491987187500004 0.3763563671875 0.2920673078125 0.37350085625 0.26402243593749997 0.3752141640625 0.255290140625 0.4041306859375 0.255608975 0.43175328437499993 0.2548076921875 0.44146202187499994 0.25681089687499997 0.447744146875 0.25681089687499997 0.4603083953125 0.263221153125 0.49114791562500004 0.24879807656250003 0.5008566531249999 0.23838141093749998 0.50142775625 0.23557692343749997 0.5094231875 0.23758012812499998 0.5305539687499999 0.23838141093749998 0.57681325 0.24358974375 0.5962307250000001 0.25641025625 0.61050828125 0.260016025 0.6116504859375 0.27443910312500003 0.6270702453125 0.27764423125 0.6293546546875 0.283653846875 0.640205596875 0.28806089687499997 0.6379211875 0.2988782046875 0.6173615078125 0.310096153125 0.6116504859375 0.3169070515625 0.614505996875 0.3160437921875 0.634526225 0.3269349328125 0.6178184859375 0.3436917390625 0.603663615625 0.35016025625 0.58823529375 0.35256410312500003 0.55625356875 0.359375 0.5202741296875 0.35576923125 0.5031410625 0.34695512812499996 0.49857224375 0.3429487171875 0.4757281546875 0.341346153125 0.42033123906250003 0.34214743593749997 0.39177612812499996 0.3409455125 0.3877784125 0.334134615625 0.37978298125 0.32491987187500004 0.3763563671875
3 0.29375 0.5609375 0.01875 0.025
2 0.44140625 0.4546875 0.0203125 0.03359375
2 0.3265625 0.5078125 0.02109375 0.03671875
0 0.487580128125 0.1484865796875 0.484775640625 0.14277555625 0.47115384687499995 0.14106225 0.4479166671875 0.14905768125000002 0.4459134609375 0.1536264984375 0.4459134609375 0.1604797265625 0.447516025 0.1656196453125 0.47075320468750004 0.170759565625 0.487580128125 0.1541976015625 0.487580128125 0.1484865796875
1 0.43589743593749997 0.2575671046875 0.4330929484375 0.2655625359375 0.4302884609375 0.294117646875 0.4260349484375 0.33063547187500003 0.41546474375000003 0.2889777265625 0.40865384687499995 0.2729868640625 0.405849359375 0.2598515140625 0.3830128203125 0.19645916562500002 0.37339743593749997 0.188463734375 0.3665865390625 0.191319246875 0.3581730765625 0.2073101078125 0.3613782046875 0.23986293593750002 0.372596153125 0.278126784375 0.385016025 0.28669331875 0.38741987187500004 0.3032552828125 0.3934294875 0.3249571671875 0.3914262828125 0.335808109375 0.3822115390625 0.34437464375000004 0.38141025625 0.358081096875 0.3794070515625 0.361507709375 0.381009615625 0.3632210171875 0.40625 0.358081096875 0.4362980765625 0.35693889218749997 0.43950320468750004 0.359794403125 0.45072115312500005 0.35922330156250004 0.47029960624999995 0.36165864999999997 0.47115384687499995 0.352370075 0.4675480765625 0.288406625 0.47035256406250003 0.23986293593750002 0.47075320468750004 0.172472871875 0.46714743593749997 0.169046259375 0.45953525624999997 0.1684751578125 0.4479166671875 0.1633352375 0.44551282031249995 0.1684751578125 0.4411587078125 0.19918132187499998 0.43990384687499995 0.22501427812500002 0.43589743593749997 0.2575671046875
0 0.3613782046875 0.2038834953125 0.3665865390625 0.19360365468750002 0.3770032046875 0.1901770421875 0.3802083328125 0.16619074843749998 0.3794070515625 0.161050828125 0.3770032046875 0.1581953171875 0.3709935890625 0.1576242140625 0.3605769234375 0.1604797265625 0.3573717953125 0.16504854375 0.35576923125 0.173043975 0.3549679484375 0.20045688125 0.3573717953125 0.20616790468750001 0.3613782046875 0.2038834953125
0 0.32491987187500004 0.1039406046875 0.344150640625 0.11022272968749999 0.3585737171875 0.10051399218749998 0.36258012812499996 0.0942318671875 0.36298076875 0.08794974375 0.3581730765625 0.08166761875 0.34535256406250003 0.0788121078125 0.33133012812499996 0.0799543125 0.3104967953125 0.0908052546875 0.306891025 0.095374071875 0.306891025 0.109651628125 0.3112980765625 0.10908052500000001 0.314903846875 0.105082809375 0.32491987187500004 0.1039406046875
1 0.3465544875 0.10793832031249999 0.3409455125 0.10908052500000001 0.3269230765625 0.1027984015625 0.3173076921875 0.103369503125 0.310096153125 0.1085094234375 0.306891025 0.11536265000000001 0.306891025 0.1199314671875 0.3104967953125 0.13078240937500002 0.3104967953125 0.135351228125 0.2976762828125 0.1684751578125 0.2932690078125 0.1891613359375 0.2813726640625 0.159642034375 0.2487678671875 0.162154315625 0.2364309171875 0.1747157203125 0.252403846875 0.2210165625 0.2628205125 0.2392918328125 0.2764423078125 0.284408909375 0.2732371796875 0.3032552828125 0.2676282046875 0.31753283906249996 0.2664262828125 0.353512278125 0.2636217953125 0.3683609359375 0.26402243593749997 0.37350085625 0.26722756406250003 0.375785265625 0.2984203296875 0.3746430609375 0.32171474375 0.3763563671875 0.33693910312500003 0.3809251859375 0.3389423078125 0.377498571875 0.33693910312500003 0.369503140625 0.3361378203125 0.35408338125 0.3329326921875 0.34209023437499997 0.334134615625 0.3266704734375 0.3229166671875 0.254140490625 0.328125 0.2215876640625 0.3449519234375 0.147344375 0.34535256406250003 0.1250713875 0.3477564109375 0.11022272968749999 0.3465544875 0.10793832031249999
0 0.22920663125 0.1507709875 0.22640214374999998 0.1621930328125 0.22920663125 0.1701884640625 0.233213040625 0.1736150765625 0.23762009218750002 0.1736150765625 0.2394897515625 0.168094421875 0.24403034843750002 0.16276413437499998 0.260857271875 0.1570531125 0.26446304062500003 0.1581953171875 0.266466246875 0.1559109078125 0.26606560468749996 0.1422044546875 0.2708732984375 0.1279268984375 0.27528034843750004 0.12335808125 0.27528034843750004 0.11878926249999999 0.27127393906249997 0.113078240625 0.2568508625 0.11136493437499999 0.24843739999999997 0.11364934374999999 0.244430990625 0.1182181609375 0.2400239390625 0.135351228125 0.22920663125 0.1507709875