4 0.29921875 0.196875 0.1765625 0.39375
4 0.57890625 0.23203125 0.2265625 0.453125
4 0.9109375 0.15859375 0.178125 0.2703125
4 0.78125 0.16015625 0.165625 0.290625
3 0.88828125 0.03828125 0.0296875 0.0265625
2 0.19609375 0.228125 0.028125 0.0578125
1 0.88515625 0.47265625 0.1875 0.38125
1 0.7453125 0.43828125 0.190625 0.325
1 0.5421875 0.61640625 0.290625 0.4390625
1 0.31953125 0.48984375 0.2703125 0.403125
0 0.1453125 0.553125 0.0859375 0.0625
0 0.3015625 0.5390625 0.0375 0.05
0 0.17578125 0.7015625 0.10625 0.06875
0 0.40625 0.70078125 0.1015625 0.090625
0 0.4125 0.8328125 0.11875 0.0890625
0 0.61796875 0.74609375 0.109375 0.09375
0 0.84921875 0.68359375 0.10625 0.090625
0 0.91875 0.6609375 0.0640625 0.0640625
0 0.6625 0.6 0.078125 0.05625