4 0.63125 0.6546875 0.28125 0.196875
3 0.690625 0.603125 0.0265625 0.0203125
4 0.72421875 0.925 0.2453125 0.121875
3 0.7625 0.89921875 0.028125 0.025
2 0.609375 0.6421875 0.05625 0.034375
4 0.5546875 0.24609375 0.3609375 0.2578125
2 0.53671875 0.2328125 0.065625 0.04375
4 0.5109375 0.11640625 0.3625 0.2328125
3 0.56796875 0.0515625 0.034375 0.0234375
3 0.66875 0.965625 0.0484375 0.028125
1 0.49765625 0.96015625 0.2515625 0.0796875
0 0.3609375 0.9875 0.05 0.025
1 0.4078125 0.70234375 0.2375 0.1421875
1 0.29453125 0.5171875 0.4078125 0.240625
1 0.25 0.34140625 0.4125 0.234375
1 0.40703125 0.86484375 0.425 0.228125
0 0.290625 0.74453125 0.046875 0.0453125
0 0.13359375 0.6046875 0.0734375 0.0734375
0 0.05390625 0.5515625 0.0765625 0.0859375
0 0.03515625 0.36328125 0.0703125 0.0984375
0 0.08125 0.42109375 0.0796875 0.075
1 0.2265625 0.24375 0.38125 0.2375
0 0.09609375 0.32734375 0.0703125 0.059375
4 0.60078125 0.43359375 0.3859375 0.2640625
2 0.5390625 0.39140625 0.0875 0.0515625
2 0.4421875 0.11796875 0.065625 0.0375
0 0.0359375 0.2 0.071875 0.134375
4 0.7546875 0.790625 0.321875 0.2171875