1 0.23828125 0.7078125 0.1984375 0.3765625
1 0.0859375 0.6609375 0.171875 0.35625
1 0.675 0.78359375 0.1703125 0.284375
0 0.60625 0.93671875 0.0578125 0.0640625
0 0.6453125 0.934375 0.0421875 0.05625
0 0.21484375 0.90234375 0.05625 0.0515625
0 0.1671875 0.9109375 0.053125 0.0515625
0 0.0203125 0.8375 0.040625 0.046875
0 0.0921875 0.790625 0.0765625 0.1125
4 0.33828125 0.390625 0.26875 0.3453125
4 0.15 0.3796875 0.228125 0.284375
3 0.1328125 0.3171875 0.0328125 0.034375
3 0.29921875 0.29453125 0.0296875 0.0296875
4 0.7359375 0.53359375 0.215625 0.28125
3 0.70625 0.484375 0.0265625 0.0265625