4 0.31195496562499997 0.5870784765625 0.314218790625 0.589090765625 0.312201671875 0.5605549203125 0.31829367343750004 0.5403933921874999 0.3273489703125 0.601969409375 0.3313708390625 0.594797178125 0.3368271890625 0.592151675 0.34054742656250003 0.579805996875 0.342742975 0.5705777140625 0.357164490625 0.5961199296874999 0.3637965390625 0.621287375 0.3669658921875 0.63416601875 0.376247571875 0.6196775453125001 0.384850103125 0.6144455953125 0.38009607343749996 0.5862735625 0.37783224843749996 0.5605162734375 0.3807752203125 0.5355639015625 0.3839445734375 0.52067296875 0.3905096640625 0.5210754265624999 0.3866611625 0.46956085156249994 0.3933748078125 0.440476190625 0.3903986171875 0.37742504375 0.388910521875 0.37345679062500003 0.377379484375 0.371361190625 0.361759096875 0.3617022078125 0.35202465312500003 0.362507121875 0.35021359375 0.3890693265625 0.348483934375 0.3611111109375 0.34568594531249996 0.36411695312500003 0.336083140625 0.3677248671875 0.3357251203125 0.370556275 0.3278986171875 0.38007054687499997 0.3266585375 0.384920634375 0.325666475 0.42680775937500004 0.32780173437500004 0.45346254531249997 0.3266585375 0.46241181718749996 0.3274025859375 0.48324515 0.32690655468749996 0.49029982343749995 0.325914490625 0.4986772484375 0.322690284375 0.5066137562499999 0.31376171249999996 0.5097001765625 0.310289490625 0.5136684296875 0.3115295703125 0.51851851875 0.3122736171875 0.534391534375 0.3082147703125 0.5682870921875 0.31195496562499997 0.5870784765625
4 0.39161706406249996 0.557760140625 0.393105159375 0.5846560843749999 0.3955853171875 0.6000881828125 0.40029761875 0.6128747796875 0.40426587343750003 0.6164021156249999 0.406001984375 0.6128747796875 0.40997023749999995 0.6102292765625 0.41989087343750003 0.6075837749999999 0.422123015625 0.6040564374999999 0.42782738125 0.586419753125 0.4312584984375 0.5721875453124999 0.43675595312500004 0.5877425046875 0.4387400796875 0.599647265625 0.4429563484375 0.6543209875 0.440766559375 0.6703872046875 0.44687888437499995 0.664350340625 0.4516369046875 0.65608465625 0.453125 0.651675484375 0.462053571875 0.645061728125 0.47569444375 0.6397707234375 0.4898313484375 0.6252204578125 0.497023809375 0.6044973546875 0.4993996046875 0.5572966125 0.506200396875 0.5061728390625 0.5061910765625 0.4872689859375 0.5080021359375 0.4659387328125 0.5018898109375 0.46312152968750003 0.4914762203125 0.46030432499999996 0.4706490375 0.4510478 0.46180555625 0.38580246875 0.456101190625 0.3738977078125 0.455853175 0.36948853593750003 0.4516369046875 0.363315696875 0.4373708234375 0.373373478125 0.41518534687499997 0.417241359375 0.40862025625 0.4522551734375 0.4034134609375 0.4522551734375 0.393601190625 0.45987654375 0.38575563281249997 0.4679510203125 0.3875666921875 0.47278051249999997 0.3893849203125 0.5423280421875 0.39161706406249996 0.557760140625
4 0.8053291734375 0.6935626109374999 0.821089015625 0.7094255953124999 0.822447309375 0.700973984375 0.8190515734374999 0.6840707640625 0.8217681625000001 0.6792412734375 0.8301443109375001 0.6949371203125 0.84259534375 0.72713373125 0.848028521875 0.71465754375 0.85741250625 0.7111992953125 0.8740295703125 0.6940035265625 0.876509728125 0.680335096875 0.88221409375 0.66931216875 0.882710125 0.6600529093749999 0.8807259984375 0.6388888890625 0.879237903125 0.6322751328125 0.8735335375 0.6300705468750001 0.866837109375 0.6265432093750001 0.859574025 0.6208849171875 0.8634225265625 0.585468646875 0.8629697609375 0.5544794093750001 0.860026790625 0.50215991875 0.8262958109375 0.499342715625 0.8312762234375001 0.5218803421875 0.8240319859374999 0.556089240625 0.820183484375 0.566955596875 0.8164898875000001 0.593033509375 0.8135136968750001 0.5961199296874999 0.8145057609374999 0.6053791890625 0.8021049671875 0.6547619046875 0.8003688562500001 0.6816578484375 0.8053291734375 0.6935626109374999
3 0.26640625 0.553125 0.0140625 0.0265625
3 0.36484375 0.5609375 0.01484375 0.02109375
3 0.45546875 0.52890625 0.01328125 0.03984375
3 0.834375 0.66015625 0.0109375 0.0203125
3 0.5390625 0.64296875 0.01015625 0.01796875
2 0.34453125 0.4796875 0.01796875 0.0421875
2 0.24140625 0.43125 0.01328125 0.0375
0 0.7924107140625 0.3284832453125 0.80654761875 0.33906525625 0.8102678578125 0.3373015875 0.8125 0.33201058125 0.8172123015625001 0.3284832453125 0.8236607140625001 0.3267195765625 0.8298611109375 0.3284832453125 0.830853175 0.3108465609375 0.828869046875 0.30820105781249996 0.8216765875 0.307760140625 0.7879464281249999 0.3143738984375 0.783978175 0.3183421515625 0.7827380953125 0.324514990625 0.7832341265625 0.3276014109375 0.7924107140625 0.3284832453125
0 0.8487103171875001 0.3267195765625 0.858630953125 0.3240740734375 0.862351190625 0.30599647343749997 0.862103175 0.29497354531250003 0.85887896875 0.29056437343749997 0.8549107140625001 0.28880070468749997 0.8489583328125001 0.289241621875 0.8449900796875 0.29232804218749997 0.8425099203125 0.2989417984375 0.8427579359375 0.32231040625 0.8487103171875001 0.3267195765625