4 0.7120108578125001 0.7132931984375 0.6852607359375 0.6859644953124999 0.6920131875 0.526571309375 0.6800665390625 0.533982509375 0.6343576109375 0.5251817359375 0.6125419812499999 0.5149913546875 0.6044909796875 0.6507084484375001 0.6003356265625001 0.6548772406250001 0.5920248984375001 0.7044394546875 0.5920248984375001 0.7461272953125 0.6055298234375 0.7720663890624999 0.6130613921875 0.7910575 0.616149640625 0.7823087734375 0.6130613921875 0.7674873953125 0.6270857265625 0.757760221875 0.6411100625 0.785552115625 0.646304259375 0.80315364375 0.64318775 0.8054696359375001 0.6496804953125 0.8054696359375001 0.6546149671875 0.7929632984375 0.676430596875 0.78972090625 0.6839621859375 0.7827729328124999 0.7120108578125001 0.7132931984375
3 0.60546875 0.7140625 0.0125 0.025
4 0.5300730890625001 0.5680498218750001 0.5357827515625 0.6005091609375001 0.5350690546875 0.626603903125 0.532214209375 0.6590632421875 0.5293593921874999 0.6717923890625 0.5240065796875 0.6514257484375 0.507948140625 0.6686101015625 0.5279319703125 0.7195266890625 0.5350690546875 0.7278006296874999 0.5475589515625 0.7316193640625 0.5521980390625 0.74689435 0.5529117640625001 0.73925685625 0.555106896875 0.719168875 0.568970203125 0.7118891953125 0.5725387453125 0.746257878125 0.5811032515625 0.7233454234375001 0.5793189812499999 0.6953412906249999 0.5678996296875 0.68834026875 0.5671859328125 0.6412424171875 0.559692 0.5260436234375 0.52579085 0.5400457140625 0.5300730890625001 0.5680498218750001
3 0.5421875 0.68359375 0.01171875 0.01875
1 0.6314149765625 0.5274148515625 0.639526290625 0.5223514984375 0.65412665 0.5303082046875 0.6711603984375001 0.531031528125 0.6865467234375 0.5226978890625 0.666293621875 0.4066178359375 0.6950887812500001 0.2684607875 0.669538128125 0.255440728125 0.6577767484375 0.3060742046875 0.640337409375 0.224337340625 0.6143811984374999 0.244590696875 0.6326316546874999 0.4174678671875 0.6135700796875 0.5071614656250001 0.6216813937500001 0.5245214984375 0.6314149765625 0.5274148515625
0 0.6758625328125001 0.2573664625 0.6891872484375 0.2572233625 0.6915476359375 0.23530949531249998 0.6858165406250001 0.22347404062499998 0.6788788953125 0.22831580312500002 0.677672346875 0.21648036875 0.6598758218749999 0.21110061875000002 0.6502234453125 0.21486642812499998 0.6553512765625 0.233695553125 0.6653052609375 0.2471449296875 0.668321625 0.2579044296875 0.6758625328125001 0.2573664625
0 0.6375547296875 0.1868917421875 0.6309187171875 0.1712904171875 0.6164401875000001 0.182587925 0.6049779984375 0.21110061875000002 0.602564921875 0.225625928125 0.6128205375 0.22939175781249999 0.6188532640625 0.22186011875 0.6221712828125 0.225625928125 0.6363920703125 0.2074898578125 0.6375547296875 0.1868917421875
1 0.7293407671875001 0.45302848281249997 0.7253424640625 0.42673266875 0.7230934140625 0.3799350453125 0.7133475390624999 0.367009996875 0.70435135625 0.37636948124999997 0.704601246875 0.45436555468749995 0.7083496578124999 0.49982610781250003 0.7088494578125 0.5203279249999999 0.73933653125 0.526121896875 0.7653102140625 0.5416522406250001 0.76832424375 0.5189908453125 0.7650756328125 0.342051253125 0.75682911875 0.3424969375 0.7523310171875 0.3375943359375 0.7500819859375001 0.352302175 0.751081546875 0.3723582828125 0.7420853625 0.457931084375 0.7398363125 0.48600965625 0.7373373703125 0.4984890359375 0.7293407671875001 0.45302848281249997
0 0.7532036203125 0.296965334375 0.7513452453125 0.2988593234375 0.7525294546875 0.318215115625 0.75798229375 0.32797913749999996 0.765681275 0.32608516718749997 0.767805128125 0.31661530781249997 0.7753713609374999 0.3009900453125 0.776300553125 0.2915201859375 0.7744421781249999 0.28820573125000004 0.7624954890625 0.289626215625 0.757716815625 0.2910466734375 0.7569203625 0.2945978703125 0.7532036203125 0.296965334375
0 0.7042194234375 0.3601683328125 0.7052813546875 0.354723165625 0.710856471875 0.3559068984375 0.7171812609375 0.3560723359375 0.71709529375 0.3471472765625 0.7186881921875 0.3305750234375 0.7198828625 0.3239461234375 0.7192191578125 0.3168437296875 0.7084671296875 0.3175539671875 0.7035557171875 0.3213419078125 0.702361046875 0.328681053125 0.703422978125 0.3485677515625 0.7030247515625 0.3658502421875 0.7042194234375 0.3601683328125
1 0.5624138109375 0.296022209375 0.554786384375 0.299989975 0.527772596875 0.537487465625 0.5612704609375 0.5247170671875 0.585613896875 0.521616515625 0.5881563562500001 0.497810078125 0.587520746875 0.4326258 0.5903810359375 0.3969161546875 0.58720294375 0.34420189375 0.5808467578125 0.28241856875 0.5713124796875 0.290920865625 0.5633672484375001 0.28581947812499997 0.5624138109375 0.296022209375
0 0.56932901875 0.2812537125 0.5779027375 0.27548093749999997 0.5830691828125001 0.26977672343750003 0.579870915625 0.259684696875 0.5769186484375 0.2566131828125 0.5751965046875 0.247837490625 0.5707681109375 0.247837490625 0.5675698437500001 0.2614398421875 0.56338746875 0.2675828 0.5646175765625 0.27679730468749997 0.56932901875 0.2812537125
0 0.5488722 0.2728482359375 0.5488722 0.2820627078125 0.5550227359375 0.2816239296875 0.5622547203125 0.2828981890625 0.5619113437500001 0.270215534375 0.5535466109375 0.26582768749999997 0.5488722 0.2728482359375