1 0.8078125 0.13046875 0.33125 0.153125
0 0.9234375 0.09140625 0.0765625 0.034375
4 0.49296875 0.16875 0.375 0.190625
3 0.41015625 0.20390625 0.0328125 0.0203125
2 0.434375 0.153125 0.0453125 0.0203125
4 0.47265625 0.3375 0.4484375 0.2453125
3 0.39765625 0.38515625 0.0359375 0.03125
4 0.575 0.478125 0.2203125 0.11875
3 0.51953125 0.49765625 0.0234375 0.0140625
1 0.80234375 0.4546875 0.2890625 0.1078125
2 0.65625 0.45234375 0.0421875 0.015625
1 0.81015625 0.30234375 0.35625 0.140625
4 0.6234375 0.6 0.1890625 0.096875
3 0.57578125 0.615625 0.0203125 0.015625
2 0.6640625 0.59609375 0.0390625 0.0203125
1 0.790625 0.57421875 0.1921875 0.075
0 0.9015625 0.57578125 0.015625 0.0171875
0 0.93203125 0.42734375 0.034375 0.0203125
0 0.9796875 0.44375 0.0234375 0.0203125
0 0.896875 0.54765625 0.0328125 0.0234375