0 0.39765625 0.9375 0.025 0.034375
0 0.3671875 0.9203125 0.0265625 0.028125
1 0.35859375 0.778125 0.14375 0.284375
1 0.48046875 0.7890625 0.2015625 0.421875
0 0.4890625 0.9703125 0.0375 0.059375
0 0.65078125 0.88671875 0.0234375 0.0234375
0 0.63203125 0.878125 0.0234375 0.028125
1 0.625 0.7453125 0.1171875 0.26875
4 0.29765625 0.5515625 0.159375 0.2515625
3 0.303125 0.48671875 0.0203125 0.028125
2 0.29140625 0.571875 0.0328125 0.0515625
4 0.57890625 0.5171875 0.1265625 0.2234375
3 0.5671875 0.4625 0.0171875 0.0234375