1 0.5904411765625001 0.5908203125 0.590686275 0.5992838546875 0.59607843125 0.6083984375 0.6029411765625 0.611328125 0.607352940625 0.6155598953125 0.630882353125 0.6204427078125 0.6350490203125 0.6171875 0.6404411765625 0.607421875 0.640931371875 0.59765625 0.6463235296875001 0.5719401046875 0.6485294125000001 0.5465494796875 0.6620098046875 0.4749348953125 0.6669117640625 0.435546875 0.665686275 0.42578125 0.6647058828125 0.4241536453125 0.66176470625 0.423828125 0.638725490625 0.4293619796875 0.6252450984375 0.4296875 0.6149509796875 0.4287109375 0.5911764703125 0.4228515625 0.5872549015625 0.4248046875 0.585539215625 0.4309895828125 0.586274509375 0.451171875 0.596568628125 0.533203125 0.5924019609375 0.5810546875 0.5904411765625001 0.5908203125
1 0.469117646875 0.615234375 0.4725490203125 0.6305338546875 0.47573529375 0.658203125 0.4786764703125 0.6634114578125 0.4977941171875 0.6507161453125 0.501225490625 0.6461588546875 0.503431371875 0.6298828125 0.510026253125 0.6069903328125 0.5100490203125 0.6064453125 0.5456855625 0.5366020484375 0.5377450984375 0.4775390625 0.508210784375 0.4866536453125 0.46544117656250006 0.48828125 0.46127450937500003 0.4905598953125 0.4610294125 0.4977213546875 0.46225490156250004 0.5013020828125 0.46225490156250004 0.5514322921875 0.469117646875 0.615234375
4 0.4372549015625 0.3697916671875 0.4490196078125 0.375 0.45514705937500005 0.3815104171875 0.45392156874999995 0.3968098953125 0.45571941718750003 0.42102622343749996 0.4560465671875 0.4301506296875 0.4560465671875 0.43623356874999997 0.45539215625 0.4388020828125 0.4568627453125 0.4420572921875 0.4595588234375 0.4547526046875 0.460539215625 0.4723307296875 0.4627450984375 0.4860026046875 0.46642156874999996 0.48828125 0.5142156859375 0.4860026046875 0.5188725484375001 0.4820963546875 0.5252450984375 0.4840494796875 0.5357843140624999 0.4765625 0.5372549015625 0.4742838546875 0.5377450984375 0.4576822921875 0.536274509375 0.4430338546875 0.5338235296875 0.4326171875 0.53357843125 0.4104817703125 0.5323529406249999 0.4026692703125 0.5330882359375 0.3844401046875 0.5365196078125 0.3746744796875 0.5541666671875001 0.3662109375 0.5588235296875 0.3619791671875 0.559803921875 0.359375 0.5585784312500001 0.3528645828125 0.5485294125 0.3268229171875 0.544852940625 0.3089192703125 0.540931371875 0.2998046875 0.5294117640625 0.2867838546875 0.517647059375 0.2789713546875 0.5122549015625 0.2822265625 0.509803921875 0.2864583328125 0.5045751640625 0.2903645828125 0.49485294062499996 0.2874348953125 0.4818627453125 0.2701822921875 0.478431371875 0.2688802078125 0.4772058828125 0.2721354171875 0.44607843125 0.2994791671875 0.44215686249999997 0.306640625 0.4384803921875 0.3225911453125 0.4365196078125 0.3517252609375 0.43333333281249997 0.3610026046875 0.43333333281249997 0.365234375 0.4372549015625 0.3697916671875
4 0.5884803921875 0.3499348953125 0.5904411765625001 0.3531901046875 0.590931371875 0.357421875 0.603431371875 0.3675130203125 0.6058823531249999 0.373046875 0.5916666671875 0.3834635421875 0.5870098046875001 0.3844401046875 0.5838235296875001 0.3990885421875 0.5838235296875001 0.408203125 0.5879901953125 0.4215494796875 0.5955882359375 0.4225260421875 0.6107843140625 0.4280598953125 0.6323529406249999 0.4300130203125 0.6546568625 0.4261067703125 0.6620098046875 0.4231770828125 0.6700980390625 0.416015625 0.6705882359374999 0.4104817703125 0.6696078437499999 0.4046223953125 0.659068628125 0.3642578125 0.656617646875 0.3450520828125 0.6607843140624999 0.3388671875 0.6705882359374999 0.3346354171875 0.6767156859375001 0.330078125 0.6767156859375001 0.326171875 0.663725490625 0.2880859375 0.659313725 0.2786458328125 0.646568628125 0.2711588546875 0.631617646875 0.2679036453125 0.6291666671875 0.2750651046875 0.6272058828125 0.2877604171875 0.623039215625 0.2900390625 0.6186274515625 0.2874348953125 0.6122549015625001 0.2799479171875 0.6075980390625 0.2685546875 0.603431371875 0.2659505203125 0.5794117640625001 0.287109375 0.5754901953125 0.2945963546875 0.5713235296875 0.3098958328125 0.5708333328124999 0.3264973953125 0.568382353125 0.3372395828125 0.569117646875 0.3414713546875 0.5884803921875 0.3499348953125
3 0.52734375 0.3234375 0.01171875 0.0171875
3 0.646875 0.30234375 0.01015625 0.01328125
2 0.64375 0.38359375 0.015625 0.02578125
0 0.542647059375 0.6578776046875 0.544852940625 0.6510416671875 0.5450980390625 0.6461588546875 0.5333333328125 0.6149088546875 0.5205882359375 0.611328125 0.5149509796875 0.6149088546875 0.5134803921875 0.62109375 0.513725490625 0.6468098953125 0.5178921562500001 0.6572265625 0.5174019609375 0.658203125 0.542647059375 0.6578776046875
0 0.4936274515625 0.689453125 0.49950980468750006 0.6868489578125 0.51323529375 0.6735026046875 0.515931371875 0.669921875 0.5166666671875 0.6663411453125 0.5154411765625 0.6572265625 0.506617646875 0.6520182296875 0.5049019609375 0.6477864578125 0.501960784375 0.6461588546875 0.4774509796875 0.6614583328125 0.477696078125 0.6656901046875 0.48039215625000004 0.6686197921875 0.486274509375 0.6861979171875 0.4936274515625 0.689453125
0 0.6161764703125 0.6432291671875 0.6188725484375001 0.6389973953125 0.6171568625 0.62109375 0.611274509375 0.6142578125 0.603431371875 0.61328125 0.6029411765625 0.6149088546875 0.598039215625 0.634765625 0.598774509375 0.642578125 0.6029411765625 0.64453125 0.6161764703125 0.6432291671875
0 0.6412132500000001 0.641315484375 0.6402318015625 0.6356670421875 0.6349974078125 0.6269771296875 0.6336888093749999 0.6208941921875 0.633361659375 0.61828721875 0.622238571875 0.6187217140625 0.617004178125 0.6187217140625 0.619621375 0.6452259453125 0.627472965625 0.6534813609375 0.6405589515625 0.6491364046875 0.6412132500000001 0.641315484375