4 0.309375 0.46640625 0.4046875 0.2734375
3 0.23203125 0.42890625 0.0390625 0.025
2 0.36171875 0.4171875 0.06875 0.046875
4 0.38671875 0.6734375 0.3 0.2296875
3 0.31484375 0.64609375 0.0296875 0.0203125
0 0.8046875 0.071875 0.09375 0.14375
0 0.803125 0.30859375 0.159375 0.1296875
1 0.61171875 0.22265625 0.4328125 0.3484375
0 0.725 0.16640625 0.0640625 0.075
0 0.75859375 0.25625 0.046875 0.0515625
0 0.84375 0.584375 0.059375 0.05
1 0.6734375 0.62421875 0.328125 0.18125
0 0.7921875 0.57734375 0.09375 0.0484375
1 0.60546875 0.4 0.315625 0.1609375
0 0.79140625 0.38828125 0.090625 0.0625
4 0.50859375 0.98671875 0.1046875 0.0265625
3 0.515625 0.99296875 0.0171875 0.009375
0 0.777083571875 0.9397477640625 0.7767310875 0.9454452484375 0.7821123109375 0.9512054750000001 0.7990742828124999 0.9476000953125 0.7982991953125 0.9380495265625 0.79596464375 0.9270663203125 0.7899865562499999 0.9224801515625 0.7840238359375 0.9267931359375 0.7846641765625 0.9327481484375 0.777083571875 0.9397477640625