1 0.2546875 0.2859375 0.1328125 0.2640625
3 0.0546875 0.709375 0.0296875 0.0296875
4 0.3125 0.50078125 0.1359375 0.2140625
3 0.340625 0.53671875 0.0171875 0.021875
3 0.47890625 0.5328125 0.0203125 0.025
1 0.3890625 0.26171875 0.1375 0.2703125
4 0.6125 0.48671875 0.1828125 0.28125
3 0.6359375 0.546875 0.025 0.03125
0 0.19296875 0.1609375 0.046875 0.0484375
0 0.2453125 0.15 0.034375 0.0375
0 0.325 0.1328125 0.04375 0.065625
0 0.38125 0.12109375 0.025 0.03125
0 0.49375 0.0875 0.0515625 0.0875
0 0.51875 0.05234375 0.0359375 0.0484375
1 0.54453125 0.2265625 0.153125 0.3140625