4 0.5546875 0.44453125 0.109375 0.1890625
4 0.65234375 0.41171875 0.10625 0.1609375
4 0.71640625 0.4359375 0.065625 0.1671875
4 0.68046875 0.5078125 0.053125 0.0765625
4 0.76640625 0.42265625 0.1015625 0.1125
4 0.37578125 0.2984375 0.0734375 0.1328125
4 0.30859375 0.2953125 0.0765625 0.128125
4 0.35859375 0.4203125 0.0703125 0.121875
4 0.32734375 0.44921875 0.0375 0.0859375
4 0.29609375 0.4453125 0.046875 0.1046875
4 0.25859375 0.4125 0.0703125 0.1390625
4 0.21796875 0.38515625 0.0640625 0.15625
4 0.15 0.38046875 0.090625 0.16875
4 0.10546875 0.44140625 0.090625 0.1875
0 0.09140625 0.16875 0.03125 0.04375
0 0.16953125 0.09453125 0.0453125 0.0359375
0 0.17890625 0.1109375 0.0296875 0.0359375
0 0.2265625 0.1453125 0.0265625 0.0328125
0 0.209375 0.1359375 0.025 0.034375
3 0.740625 0.415625 0.0109375 0.0171875
3 0.6984375 0.46796875 0.0125 0.01875
3 0.63359375 0.43828125 0.0125 0.01875
3 0.5359375 0.47890625 0.0125 0.0203125
3 0.3046875 0.31484375 0.0125 0.0171875
3 0.3484375 0.44296875 0.009375 0.0171875
3 0.315625 0.4609375 0.009375 0.015625
3 0.13671875 0.41796875 0.015625 0.015625
2 0.2109375 0.37421875 0.0140625 0.025
2 0.25703125 0.36328125 0.0109375 0.025
1 0.159375 0.21171875 0.090625 0.209375
1 0.215625 0.23515625 0.0640625 0.171875
2 0.55703125 0.43828125 0.01875 0.0265625