4 0.49921875 0.24140625 0.19296875 0.44296875
4 0.59609375 0.1546875 0.071875 0.2859375
1 0.5 0.66484375 0.13984375 0.41953125
1 0.59765625 0.459375 0.07265625 0.3484375
0 0.521875 0.9140625 0.0421875 0.1
0 0.54296875 0.7921875 0.021875 0.096875
0 0.44921875 0.7359375 0.03203125 0.0296875
0 0.40546875 0.68359375 0.021875 0.03515625
0 0.5796875 0.6515625 0.03203125 0.04375
0 0.60390625 0.56328125 0.03515625 0.10703125
0 0.30390625 0.46015625 0.01875 0.02421875
3 0.6015625 0.07265625 0.01796875 0.01875
3 0.553125 0.15390625 0.01796875 0.03203125
2 0.54453125 0.334375 0.02109375 0.0625
3 0.17734375 0.20625 0.003125 0.00859375
4 0.29375 0.2578125 0.07109375 0.1296875