4 0.62734375 0.4140625 0.19296875 0.2578125
1 0.6296875 0.6296875 0.18828125 0.29375
3 0.659375 0.4234375 0.01875 0.01875
4 0.2109375 0.3109375 0.19296875 0.36328125
3 0.23203125 0.2140625 0.02109375 0.02734375
4 0.303125 0.4484375 0.06796875 0.18359375
3 0.30390625 0.403125 0.009375 0.01328125
4 0.340625 0.44609375 0.03828125 0.1671875
3 0.33515625 0.4046875 0.00625 0.0125
1 0.18828125 0.63359375 0.19375 0.346875
4 0.82890625 0.4 0.13984375 0.2859375
1 0.8203125 0.63984375 0.1703125 0.27265625
1 0.53359375 0.628125 0.06328125 0.25234375
0 0.10625 0.8203125 0.065625 0.134375
0 0.25390625 0.821875 0.0625 0.1
0 0.51796875 0.76328125 0.03828125 0.04921875
0 0.571875 0.821875 0.046875 0.06328125
0 0.71484375 0.8140625 0.0671875 0.05859375
0 0.859375 0.8125 0.08671875 0.05625
0 0.7453125 0.76015625 0.04453125 0.1125
0 0.29765625 0.71328125 0.0296875 0.04453125
0 0.31484375 0.69765625 0.0296875 0.03203125
1 0.29453125 0.60703125 0.05078125 0.1703125