4 0.31015625 0.2328125 0.390625 0.240625
3 0.2390625 0.24765625 0.03125 0.025
4 0.315625 0.40078125 0.178125 0.1015625
4 0.38046875 0.453125 0.259375 0.184375
3 0.284375 0.40078125 0.015625 0.0140625
3 0.32265625 0.47734375 0.0203125 0.0203125
2 0.4390625 0.49453125 0.059375 0.0328125
4 0.359375 0.55234375 0.225 0.115625
3 0.31875 0.5546875 0.01875 0.0140625
4 0.371875 0.684375 0.240625 0.1453125
3 0.325 0.68203125 0.0203125 0.015625
1 0.64609375 0.20078125 0.340625 0.23125
0 0.76875 0.115625 0.0578125 0.046875
0 0.825 0.2671875 0.059375 0.09375
1 0.7232589171875 0.3839622109375 0.7289774984374999 0.3582315015625 0.722502471875 0.34952053125 0.673390653125 0.361233253125 0.6298489968750001 0.3669152890625 0.599949234375 0.3824876765625 0.5404789640625001 0.3952188421875 0.4793211171875 0.3959423109375 0.48127945624999996 0.405725371875 0.49543409374999997 0.42341529843750003 0.502994909375 0.4481543296875 0.5031792734375 0.48267641093749997 0.49904874843749997 0.50640425 0.5553054687500001 0.5007149078124999 0.61107310625 0.4989997125 0.6714780203124999 0.4970701 0.71354526875 0.5016534984375001 0.760280365625 0.510391378125 0.769222115625 0.49514058906249997 0.7745196453125 0.47471683750000004 0.7585298703125 0.4730282 0.7205574421875001 0.4643707703125 0.6446431453125 0.45142474374999997 0.581376728125 0.4454474984375 0.5868865765625 0.43898804843750006 0.6427415187500001 0.4088349921875 0.6616215921874999 0.4061815703125 0.6836924328125 0.39302146250000003 0.7232589171875 0.3839622109375
0 0.74609375 0.371875 0.0390625 0.0453125
0 0.784375 0.50546875 0.040625 0.0671875
0 0.70859375 0.67265625 0.0390625 0.0421875
0 0.67265625 0.63125 0.0453125 0.059375
1 0.57109375 0.65859375 0.1984375 0.0921875
1 0.607241775 0.49955909062500004 0.5647038453125 0.501616575 0.5233651140625 0.514532871875 0.47817827187499995 0.5186779953125 0.4629415734375 0.5195941125 0.4619646546875 0.53590485 0.45673636249999994 0.5591844499999999 0.46055168750000003 0.577027153125 0.46652516562499996 0.5837735390625001 0.5333946234375 0.5765918328125 0.54591435 0.5726268265625001 0.6052723 0.543700225 0.6155483765625 0.5447065375 0.6248959562499999 0.541432396875 0.6210977640625 0.52603780625 0.602081028125 0.52331929375 0.590456025 0.531324434375 0.53254830625 0.551960490625 0.4893011609375 0.5489715578125 0.5300153484375 0.5339375609375 0.567861878125 0.526413125 0.589391928125 0.5214268484375 0.6325539046875 0.5168311375 0.6297003609375 0.4988532640625 0.607241775 0.49955909062500004