4 0.27890625 0.3796875 0.159375 0.3359375
4 0.4546875 0.4078125 0.14296875 0.28828125
4 0.58671875 0.4109375 0.1484375 0.3328125
1 0.2828125 0.72578125 0.1265625 0.38125
1 0.44453125 0.69453125 0.08046875 0.32890625
1 0.571875 0.76875 0.146875 0.4453125
0 0.2546875 0.903125 0.0359375 0.0921875
0 0.2890625 0.9734375 0.05078125 0.053125
0 0.43515625 0.8328125 0.02734375 0.07265625
0 0.44375 0.91171875 0.03203125 0.06953125
3 0.321875 0.31328125 0.01875 0.02890625
3 0.48046875 0.34453125 0.01328125 0.021875
2 0.2828125 0.46796875 0.021875 0.05859375
2 0.4609375 0.49140625 0.01953125 0.0625
3 0.61640625 0.35 0.015625 0.02890625