4 0.1171875 0.60234375 0.10625 0.26015625
3 0.14375 0.54921875 0.01015625 0.01953125
4 0.25859375 0.56875 0.0390625 0.13046875
3 0.26796875 0.54453125 0.00625 0.0140625
2 0.30234375 0.6203125 0.0125 0.028125
4 0.34140625 0.5546875 0.0828125 0.20625
3 0.36171875 0.5140625 0.00859375 0.01640625
2 0.3484375 0.56328125 0.01171875 0.03046875
4 0.43125 0.6125 0.09453125 0.26640625
3 0.46796875 0.5578125 0.00546875 0.01953125
2 0.45859375 0.6609375 0.009375 0.0421875
4 0.515625 0.584375 0.08046875 0.296875
2 0.53359375 0.65078125 0.01171875 0.04140625
3 0.56484375 0.51953125 0.00625 0.0125
4 0.6328125 0.59140625 0.09765625 0.275
2 0.67421875 0.62890625 0.01640625 0.0484375
2 0.83671875 0.6125 0.01796875 0.05546875
1 0.11640625 0.83828125 0.0828125 0.240625
0 0.08515625 0.9375 0.0234375 0.05625
0 0.1515625 0.9671875 0.040625 0.03828125
0 0.20390625 0.87421875 0.03125 0.03046875
0 0.2484375 0.80078125 0.01875 0.02265625
0 0.2625 0.784375 0.01328125 0.0234375
0 0.28515625 0.81875 0.01953125 0.02890625
0 0.31015625 0.82109375 0.0078125 0.02109375
0 0.33125 0.88671875 0.02578125 0.04375
0 0.34921875 0.86484375 0.02734375 0.04140625
0 0.38984375 0.93046875 0.0234375 0.04296875
0 0.3625 0.8328125 0.02109375 0.03046875
1 0.18984375 0.759375 0.06953125 0.21015625
1 0.2546875 0.71015625 0.034375 0.15625
1 0.334375 0.75859375 0.0546875 0.19375
1 0.44140625 0.8546875 0.06875 0.26640625
1 0.65078125 0.84609375 0.09921875 0.3078125