4 0.60859375 0.5859375 0.13359375 0.26875
3 0.62890625 0.5234375 0.0125 0.02265625
2 0.6125 0.58359375 0.01953125 0.04609375
4 0.43828125 0.60625 0.09375 0.22890625
2 0.43515625 0.634375 0.0140625 0.04296875
3 0.45625 0.5609375 0.01328125 0.02109375
4 0.16953125 0.403125 0.14609375 0.1859375
3 0.1765625 0.4078125 0.0203125 0.03671875
1 0.4328125 0.83671875 0.06015625 0.25390625
1 0.61171875 0.8328125 0.08671875 0.2703125
0 0.63828125 0.93203125 0.021875 0.071875
0 0.59765625 0.9765625 0.03359375 0.04609375
0 0.43515625 0.98515625 0.0171875 0.0296875
4 0.50625 0.61171875 0.04921875 0.15390625
1 0.5 0.76640625 0.0453125 0.15703125
0 0.4984375 0.86640625 0.03515625 0.02578125
3 0.50859375 0.57890625 0.009375 0.01484375