4 0.215625 0.31796875 0.21171875 0.3140625
2 0.20625 0.2984375 0.01640625 0.0484375
3 0.25078125 0.23984375 0.021875 0.028125
4 0.521875 0.5125 0.16015625 0.2734375
2 0.52890625 0.52265625 0.01875 0.0453125
3 0.5609375 0.46640625 0.01484375 0.0296875
4 0.621875 0.5109375 0.11640625 0.25859375
3 0.6265625 0.4453125 0.0140625 0.02421875
4 0.7734375 0.52265625 0.14921875 0.26875
3 0.80625 0.47421875 0.01484375 0.0203125
2 0.7953125 0.5671875 0.01875 0.0390625
1 0.6171875 0.73359375 0.11015625 0.19453125
1 0.7671875 0.7328125 0.08046875 0.18203125
0 0.778125 0.8609375 0.046875 0.0453125
0 0.72578125 0.81328125 0.03046875 0.08515625
0 0.65625 0.84140625 0.053125 0.04609375
0 0.57734375 0.83984375 0.028125 0.028125
0 0.53984375 0.878125 0.03828125 0.04140625
4 0.525 0.75 0.1 0.22421875
0 0.26015625 0.715625 0.0453125 0.1015625
0 0.48671875 0.83046875 0.03671875 0.05078125