4 0.37890625 0.1921875 0.5375 0.2390625
4 0.47421875 0.4484375 0.275 0.134375
4 0.49609375 0.3640625 0.15625 0.0703125
4 0.50625 0.65390625 0.1765625 0.0796875
4 0.503125 0.60546875 0.184375 0.059375
4 0.49375 0.55 0.165625 0.071875
1 0.66484375 0.65390625 0.19375 0.0859375
1 0.6421875 0.5453125 0.1578125 0.053125
1 0.63515625 0.359375 0.146875 0.0609375
1 0.721875 0.43515625 0.278125 0.1078125
0 0.78359375 0.68671875 0.0421875 0.0328125
0 0.77578125 0.62890625 0.0375 0.0171875
0 0.7359375 0.55703125 0.0421875 0.034375
0 0.75234375 0.63671875 0.034375 0.0390625
0 0.8328125 0.4609375 0.059375 0.0359375
0 0.87421875 0.40703125 0.05 0.0515625
0 0.70703125 0.36015625 0.034375 0.0171875
0 0.71640625 0.34921875 0.0375 0.0171875
3 0.45625 0.36171875 0.015625 0.009375
3 0.42265625 0.4203125 0.021875 0.0125
3 0.45546875 0.54609375 0.0125 0.00625
3 0.4609375 0.61328125 0.0125 0.009375
3 0.46796875 0.64375 0.015625 0.009375