4 0.8359375 0.7875 0.31875 0.425
3 0.771875 0.915625 0.034375 0.0515625
4 0.4390625 0.51484375 0.228125 0.371875
3 0.37890625 0.5703125 0.0203125 0.04375
4 0.2125 0.49375 0.2109375 0.353125
3 0.165625 0.56015625 0.0296875 0.0296875
1 0.4609375 0.203125 0.1625 0.3109375
1 0.2359375 0.2203125 0.1 0.2484375
1 0.84609375 0.421875 0.203125 0.40625
0 0.8703125 0.1640625 0.0625 0.078125
0 0.81875 0.25078125 0.0671875 0.1453125
0 0.4390625 0.02890625 0.071875 0.0578125
0 0.5489277343750001 0.07874466718749999 0.540255990625 0.0709194265625 0.5382595671875 0.07134128281249999 0.5283031140625 0.095564228125 0.5221554453125 0.12998997968749998 0.524490615625 0.1306388453125 0.5320464578124999 0.1220846046875 0.5381457921874999 0.11871886875 0.54812790625 0.11660959062500001 0.5590437203125 0.1192875984375 0.560417678125 0.11567421874999999 0.5614357796875 0.096247671875 0.5604195328125 0.0930355078125 0.5489277343750001 0.07874466718749999
0 0.2453125 0.05078125 0.0625 0.065625
0 0.28046875 0.08671875 0.0546875 0.1109375
4 0.6390625 0.43203125 0.0875 0.1578125
1 0.65859375 0.3140625 0.059375 0.1125
0 0.6765625 0.24453125 0.0234375 0.0265625
0 0.653125 0.24609375 0.028125 0.0265625
2 0.6515625 0.4375 0.015625 0.025
3 0.634375 0.4640625 0.0109375 0.01875
0 0.3796875 0.08671875 0.071875 0.0609375
0 0.4890625 0.09765625 0.0453125 0.0453125