4 0.52890625 0.684375 0.3765625 0.190625
1 0.84375 0.6890625 0.3125 0.146875
1 0.84453125 0.209375 0.303125 0.0953125
1 0.8015625 0.525 0.2515625 0.0703125
0 0.928125 0.515625 0.03125 0.034375
0 0.91328125 0.5484375 0.028125 0.01875
0 0.97734375 0.27265625 0.0375 0.03125
0 0.971875 0.3 0.04375 0.028125
0 0.87265625 0.75390625 0.028125 0.01875
0 0.878125 0.7734375 0.021875 0.015625
4 0.5484375 0.23671875 0.321875 0.103125
3 0.48125 0.23984375 0.034375 0.015625
4 0.57734375 0.52265625 0.23125 0.0859375
2 0.634375 0.51796875 0.0390625 0.0140625
2 0.63671875 0.7328125 0.0890625 0.05
3 0.403125 0.7375 0.0390625 0.01875
3 0.5515625 0.53671875 0.025 0.0125
1 0.82265625 0.29375 0.271875 0.065625