1 0.5146818890625 0.5521538109375 0.5195431125 0.560255846875 0.520454590625 0.5788905328125 0.51805555625 0.5895061734375 0.516203703125 0.609259259375 0.5166666671875 0.6574074078125001 0.5203703703125 0.7012345671875 0.522222221875 0.7043209874999999 0.534259259375 0.7067901234375 0.5414186109375 0.703256796875 0.5456721812499999 0.654239475 0.5438492234375001 0.725132296875 0.558736715625 0.73566494375 0.5724089015625 0.7332343328125 0.5773148140625 0.6716049374999999 0.5796296296875 0.6246913578125 0.5731481484375001 0.604938271875 0.571296296875 0.5388888890625 0.5745370375000001 0.5 0.5800925921875 0.48333333281249996 0.5828703703125 0.482098765625 0.5856481484375 0.47407407343749997 0.5851851859375 0.45370370312499997 0.5875 0.450617284375 0.584259259375 0.4481481484375 0.54305555625 0.44876543281250003 0.5134259265625001 0.43580246875000006 0.5004629625 0.43333333281249997 0.4990740734375 0.441358025 0.50555555625 0.47716049375 0.5143780640625 0.5452670796875 0.5146818890625 0.5521538109375
0 0.5370370375 0.78271605 0.540740740625 0.7753086421875001 0.5421296296875 0.7648148140625 0.540740740625 0.7438271609375 0.527777778125 0.75 0.521759259375 0.7450617281249999 0.5175925921875 0.7283950625 0.516203703125 0.7339506171875 0.5134259265625001 0.759259259375 0.5175925921875 0.776543209375 0.5254629625 0.7845679015625 0.5370370375 0.78271605
0 0.5370370375 0.78271605 0.5421296296875 0.7666666671875 0.5423300906249999 0.70811801875 0.5377726953125 0.7502486109375 0.527777778125 0.75 0.518935459375 0.7385006578125 0.5201507640624999 0.7028516953125 0.5166666671875 0.730864196875 0.5134259265625001 0.759259259375 0.5175925921875 0.776543209375 0.5259259265625 0.7845679015625 0.5370370375 0.78271605
0 0.5803083890625 0.7935945078125 0.5861111109375 0.7919753093749999 0.5861111109375 0.777777778125 0.583796296875 0.769135803125 0.5702821171875 0.7522741203125001 0.5757509921875 0.7628067671875 0.572712728125 0.76564248125 0.559722221875 0.7654320984375 0.553703703125 0.7617283953125 0.5420262640625 0.7364751484375 0.5411147859375001 0.7445771859375 0.5417224375 0.758350646875 0.5606481484375 0.7882716046875 0.57878925625 0.7935945078125 0.5803083890625 0.7935945078125
0 0.759259259375 0.6209876546875 0.7620370375000001 0.61851851875 0.7615740734374999 0.613580246875 0.7569444437499999 0.6067901234375 0.7340913640625 0.600860046875 0.7291666671875 0.5876543203125 0.7231481484375 0.5870370375 0.7203703703125 0.5956790125 0.7199074078125001 0.6074074078125 0.721759259375 0.6117283953125 0.746296296875 0.6197530859375 0.759259259375 0.6209876546875
1 0.7244327187499999 0.47065055625 0.726949565625 0.481836546875 0.72401324375 0.510920121875 0.7214963953125 0.5366479 0.7214963953125 0.55929953125 0.719608759375 0.585586609375 0.7290469390625 0.5878238078125 0.7447772390625 0.5897813562499999 0.745825925 0.5696465734375 0.7456161875 0.55957918125 0.749181721875 0.533292103125 0.75316673125 0.48463304375 0.757151740625 0.428703090625 0.756312790625 0.3870352765625 0.741421440625 0.3889928234375 0.7286274640625 0.3861963265625 0.7097511046875 0.38088298125 0.7007323999999999 0.38172192968749996 0.6948597546874999 0.38172192968749996 0.6910844828125 0.38032368125 0.6908747453124999 0.38284052968750004 0.6923429078125001 0.3998991640625 0.6980058140625001 0.45526981875 0.699012334375 0.5017039171875 0.711429003125 0.47764179999999995 0.7154140124999999 0.4384908328125 0.7244327187499999 0.47065055625
0 0.66898148125 0.580864196875 0.6666666671875 0.5753086421875 0.6574074078125001 0.5790123453125 0.659259259375 0.5944444437499999 0.6615740734375 0.5975308640625 0.66944444375 0.5962962968750001 0.66898148125 0.580864196875
4 0.69398148125 0.317901234375 0.690455271875 0.3814422796875 0.7078634687500001 0.3792050828125 0.7166724375 0.383399828125 0.7370370375 0.3888888890625 0.75555555625 0.386419753125 0.7601851859375001 0.37283950625 0.7550925921875 0.3376543203125 0.75555555625 0.31728395 0.7583333328124999 0.3024691359375 0.7598783250000001 0.294750853125 0.7665899203125 0.297827 0.7691067687500001 0.2933526046875 0.7800925921874999 0.2870370375 0.7833333328125 0.28271605 0.78336890625 0.2729381703125 0.765277778125 0.24753086406249997 0.74540645 0.2365837015625 0.7334514234375 0.2239994625 0.73806564375 0.23127035624999998 0.73722669375 0.23742265156250003 0.730743790625 0.247911046875 0.7166666671875 0.23086419687499998 0.708796296875 0.22283950625 0.6852118390624999 0.23099070625 0.6754629624999999 0.24259259218749998 0.6699074078125 0.25987654375 0.6684328515625 0.2740567703125 0.6734665484375 0.2746160703125 0.6898148140625 0.2870370375 0.69398148125 0.317901234375
2 0.7390625 0.3421875 0.015625 0.03046875
3 0.75078125 0.25859375 0.0109375 0.015625
4 0.56851851875 0.449382715625 0.583796296875 0.44506172812499994 0.5865740734375 0.4129629625 0.5856481484375 0.39691357968749996 0.590277778125 0.3709876546875 0.5893518515625 0.3567901234375 0.5722222218749999 0.35802469062500003 0.5638888890625 0.35 0.5675925921875 0.3351851859375 0.5870370375 0.3129629625 0.6 0.308641975 0.603240740625 0.30987654375 0.6125 0.304938271875 0.6226851859375 0.30432098750000003 0.6296296296875 0.295061728125 0.6143518515624999 0.22777777812500002 0.603703703125 0.2160493828125 0.5870370375 0.20987654375 0.5796296296875 0.1895061734375 0.5763888890625 0.1932098765625 0.565740740625 0.22407407343750002 0.5578703703125 0.22839506250000002 0.54305555625 0.22407407343750002 0.5388888890625 0.2043209875 0.534259259375 0.199382715625 0.5328703703125 0.190740740625 0.51944444375 0.1925925921875 0.509259259375 0.2012345671875 0.5013888890625 0.199382715625 0.49583333281249997 0.20370370312500002 0.4861111109375 0.2259259265625 0.47592592656250005 0.258641975 0.48101851875 0.2703703703125 0.4992547359375 0.2807553390625 0.505463084375 0.33249158125 0.5494388890625 0.3628435109375 0.563407675 0.39043617343750003 0.540126365625 0.4021630546875 0.5018415468749999 0.36422314375 0.4894248484375 0.42147791718749994 0.5074074078125 0.43518518593750005 0.5476851859375 0.449382715625 0.56851851875 0.449382715625
3 0.57734375 0.2546875 0.01796875 0.03046875