1 0.58671875 0.584375 0.2171875 0.115625
1 0.57890625 0.40625 0.2609375 0.1453125
1 0.5234375 0.2453125 0.2515625 0.1375
0 0.65703125 0.2109375 0.0515625 0.0375
0 0.60625 0.26484375 0.0671875 0.053125
0 0.7 0.35234375 0.0296875 0.04375
0 0.64765625 0.43359375 0.075 0.0390625
0 0.6984375 0.54921875 0.04375 0.0515625
0 0.70078125 0.596875 0.05625 0.0359375
1 0.5046875 0.6609375 0.1234375 0.0734375
1 0.534375 0.69453125 0.1609375 0.0875
4 0.40625 0.621875 0.1984375 0.1375
3 0.36640625 0.646875 0.015625 0.0125
4 0.38125 0.44765625 0.1984375 0.1390625
3 0.340625 0.46640625 0.0234375 0.01875
3 0.35546875 0.5859375 0.0109375 0.0078125
3 0.32578125 0.409375 0.009375 0.00625
4 0.35390625 0.51328125 0.1203125 0.0703125
3 0.33359375 0.51796875 0.0078125 0.0078125
3 0.3765625 0.6953125 0.0078125 0.0078125
4 0.303125 0.27265625 0.2296875 0.175
3 0.26953125 0.30625 0.0203125 0.01875
2 0.45078125 0.42421875 0.0359375 0.01875
2 0.41796875 0.6765625 0.0234375 0.0171875
4 0.3921875 0.7265625 0.1609375 0.0921875
3 0.35859375 0.7171875 0.0109375 0.0109375
1 0.4578125 0.49140625 0.1078125 0.05
0 0.5125 0.4703125 0.0203125 0.028125
0 0.51953125 0.48359375 0.021875 0.01875