1 0.634375 0.68671875 0.140625 0.31328125
4 0.6453125 0.4234375 0.1828125 0.27265625
2 0.65859375 0.45703125 0.01640625 0.05234375
4 0.4171875 0.4125 0.134375 0.2109375
3 0.446875 0.3625 0.015625 0.02265625
4 0.7921875 0.49765625 0.09375 0.14765625
3 0.796875 0.45703125 0.01328125 0.0140625
0 0.6140625 0.86015625 0.0421875 0.05234375
0 0.6546875 0.834375 0.03515625 0.05234375
1 0.79140625 0.65 0.06875 0.178125
1 0.415625 0.61796875 0.0859375 0.20859375
0 0.42421875 0.7078125 0.03359375 0.05390625
0 0.3984375 0.7328125 0.025 0.0390625
4 0.30625 0.475 0.07578125 0.10546875
3 0.3203125 0.45859375 0.0078125 0.0109375
2 0.31796875 0.49765625 0.01015625 0.01328125
1 0.30859375 0.57109375 0.04609375 0.1
0 0.30234375 0.63046875 0.01484375 0.01796875
0 0.771875 0.74140625 0.0421875 0.02109375
0 0.80390625 0.74453125 0.02734375 0.0265625
0 0.46171875 0.70625 0.03671875 0.01796875
0 0.5125 0.71953125 0.03046875 0.02578125
0 0.56328125 0.721875 0.0359375 0.02421875
0 0.34609375 0.6265625 0.01640625 0.0234375
0 0.36640625 0.6359375 0.0109375 0.0203125
0 0.140625 0.690625 0.1265625 0.08359375