1 0.28194444375 0.88148148125 0.28101851875 0.88806584375 0.2916666671875 0.8888888890625 0.2958333328125 0.8839506171875 0.3013888890625 0.8013717421875001 0.30496193437499997 0.7527324578125001 0.3132346375 0.6959098484374999 0.3207552765625 0.7440419406250001 0.322222221875 0.8057613171875 0.3231481484375 0.8238683124999999 0.32083333281250004 0.8732510281250001 0.3333333328125 0.8847736625 0.3421296296875 0.8839506171875 0.34722222187499996 0.8740740734375001 0.3481481484375 0.8666666671875 0.3509259265625 0.6534979421875 0.3495370375 0.6452674890625001 0.3453703703125 0.6427983546875 0.3351851859375 0.6469135796875001 0.29907407343750003 0.6485596703125001 0.27638888906250003 0.6773662546875 0.2800925921875 0.6948148140625 0.2800925921875 0.7909465015625 0.27453703749999997 0.87078189375 0.28194444375 0.88148148125
3 0.03046875 0.41015625 0.025 0.02421875
4 0.2978246375 0.5458737890625 0.3111111109375 0.5975308640625 0.3111111109375 0.615637859375 0.30601851875 0.6460905343750001 0.3109587390625 0.6462135953125 0.31805825312499997 0.6449514578125 0.3425515796875 0.6430582546875 0.34861111093749997 0.6427983546875 0.35 0.6263374484375 0.346759259375 0.5851851859375 0.3611111109375 0.564609053125 0.365277778125 0.544032921875 0.365740740625 0.49382716093749995 0.345391384375 0.46951456406250003 0.33474211249999997 0.49223301093750005 0.3201881078125 0.49223301093750005 0.32515776875 0.464466021875 0.309722221875 0.45761316875 0.3078703703125 0.45432098749999994 0.3018518515625 0.45761316875 0.2759259265625 0.48559670781250003 0.275 0.489711934375 0.28379629687499996 0.5061728390625 0.29817961249999997 0.506747575 0.2978246375 0.5458737890625
3 0.3390625 0.5109375 0.0125 0.01953125
3 0.4703125 0.484375 0.01484375 0.021875
1 0.4296296296875 0.8790123453125 0.43379629687500004 0.8485596703124999 0.4370370375 0.76625514375 0.4443074078125 0.7046410046875 0.45370370312499997 0.8057613171875 0.45416666718750004 0.8748971187500001 0.458796296875 0.8823045265625 0.47268518593750003 0.8823045265625 0.4833041734375 0.83761358125 0.4833041734375 0.6841836859375 0.4773148140625 0.6353909468750001 0.4393518515625 0.6329218109375 0.42268518593750004 0.6378600828125001 0.415740740625 0.64444444375 0.4125 0.6716049374999999 0.40555555625000006 0.865843621875 0.41805555625 0.8757201640625001 0.42268518593750004 0.8847736625 0.4296296296875 0.8790123453125
3 0.615625 0.4359375 0.01796875 0.0265625
0 0.29675925937500003 0.9152263375 0.29907407343750003 0.9127572015625001 0.30046296250000004 0.9037037031249999 0.29814814843750004 0.886419753125 0.2898148140625 0.886419753125 0.2833333328125 0.8773662546875001 0.2800925921875 0.8839506171875 0.26342592656249997 0.899588478125 0.2629629625 0.9053497937499999 0.26574074062499997 0.9111111109375001 0.2740740734375 0.9160493828125 0.29675925937500003 0.9152263375
0 0.346759259375 0.9037037031249999 0.34722222187499996 0.88806584375 0.3453703703125 0.88148148125 0.3300925921875 0.8806584359375 0.31944444375000003 0.9037037031249999 0.31898148125 0.9078189296874999 0.321296296875 0.9119341562500001 0.3393518515625 0.9094650203124999 0.346759259375 0.9037037031249999
0 0.4263888890625 0.9193415640625 0.42731481406249994 0.8954732515625 0.4254629625 0.8823045265625 0.4203703703125 0.8740740734375001 0.40416666718750005 0.865843621875 0.40046296249999996 0.8683127578125 0.396296296875 0.8781893000000001 0.397222221875 0.8954732515625 0.41342592656250005 0.9218107 0.42314814843750004 0.9226337453125 0.4263888890625 0.9193415640625
0 0.4773148140625 0.8938271609375 0.47407407343749997 0.8823045265625 0.458796296875 0.8806584359375 0.4583333328125 0.9053497937499999 0.4703703703125 0.9069958843749999 0.4773148140625 0.9028806578124999 0.4773148140625 0.8938271609375
0 0.5865740734375 0.9358024687500001 0.5898148140624999 0.9209876546875 0.5981481484375 0.9037037031249999 0.5958333328125 0.86090535 0.590277778125 0.8683127578125 0.5768518515625 0.8732510281250001 0.5638888890625 0.9144032921875 0.5638888890625 0.9316872421875001 0.565740740625 0.9349794234375001 0.5796296296875 0.9399176953125 0.5865740734375 0.9358024687500001
0 0.6240740734375 0.9456790125 0.625 0.9325102875000001 0.6231481484375 0.9193415640625 0.6175925921875 0.9069958843749999 0.5995370375 0.9069958843749999 0.5990740734375 0.9366255140625 0.6009259265625 0.9481481484375 0.6115740734374999 0.9497942390624999 0.6240740734375 0.9456790125
1 0.56898148125 0.8221781343749999 0.5675925921875 0.8386390390624999 0.571759259375 0.8649764875000001 0.5887295734375 0.8680008140625001 0.6014114046875 0.8489238734375 0.6028746921875 0.7509377671874999 0.6014114046875 0.8818749546875001 0.5970215390625 0.8966162265625 0.6152777781250001 0.9044826609375001 0.6199074078125 0.8970752531249999 0.628703703125 0.8518077640625 0.6296296296875 0.7670341015625 0.641203703125 0.632054678125 0.634259259375 0.622178134375 0.6273148140625 0.6246472703125 0.6203703703125 0.6518077640625 0.6152777781250001 0.6550999453124999 0.6101851859375 0.6534538546875 0.6074074078125 0.6485155828125 0.6023148140625 0.65098471875 0.5981481484375 0.6476925375 0.5949074078125001 0.6435773109375 0.5953703703125 0.6378159937500001 0.5916666671875 0.6287624968750001 0.5828703703125 0.625470315625 0.58194444375 0.62053204375 0.5740740734374999 0.61394768125 0.559722221875 0.612301590625 0.55648148125 0.618885953125 0.55601851875 0.6871987109375 0.5615740734375 0.716828340625 0.565277778125 0.8024250484375001 0.56898148125 0.8221781343749999