1 0.51171875 0.61171875 0.29453125 0.490625
1 0.08671875 0.4578125 0.0828125 0.21328125
1 0.17265625 0.43671875 0.06796875 0.20546875
1 0.81640625 0.56015625 0.16171875 0.35078125
4 0.83125 0.2625 0.23125 0.3609375
3 0.8953125 0.15546875 0.01875 0.0265625
2 0.86875 0.30546875 0.03125 0.06171875
2 0.5453125 0.2796875 0.04140625 0.08515625
4 0.18359375 0.246875 0.1140625 0.2015625
3 0.20703125 0.2078125 0.0140625 0.02109375
4 0.08984375 0.2640625 0.13125 0.21015625
3 0.12109375 0.209375 0.0109375 0.02109375
2 0.19453125 0.28828125 0.01484375 0.03515625
2 0.10859375 0.29765625 0.01640625 0.03515625
4 0.503125 0.2 0.2140625 0.4
0 0.66953125 0.84453125 0.13515625 0.096875
0 0.40234375 0.7953125 0.08125 0.06171875
0 0.14453125 0.54140625 0.02421875 0.05625
0 0.175 0.55078125 0.0390625 0.03671875
0 0.07265625 0.575 0.02578125 0.025
0 0.82109375 0.76875 0.1046875 0.09296875