1 0.46944444374999994 0.5637860078125 0.4680318484375 0.5606537296874999 0.4550925921875 0.564609053125 0.42646206875 0.585658109375 0.4061460109375 0.5912146375 0.39895725312499997 0.5934372484375 0.4046296296875 0.6427983546875 0.40972222187499996 0.669135803125 0.4129629625 0.6716049374999999 0.4143518515625 0.6921810703125 0.4171296296875 0.7012345671875 0.415740740625 0.7045267484375 0.4263888890625 0.7604938265625 0.416203703125 0.8534979421875001 0.4143518515625 0.8855967078125 0.415740740625 0.8921810703125 0.42222222187499997 0.9028806578124999 0.434722221875 0.9135802468750001 0.44305555625000004 0.9045267484374999 0.4489685234375 0.8606954171875 0.47355523125000004 0.8407689359375 0.46944444374999994 0.81728395 0.4609003078125 0.80284434375 0.45981560000000005 0.789345759375 0.459722221875 0.7738683125 0.45873089375 0.730851896875 0.459722221875 0.6518518515625 0.4699074078125 0.569547325 0.46944444374999994 0.5637860078125
0 0.471759259375 0.8444444437499999 0.4513888890625 0.8600823046875 0.44768518593750006 0.891358025 0.4384259265625 0.9069958843749999 0.43518518593750005 0.9152263375 0.4356481484375 0.9193415640625 0.43981481406249995 0.9226337453125 0.4481481484375 0.9226337453125 0.4671296296875 0.916872428125 0.46851851875 0.8954732515625 0.4773148140625 0.8748971187500001 0.4773148140625 0.8633744859375 0.471759259375 0.8444444437499999
0 0.4240740734375 0.9053497937499999 0.4129629625 0.886419753125 0.40092592656250003 0.8954732515625 0.39351851875 0.9119341562500001 0.3921296296875 0.9283950624999999 0.396759259375 0.94238683125 0.4018518515625 0.9489711937499999 0.40601851875 0.967901234375 0.40972222187499996 0.9753086421875 0.4199074078125 0.98271605 0.42870370312499995 0.98271605 0.43194444374999996 0.9761316875 0.43194444374999996 0.940740740625 0.4356481484375 0.920164609375 0.43240740781250003 0.9144032921875 0.4240740734375 0.9053497937499999
4 0.47146995 0.340059546875 0.4711573953125 0.3233899609375 0.4749080515625 0.31172125156249997 0.48834790625 0.3089429875 0.48741024218750006 0.3178334328125 0.5027254234375 0.332836059375 0.5042881968749999 0.3511726046875 0.5086639640625 0.352283909375 0.5046007515625 0.33616997656250003 0.515852721875 0.322834309375 0.509601628125 0.2989412359375 0.4845972484375 0.2167046125 0.468344403125 0.20281329218750002 0.4449027984375 0.2022576390625 0.43981481406249995 0.1893004109375 0.42453703750000005 0.23456790156250001 0.41944444374999995 0.2362139921875 0.41111111093749997 0.230452675 0.403703703125 0.2123456796875 0.40092592656250003 0.20987654375 0.3763888890625 0.2230452671875 0.365277778125 0.2362139921875 0.3495370375 0.28312757187500004 0.33194444375 0.34897119375 0.3351851859375 0.3572016453125 0.340740740625 0.35967078125 0.3495370375 0.37283950625 0.365277778125 0.38765432031249997 0.3780160859375 0.3939578734375 0.377777778125 0.4502057609375 0.3791666671875 0.50534979375 0.38101851875000003 0.5300411515625 0.38240740781250004 0.5415637859375 0.38194444375000003 0.5835390953124999 0.384722221875 0.588477365625 0.3916666671875 0.5917695468749999 0.4211486390625 0.58510245625 0.46303097343750005 0.5612093828125 0.4675925921875 0.5563786015625001 0.46527777812500004 0.540740740625 0.46157407343749995 0.53580246875 0.4611111109375 0.52510288125 0.45601851875 0.51851851875 0.4578703703125 0.5144032921874999 0.458796296875 0.49382716093749995 0.45694444375 0.47654320937500005 0.4574074078125 0.45432098749999994 0.45416666718750004 0.4296296296875 0.4606481484375 0.401646090625 0.46296296249999996 0.37695473281249997 0.47146995 0.340059546875
2 0.4171875 0.3859375 0.01796875 0.05390625
3 0.390625 0.290625 0.021875 0.03359375
1 0.7643518515625 0.5020576125 0.75555555625 0.4839506171875 0.7430555562500001 0.47736625468750005 0.7268518515625 0.4823045265625 0.7125 0.520164609375 0.7143518515625 0.5283950625 0.7189814812499999 0.5325102875 0.7240740734375 0.5432098765625 0.7259259265625 0.55967078125 0.725 0.6230452671875 0.728240740625 0.6460905343750001 0.727777778125 0.68148148125 0.722222221875 0.720164609375 0.7240740734375 0.7382716046875 0.7208333328125 0.7514403296875 0.7245370375 0.7646090531249999 0.7291666671875 0.761316871875 0.740740740625 0.7670781890625 0.746296296875 0.75967078125 0.751773771875 0.6932281578125 0.7459066062499999 0.6731694734375 0.7490658484375 0.667553040625 0.751773771875 0.6707624296875 0.768923946875 0.667553040625 0.765740740625 0.6296296296875 0.76805555625 0.5325102875 0.7643518515625 0.5020576125
0 0.7675925921875 0.6650205765625 0.7629629625 0.6683127578125 0.7495370375 0.6674897125 0.74351851875 0.6641975312499999 0.7416666671875001 0.6600823046875 0.7398148140624999 0.6617283953124999 0.7398148140624999 0.6699588484375 0.75601851875 0.693004115625 0.7754629625 0.6938271609375 0.7805555562500001 0.689711934375 0.7800925921874999 0.6855967078125 0.7675925921875 0.6650205765625
0 0.740740740625 0.76625514375 0.7324074078125 0.7637860078125 0.7240740734375 0.771193415625 0.7240740734375 0.786831275 0.728240740625 0.7942386828125 0.7453703703125 0.7958847734375001 0.7481481484375 0.7925925921875 0.747222221875 0.7851851859375001 0.740740740625 0.76625514375
1 0.5953703703125 0.5366255140625 0.55694444375 0.537448559375 0.5421296296875 0.5259259265625 0.5370370375 0.5259259265625 0.534259259375 0.5300411515625 0.5324074078125001 0.5456790125000001 0.5379629625 0.5703703703125 0.5388888890625 0.5827160499999999 0.5324074078125001 0.73909465 0.5356481484375 0.758024690625 0.547222221875 0.7637860078125 0.5490740734374999 0.7703703703125 0.5513888890625 0.7604938265625 0.5555555562500001 0.7604938265625 0.55694444375 0.7670781890625 0.559259259375 0.7687242796875 0.56898148125 0.7629629625 0.577777778125 0.7300411515625 0.5800925921875 0.7176954734375001 0.5861111109375 0.6353909468750001 0.5925925921874999 0.60329218125 0.5995370375 0.552263375 0.5981481484375 0.5399176953125 0.5953703703125 0.5366255140625
0 0.5722222218749999 0.761316871875 0.56851851875 0.7588477359375 0.558796296875 0.7637860078125 0.55694444375 0.761316871875 0.5574074078125 0.78271605 0.5620370375 0.791769546875 0.5768518515625 0.791769546875 0.5791666671875 0.7876543203125 0.5791666671875 0.7786008234375 0.5722222218749999 0.761316871875
0 0.5458333328125 0.75967078125 0.5361111109375 0.7604938265625 0.5296296296875 0.7818930046875 0.5296296296875 0.791769546875 0.541203703125 0.7975308640625001 0.5481481484375 0.7958847734375001 0.55 0.7851851859375001 0.5495370375 0.7654320984375 0.5458333328125 0.75967078125