4 0.6734375 0.55390625 0.1171875 0.0875
4 0.709375 0.128125 0.15 0.1046875
4 0.72265625 0.0734375 0.128125 0.0734375
3 0.7421875 0.10390625 0.015625 0.0109375
3 0.6921875 0.53984375 0.0203125 0.0140625
3 0.74921875 0.06796875 0.0140625 0.0109375
1 0.5984375 0.559375 0.13125 0.0703125
1 0.6046875 0.15234375 0.153125 0.0765625
1 0.56171875 0.353125 0.2359375 0.1671875
0 0.540625 0.596875 0.0359375 0.0234375
0 0.52265625 0.57734375 0.0375 0.0265625
0 0.43125 0.42734375 0.071875 0.0703125
0 0.43359375 0.3078125 0.04375 0.05625
0 0.52265625 0.17421875 0.0375 0.0328125
0 0.5515625 0.15625 0.0515625 0.021875
0 0.55234375 0.13125 0.028125 0.028125