4 0.7171875 0.546875 0.16875 0.2703125
4 0.63203125 0.56015625 0.1015625 0.20625
4 0.47265625 0.53515625 0.103125 0.1609375
4 0.659375 0.78515625 0.1671875 0.2125
4 0.56484375 0.74609375 0.1046875 0.184375
4 0.47109375 0.7421875 0.128125 0.1953125
4 0.196875 0.6796875 0.178125 0.221875
4 0.053125 0.703125 0.10625 0.275
4 0.05078125 0.44296875 0.1015625 0.3328125
4 0.23359375 0.4953125 0.1203125 0.13125
3 0.22734375 0.47265625 0.021875 0.028125
3 0.0109375 0.69140625 0.021875 0.0390625
3 0.19375 0.67265625 0.021875 0.025
3 0.46171875 0.696875 0.01875 0.021875
2 0.703125 0.5296875 0.0265625 0.0390625
3 0.690625 0.48984375 0.0203125 0.028125
3 0.625 0.53125 0.015625 0.0203125
3 0.4546875 0.4953125 0.0140625 0.0171875
3 0.6453125 0.7640625 0.015625 0.021875
0 0.53984375 0.91328125 0.046875 0.053125
0 0.20078125 0.87265625 0.084375 0.053125
0 0.1109375 0.8875 0.053125 0.06875
0 0.02265625 0.903125 0.0453125 0.059375
2 0.621875 0.6140625 0.028125 0.04375
2 0.45546875 0.57109375 0.021875 0.0296875
2 0.00546875 0.47109375 0.0109375 0.0453125
2 0.01796875 0.775 0.0359375 0.053125