4 0.4140625 0.7828125 0.2328125 0.178125
4 0.409375 0.68046875 0.1578125 0.1015625
4 0.4484375 0.5484375 0.1671875 0.109375
4 0.496875 0.29296875 0.1625 0.125
4 0.53203125 0.22109375 0.1703125 0.1046875
4 0.5890625 0.103125 0.30625 0.20625
4 0.3578125 0.08984375 0.28125 0.1796875
4 0.353125 0.1703125 0.178125 0.1171875
4 0.33125 0.2453125 0.18125 0.1234375
4 0.36015625 0.31640625 0.1640625 0.1125
4 0.27890625 0.534375 0.1671875 0.1140625
4 0.2671875 0.60703125 0.1828125 0.134375
4 0.20859375 0.7171875 0.1578125 0.1625
2 0.428125 0.775 0.0375 0.0265625
2 0.36640625 0.6703125 0.0390625 0.0265625
2 0.4 0.53203125 0.0390625 0.0265625
2 0.22890625 0.58984375 0.0421875 0.0296875
2 0.309375 0.29765625 0.0375 0.0265625
2 0.31015625 0.3 0.0421875 0.028125
2 0.48203125 0.29921875 0.034375 0.025
2 0.52265625 0.21171875 0.0375 0.0234375
2 0.28125 0.2375 0.0375 0.0234375
0 0.0515625 0.725 0.0640625 0.0640625
0 0.0828125 0.65546875 0.046875 0.04375
0 0.16015625 0.525 0.05625 0.0328125
0 0.1765625 0.06875 0.0828125 0.10625
3 0.65546875 0.09375 0.0234375 0.015625
3 0.36953125 0.05234375 0.0328125 0.0265625
3 0.36328125 0.2390625 0.025 0.0203125
3 0.54140625 0.2984375 0.028125 0.025
3 0.60234375 0.25546875 0.01875 0.0171875
3 0.37890625 0.3 0.0296875 0.021875
3 0.30625 0.51484375 0.025 0.01875
3 0.48828125 0.53984375 0.021875 0.0171875
3 0.4671875 0.765625 0.0296875 0.021875
3 0.20625 0.696875 0.0296875 0.021875
3 0.30390625 0.58671875 0.028125 0.021875
3 0.44765625 0.6625 0.0234375 0.0140625