1 0.4865740734375 0.43580246875000006 0.45694444375 0.44876543281250003 0.415740740625 0.4481481484375 0.4125 0.450617284375 0.4148148140625 0.45370370312499997 0.4143518515625 0.47407407343749997 0.4171296296875 0.482098765625 0.4199074078125 0.48333333281249996 0.4254629625 0.5 0.42870370312499995 0.5388888890625 0.4268518515625 0.604938271875 0.4203703703125 0.6246913578125 0.42268518593750004 0.6716049374999999 0.4275910984375 0.7332343328125 0.441263284375 0.73566494375 0.45615077656249997 0.725132296875 0.45432781875000006 0.654239475 0.4585813890625 0.703256796875 0.465740740625 0.7067901234375 0.477777778125 0.7043209874999999 0.4796296296875 0.7012345671875 0.48333333281249996 0.6574074078125001 0.48379629687500003 0.609259259375 0.48194444374999995 0.5895061734375 0.479545409375 0.5788905328125 0.48045688750000004 0.560255846875 0.4853181109375 0.5521538109375 0.4856219359375 0.5452670796875 0.49444444374999996 0.47716049375 0.5009259265625 0.441358025 0.4995370375 0.43333333281249997 0.4865740734375 0.43580246875000006
0 0.4824074078125 0.7283950625 0.478240740625 0.7450617281249999 0.47222222187499996 0.75 0.459259259375 0.7438271609375 0.4578703703125 0.7648148140625 0.459259259375 0.7753086421875001 0.46296296249999996 0.78271605 0.47453703750000004 0.7845679015625 0.4824074078125 0.776543209375 0.4865740734375 0.759259259375 0.48379629687500003 0.7339506171875 0.4824074078125 0.7283950625
0 0.47984923593750006 0.7028516953125 0.481064540625 0.7385006578125 0.47222222187499996 0.75 0.46222730468749995 0.7502486109375 0.457669909375 0.70811801875 0.4578703703125 0.7666666671875 0.46296296249999996 0.78271605 0.47407407343749997 0.7845679015625 0.4824074078125 0.776543209375 0.4865740734375 0.759259259375 0.48333333281249996 0.730864196875 0.47984923593750006 0.7028516953125
0 0.45797373593749996 0.7364751484375 0.44629629687500005 0.7617283953125 0.440277778125 0.7654320984375 0.42728727187500004 0.76564248125 0.42424900781249997 0.7628067671875 0.4297178828125 0.7522741203125001 0.416203703125 0.769135803125 0.4138888890625 0.777777778125 0.4138888890625 0.7919753093749999 0.41969161093749996 0.7935945078125 0.42121074375 0.7935945078125 0.4393518515625 0.7882716046875 0.4582775625 0.758350646875 0.4588852140625 0.7445771859375 0.45797373593749996 0.7364751484375
0 0.2768518515625 0.5870370375 0.2708333328125 0.5876543203125 0.26590863593749997 0.600860046875 0.24305555625 0.6067901234375 0.2384259265625 0.613580246875 0.2379629625 0.61851851875 0.240740740625 0.6209876546875 0.253703703125 0.6197530859375 0.278240740625 0.6117283953125 0.2800925921875 0.6074074078125 0.2796296296875 0.5956790125 0.2768518515625 0.5870370375
1 0.30765709218750004 0.3998991640625 0.30912525468749996 0.38284052968750004 0.3089155171875 0.38032368125 0.3051402453125 0.38172192968749996 0.29926759999999997 0.38172192968749996 0.29024889531250003 0.38088298125 0.2713725359375 0.3861963265625 0.25857855937499996 0.3889928234375 0.243687209375 0.3870352765625 0.24284825937500001 0.428703090625 0.24683326874999997 0.48463304375 0.250818278125 0.533292103125 0.25438381250000003 0.55957918125 0.254174075 0.5696465734375 0.2552227609375 0.5897813562499999 0.2709530609375 0.5878238078125 0.280391240625 0.585586609375 0.2785036046875 0.55929953125 0.2785036046875 0.5366479 0.27598675625 0.510920121875 0.273050434375 0.481836546875 0.27556728124999996 0.47065055625 0.28458598749999997 0.4384908328125 0.288570996875 0.47764179999999995 0.300987665625 0.5017039171875 0.3019941859375 0.45526981875 0.30765709218750004 0.3998991640625
0 0.3333333328125 0.5753086421875 0.33101851875 0.580864196875 0.33055555625 0.5962962968750001 0.3384259265625 0.5975308640625 0.340740740625 0.5944444437499999 0.3425925921875 0.5790123453125 0.3333333328125 0.5753086421875
4 0.32453703749999996 0.24259259218749998 0.3147881609375 0.23099070625 0.291203703125 0.22283950625 0.2833333328125 0.23086419687499998 0.269256209375 0.247911046875 0.26277330625 0.23742265156250003 0.26193435625 0.23127035624999998 0.26654857656250003 0.2239994625 0.25459355 0.2365837015625 0.23472222187499997 0.24753086406249997 0.21663109375 0.2729381703125 0.2166666671875 0.28271605 0.2199074078125 0.2870370375 0.23089323125 0.2933526046875 0.2334100796875 0.297827 0.240121675 0.294750853125 0.2416666671875 0.3024691359375 0.24444444375000002 0.31728395 0.24490740781250003 0.3376543203125 0.2398148140625 0.37283950625 0.24444444375000002 0.386419753125 0.2629629625 0.3888888890625 0.2833275625 0.383399828125 0.29213653125 0.3792050828125 0.309544728125 0.3814422796875 0.30601851875 0.317901234375 0.3101851859375 0.2870370375 0.3265334515625 0.2746160703125 0.3315671484375 0.2740567703125 0.3300925921875 0.25987654375 0.32453703749999996 0.24259259218749998
2 0.2609375 0.3421875 0.015625 0.03046875
3 0.24921875 0.25859375 0.0109375 0.015625
4 0.45987363437499995 0.4021630546875 0.436592325 0.39043617343750003 0.45056111093749995 0.3628435109375 0.494536915625 0.33249158125 0.5007452640625 0.2807553390625 0.51898148125 0.2703703703125 0.5240740734375 0.258641975 0.5138888890625 0.2259259265625 0.5041666671875 0.20370370312500002 0.4986111109375 0.199382715625 0.490740740625 0.2012345671875 0.48055555625 0.1925925921875 0.4671296296875 0.190740740625 0.465740740625 0.199382715625 0.4611111109375 0.2043209875 0.45694444375 0.22407407343750002 0.4421296296875 0.22839506250000002 0.434259259375 0.22407407343750002 0.4236111109375 0.1932098765625 0.4203703703125 0.1895061734375 0.4129629625 0.20987654375 0.396296296875 0.2160493828125 0.3856481484375 0.22777777812500002 0.3703703703125 0.295061728125 0.3773148140625 0.30432098750000003 0.3875 0.304938271875 0.396759259375 0.30987654375 0.4 0.308641975 0.4129629625 0.3129629625 0.43240740781250003 0.3351851859375 0.4361111109375 0.35 0.427777778125 0.35802469062500003 0.4106481484375 0.3567901234375 0.40972222187499996 0.3709876546875 0.4143518515625 0.39691357968749996 0.41342592656250005 0.4129629625 0.416203703125 0.44506172812499994 0.43148148124999997 0.449382715625 0.45231481406249996 0.449382715625 0.49259259218749996 0.43518518593750005 0.5105751515625 0.42147791718749994 0.498158453125 0.36422314375 0.45987363437499995 0.4021630546875
3 0.42265625 0.2546875 0.01796875 0.03046875