4 0.9015625 0.30390625 0.109375 0.24140625
4 0.8078125 0.33984375 0.08046875 0.20390625
1 0.89609375 0.53046875 0.09140625 0.24140625
4 0.70859375 0.31953125 0.09921875 0.18359375
1 0.7046875 0.48828125 0.090625 0.171875
1 0.80078125 0.50234375 0.08984375 0.16875
3 0.70625 0.28359375 0.01171875 0.01484375
3 0.8015625 0.30546875 0.0140625 0.0171875
3 0.88984375 0.25078125 0.01640625 0.01875
0 0.846875 0.66171875 0.05625 0.0484375
0 0.915625 0.6203125 0.05234375 0.03984375
0 0.8140625 0.61015625 0.053125 0.0421875
0 0.709375 0.57890625 0.053125 0.03046875