4 0.540625 0.3578125 0.2421875 0.1265625
3 0.590625 0.3453125 0.0203125 0.01875
4 0.5578125 0.60078125 0.2578125 0.0859375
3 0.609375 0.62890625 0.025 0.009375
3 0.65546875 0.66640625 0.021875 0.0125
2 0.55234375 0.6890625 0.046875 0.0203125
1 0.28671875 0.62734375 0.3078125 0.178125
2 0.45 0.6578125 0.0609375 0.0140625
2 0.53125 0.384375 0.025 0.0125
1 0.31796875 0.3703125 0.2140625 0.128125
0 0.12421875 0.71796875 0.0515625 0.071875
0 0.140625 0.5671875 0.040625 0.078125
0 0.18359375 0.41640625 0.0375 0.0625
0 0.22265625 0.32578125 0.0453125 0.065625
0 0.16484375 0.1546875 0.0453125 0.06875
0 0.1015625 0.22265625 0.0625 0.0765625
0 0.05703125 0.2859375 0.0671875 0.0984375