1 0.40234375 0.6828125 0.2953125 0.4546875
4 0.33359375 0.2921875 0.2453125 0.45
2 0.3203125 0.38203125 0.0515625 0.08125
3 0.24921875 0.175 0.025 0.040625
4 0.378125 0.9375 0.0921875 0.1046875
0 0.51328125 0.8953125 0.075 0.078125
4 0.63515625 0.3140625 0.1921875 0.271875
1 0.67734375 0.55546875 0.1546875 0.265625
0 0.73203125 0.7078125 0.04375 0.059375
0 0.69140625 0.696875 0.0421875 0.0578125
0 0.8578125 0.66796875 0.034375 0.059375
0 0.8421875 0.6578125 0.0234375 0.0421875
1 0.81796875 0.53671875 0.121875 0.2234375
4 0.76484375 0.33515625 0.1546875 0.2234375
1 0.9 0.49296875 0.084375 0.178125
4 0.86484375 0.321875 0.096875 0.1734375
3 0.82890625 0.27890625 0.0171875 0.025
0 0.93359375 0.59765625 0.01875 0.0328125
0 0.921875 0.60546875 0.025 0.03125