4 0.7830469718749999 0.2790470859375 0.7624266000000001 0.2738546625 0.7348030750000001 0.286316465625 0.712237446875 0.3122785828125 0.7048452078125 0.33564448750000003 0.6958967375 0.37562616875 0.6846139234375 0.4124923671875 0.7040670921875 0.41041538906249997 0.7274108953125 0.4353390375 0.7149608796875 0.47580032812499995 0.7130155625000001 0.5272053265625 0.7137936765624999 0.61060385625 0.7873266328125 0.610084621875 0.85424558125 0.6126808328125 0.8417955062500001 0.547256309375 0.84802054375 0.4963705640625 0.8523002640625 0.440292378125 0.8947081499999999 0.4252343625 0.87486589375 0.3452710359375 0.8694190296875 0.31359725312500003 0.8460752265625 0.2907505921875 0.8250495062500001 0.27062606875 0.8207861062499999 0.29098965468750004 0.8044454562500001 0.3096823703125 0.7919954406249999 0.2915088890625 0.7830469718749999 0.2790470859375
3 0.83984375 0.3625 0.02109375 0.03046875
4 0.5395046890625 0.2794803 0.5291579859375 0.2937344171875 0.5061282109375 0.3057613203125 0.4944464453125 0.3084339671875 0.46106996718750004 0.39262233125 0.495781509375 0.4015311515625 0.4837659828125 0.46968366093749997 0.47208421562499997 0.552090234375 0.5211476265625 0.57213508125 0.5365008265625 0.5837165421875 0.5785551812499999 0.5828256390625 0.591238228125 0.57391681875 0.5872330609375 0.5071006625 0.5835616531250001 0.458102165625 0.5922395328125 0.4229123171875 0.6102628359375 0.4229123171875 0.622612121875 0.4246940875 0.6239471859375 0.3957404203125 0.6239471859375 0.36723218750000003 0.6192744734375 0.3382785203125 0.60625764375 0.3293697 0.5922395328125 0.3177882484375 0.579679390625 0.3039465109375 0.574883775 0.3445147109375 0.55719423125 0.35253262812499997 0.54818259375 0.33159690468749997 0.5395046890625 0.2794803
3 0.58984375 0.371875 0.01796875 0.0296875
2 0.8109375 0.4984375 0.02890625 0.065625
1 0.49468180312500004 0.707641071875 0.4899089484375 0.736060215625 0.486971803125 0.78456883125 0.4906432203125 0.8281775874999999 0.4979860578125 0.8744446078125 0.5060631953125 0.8661148609374999 0.5203817328125 0.8690547687500001 0.522584578125 0.8455354296875001 0.522584578125 0.8195661968750001 0.5365359515625 0.7460682859375 0.550854490625 0.6951399312500001 0.5736173015625 0.6128222953125 0.5827958468750001 0.5819531765625 0.5585644640625 0.5834231484375 0.5306616875 0.5814631875 0.5090003125 0.5687235703125 0.47240692968750003 0.5553182 0.47228612812500004 0.5866604796875 0.4807304015625 0.6356590734374999 0.4906432203125 0.6797578093750001 0.49468180312500004 0.707641071875
1 0.7248671171875001 0.8934153734375 0.76734020625 0.8859130000000001 0.7629679875 0.8250604906250001 0.809813390625 0.760040034375 0.8379206343750001 0.7325313828125 0.8497881921875001 0.61499440625 0.738608415625 0.6091592296874999 0.720494803125 0.610826428125 0.7240386234375 0.6187900796875 0.72799014375 0.673346103125 0.7217440890625 0.77254396875 0.716122584375 0.8433996328125 0.7248671171875001 0.8934153734375
4 0.41927735625 0.46114741718749996 0.4129365984375 0.46114741718749996 0.40427603593750006 0.4648625984375 0.39886319062500003 0.47291216093750005 0.394223609375 0.4945840375 0.4024202078125 0.4972672203125 0.40566791406249997 0.497473615625 0.4035027734375 0.509857546875 0.39824458906250004 0.522654278125 0.3926770828125 0.543294178125 0.40721444062499995 0.5511373171875 0.4171122171875 0.555678109375 0.4311856109375 0.5567100968750001 0.43505192968750006 0.52843344375 0.4338147140625 0.518732696875 0.4384542953125 0.5063487656250001 0.4443310921875 0.5020143921875 0.45531144375 0.4995376046875 0.44603226874999996 0.47311855312500006 0.443248528125 0.47022897031250005 0.43675310625 0.4667201875 0.43120516562500005 0.46262955625 0.42824720781250003 0.4722929578125 0.42376228749999995 0.48034251250000004 0.420823884375 0.47249935781249996 0.41927735625 0.46114741718749996
1 0.403348121875 0.6492948140625 0.4090702796875 0.582627978125 0.4090702796875 0.6509459953125 0.4137098609375 0.6550739734375 0.4206692328125 0.6546611812500001 0.42716464375 0.6104918234375 0.43041234843750004 0.5562089265625 0.41865874375 0.5562089265625 0.4061318765625 0.551048959375 0.39446900625 0.545656375 0.3934503453125 0.597488696875 0.389584028125 0.6445476343750001 0.39607945 0.6538355828125 0.403348121875 0.6492948140625
1 0.34689988125000004 0.6383556687499999 0.34751849375 0.654248375 0.3571069578125 0.6525971921875 0.362365153125 0.6076022359375 0.3656128578125 0.559304909375 0.367004734375 0.559304909375 0.367159384375 0.5809767890625 0.3699431375 0.607395840625 0.3688605734375 0.6358788890625 0.3731908421875 0.647437221875 0.3764385484375 0.64970760625 0.38494444687499996 0.645786025 0.3818513921875 0.6007910921875 0.38680028593750004 0.5469209828125 0.389584028125 0.5423801984375001 0.37133501562500004 0.554351334375 0.3469053484375 0.5551967234374999 0.3501475859375 0.5822151796874999 0.3482917578125 0.6059510625 0.34689988125000004 0.6383556687499999
1 0.3247695265625 0.6459331515625 0.3288457890625 0.65074558125 0.33605761875 0.6484439828124999 0.33464660468749996 0.6342158921875 0.3415448828125 0.6160123203125 0.3493838296875 0.5819067671875 0.3465618046875 0.555961434375 0.344523684375 0.5553337265625 0.344366896875 0.5478012109375 0.323672078125 0.541733346875 0.31457889375 0.5369209171875 0.3130615109375 0.5385203734374999 0.3174009203125 0.5666324953124999 0.32006615781250003 0.617476978125 0.3225746296875 0.635052840625 0.3247695265625 0.6459331515625
1 0.26490978125 0.637611553125 0.27868013125 0.5737843328125 0.2837465703125 0.5526324796875 0.2838764875 0.5437903109375 0.2652995125 0.5427500546874999 0.2334203171875 0.5252806328124999 0.236979371875 0.5604094734375 0.236979371875 0.6400388312499999 0.2489309953125 0.638825184375 0.26490978125 0.637611553125
4 0.331721209375 0.4998472890625 0.3436705375 0.503897446875 0.3478433109375 0.518832425 0.344239559375 0.5545244765625 0.35030905 0.5555370203125001 0.37079359218749997 0.5545244765625 0.3814152234375 0.546424159375 0.3903297921875 0.54212085 0.3821739 0.4917469625 0.39127815 0.4889624796875 0.3819842453125 0.4626364203125 0.3755353875 0.45807999062500004 0.36870722031250003 0.45757371718749995 0.363803846875 0.456071759375 0.3588442796875 0.46997734375 0.35353346406249997 0.459092525 0.3412047984375 0.4682053953125 0.331721209375 0.4998472890625
1 0.08387001250000001 0.6135087125 0.08387001250000001 0.6247023046875 0.0932158125 0.625022115625 0.09800852812500001 0.6326977265625 0.1032805265625 0.633977 0.1078335921875 0.625022115625 0.11646049375 0.6227834078125001 0.1214928421875 0.5786486671875 0.1339538953125 0.5201221765625 0.12197210624999999 0.5303563203125 0.09992562187500001 0.525559065625 0.08244848437499999 0.51987711875 0.082671834375 0.5351535734375 0.0877042 0.5597794890625 0.089621275 0.5712928921875 0.08387001250000001 0.6135087125
4 0.0862663703125 0.43185271875 0.0728467703125 0.46095605156249997 0.0879438328125 0.46703257656249997 0.0807547578125 0.5153249234375 0.103759790625 0.5249194296875 0.11789830625 0.5297166828125001 0.13347463125 0.5201221765625 0.130598990625 0.48046488906249996 0.1320368203125 0.47278927812499993 0.13515207499999998 0.4785459796875 0.151447315625 0.4673523890625 0.13299535 0.433451803125 0.12005503125000001 0.4276951015625 0.11780067031250001 0.430780440625 0.11670012656249999 0.443046309375 0.11046959999999999 0.450082278125 0.10423905468750001 0.42833474374999997 0.0862663703125 0.43185271875