1 0.11942590312500001 0.7981208718749999 0.130380171875 0.8682207500000001 0.13750631875 0.90233410625 0.1579657375 0.8964032718749999 0.1574899375 0.8489565953125 0.16462694375 0.8125243265625001 0.168433346875 0.7896482515625001 0.17271555 0.7591468156250001 0.1750610171875 0.8864812437499999 0.16851851874999998 0.921704640625 0.165740740625 0.9546807328125 0.1708333328125 0.9827104109375 0.1851851859375 0.9860080203124999 0.20138888906250002 0.9827104109375 0.20509259218749998 0.9711687796874999 0.21111111093749999 0.8821333296875 0.22638888906250001 0.72219928125 0.22916666718749998 0.7098332468749999 0.2296296296875 0.6892231890625 0.21898148125 0.6867499828125 0.17268518593749999 0.69499400625 0.1550925921875 0.69499400625 0.13888888906250002 0.6883987874999999 0.1106481484375 0.6702619359375 0.108796296875 0.687574384375 0.1125 0.736214121875 0.1106481484375 0.7724878234375 0.11942590312500001 0.7981208718749999
0 0.146296296875 0.9670239078125 0.15370370312499998 0.943116240625 0.1546296296875 0.9076669421875 0.140277778125 0.90849134375 0.134722221875 0.905193734375 0.1268518515625 0.93981863125 0.1263888890625 0.9736191265624999 0.13333333281249998 0.9793899421875001 0.13981481406250001 0.9777411375 0.146296296875 0.9670239078125
0 0.19537037031249999 0.98433635625 0.172222221875 0.983511953125 0.172222221875 0.9991755984375 0.20231481406250001 0.9991755984375 0.2 0.990107171875 0.19537037031249999 0.98433635625
4 0.13537304375 0.5101886203125 0.13055555624999998 0.523221428125 0.13148148125 0.5553731187500001 0.13055555624999998 0.571861165625 0.12175925937500001 0.5801051875 0.12222222187500001 0.5883492109375 0.1175925921875 0.5982420390625001 0.1115740734375 0.6040128546875 0.10833333281249999 0.6155544875000001 0.10833333281249999 0.6229741078125001 0.1046296296875 0.625447315625 0.10185185156250001 0.634515740625 0.102777778125 0.641110959375 0.11281087031249999 0.6521828640625 0.1166666671875 0.672438246875 0.134259259375 0.6864530859375 0.1588624296875 0.694010625 0.2166666671875 0.6881018906249999 0.22654895156250002 0.6868558765625 0.23240740781250002 0.6856286828125 0.2375 0.6386377515625 0.23379629687499998 0.6015396484375 0.2379629625 0.5759831765625 0.2365740734375 0.5487778999999999 0.2370370375 0.5446558890625 0.2476851859375 0.53311425625 0.246296296875 0.5174506125 0.2379629625 0.511679796875 0.2375 0.505084578125 0.252777778125 0.4902453359375 0.25648148125 0.47045968125000004 0.25694444375000003 0.45479603749999997 0.253703703125 0.4242931515625 0.25 0.41604912812499995 0.2384259265625 0.40615630156250004 0.228240740625 0.38884385312499997 0.22314814843750003 0.3896682546875 0.22175925937500002 0.3805998296875 0.228240740625 0.3698826 0.2175925921875 0.35586775937500004 0.2125 0.34102851875 0.19351851874999998 0.375653415625 0.1823518171875 0.389658621875 0.17916666718750002 0.382248634375 0.17361111093749998 0.362462978125 0.1740740734375 0.3575165640625 0.1708333328125 0.3525701515625 0.15 0.3575165640625 0.1351851859375 0.369058196875 0.128240740625 0.38142423124999997 0.1226851859375 0.39956108281249997 0.10787037031249999 0.4820013125 0.10787037031249999 0.4902453359375 0.11528343593749998 0.4986309484375 0.1175925921875 0.500962565625 0.13537304375 0.5101886203125
3 0.20625 0.434375 0.01640625 0.03125
2 0.15859375 0.46171875 0.01640625 0.04375
4 0.26030487343750003 0.3598799078125 0.27432611093750003 0.3839866953125 0.29366575 0.3986229609375 0.3086539703125 0.43822696875 0.3303203796875 0.41894259062500006 0.3372648234375 0.43130862499999995 0.334950009375 0.4387282453125 0.347912971875 0.437079440625 0.3534685265625 0.44367465937499995 0.3530055640625 0.44779667031250003 0.354857415625 0.450269878125 0.351616675 0.456865096875 0.3530055640625 0.47005553281249995 0.35717223124999997 0.4931387984375 0.364116675 0.5088024421874999 0.36319075 0.5203440734375 0.3562463046875 0.535183315625 0.3530055640625 0.5368321203125 0.276260075 0.6241936203125 0.2738426203125 0.637107971875 0.32170642968749996 0.6647627093749999 0.39036394531249996 0.6930701578125 0.3927814 0.6362470140625 0.392297909375 0.580284828125 0.39189445312500004 0.556617775 0.3995502734375 0.5079644640625001 0.43242765937499994 0.49591106875 0.4430644609375 0.499354896875 0.43633889843749996 0.434606234375 0.43170926875 0.40245454374999995 0.4219870453125 0.3628832328125 0.39050556406250003 0.314243496875 0.38957963906250004 0.3092970828125 0.385875934375 0.3059994734375 0.38263519375 0.3134190953125 0.37383889843749996 0.323311921875 0.360412971875 0.3282583359375 0.354394453125 0.320838715625 0.3493018609375 0.2820918078125 0.347912971875 0.282916209375 0.3469870453125 0.27879419843750003 0.34420926875 0.2812674046875 0.3299275734375 0.27292327968749996 0.3038190609375 0.2737842359375 0.275776584375 0.3013348515625 0.24048174375000003 0.350409384375 0.26030487343750003 0.3598799078125
3 0.38125 0.40625 0.0265625 0.03359375
4 0.45416666718750004 0.5935696625 0.45231481406249996 0.6199505359375 0.4481481484375 0.669414675 0.458796296875 0.6743610875 0.475 0.6743610875 0.4865740734375 0.669414675 0.49351851875 0.67188788125 0.5138888890625 0.6611706515625 0.521296296875 0.65375103125 0.5208333328125 0.6306677656249999 0.51898148125 0.624072546875 0.5117417765625001 0.5910327843750001 0.5132182390625 0.5579055015625001 0.5185335015625 0.552121371875 0.523848765625 0.554750521875 0.5341840015625 0.5426564359375 0.5291666671875 0.521022259375 0.5208333328125 0.49381698281249997 0.5134259265625001 0.48145094843749997 0.4923958421875 0.467478921875 0.490277778125 0.4781533390625 0.48425925937500003 0.498763396875 0.477777778125 0.51112943125 0.469756953125 0.4992643890625 0.46496795625000004 0.4791077515625 0.4597435984375 0.489961325 0.4453703703125 0.510305028125 0.44058761406249997 0.551206490625 0.4375 0.568013190625 0.4432339328125 0.5731545687499999 0.45297858281250003 0.5663187796875 0.45416666718750004 0.5935696625
3 0.50078125 0.51484375 0.0125 0.021875
1 0.44398148125 0.7007419625 0.44398148125 0.7089859859375001 0.4486111109375 0.7427864796875 0.4517150046875 0.7783122859375 0.45185185156249996 0.8252267109375 0.46043971875 0.8745363421875 0.46747577656250006 0.88957135 0.47788914531250004 0.8780445109375 0.47788914531250004 0.84797449375 0.476763375 0.8414593218749999 0.477607703125 0.817904475 0.48014068437499996 0.810386971875 0.483799434375 0.8184056421875001 0.48323655 0.8830561796874999 0.4823922234375 0.9086156953125 0.48101851875 0.9208573781249999 0.4824074078125 0.927452596875 0.48858395468750004 0.92665770625 0.4986111109375 0.9315746078125 0.5004629625 0.927452596875 0.508796296875 0.83924155 0.5083333328124999 0.8112118718750001 0.503703703125 0.7947238249999999 0.5074074078125 0.7831821921875 0.509259259375 0.7436108828125 0.5175925921875 0.735366859375 0.51944444375 0.7114591921875 0.5236111109375 0.6892003296875 0.5226851859375 0.6595218468749999 0.521296296875 0.6562242375 0.5171296296875 0.6562242375 0.50601851875 0.6652926625 0.490277778125 0.672712284375 0.4824074078125 0.6570486390625 0.4800925921875 0.6710634796875 0.475 0.675185490625 0.4574074078125 0.6743610875 0.4495370375 0.669414675 0.44305555625000004 0.672712284375 0.44259259218749997 0.6834295140625 0.446759259375 0.6924979390625 0.446759259375 0.69661995 0.44398148125 0.7007419625
2 0.46796875 0.65234375 0.01328125 0.040625
1 0.3023148140625 0.9991755984375 0.3708333328125 0.9991755984375 0.375 0.9802143453125 0.3791666671875 0.9258037921875 0.38055555625 0.887056884375 0.3796296296875 0.788953009375 0.384722221875 0.7271228359374999 0.3898148140625 0.69661995 0.3861111109375 0.690849134375 0.377777778125 0.6859027203125 0.3101851859375 0.6603462484375 0.28194444375 0.643858203125 0.2824074078125 0.7089859859375001 0.2898148140625 0.757625721875 0.29305555625 0.8746908484375 0.3023148140625 0.9991755984375
4 0.6143518515624999 0.69661995 0.628240740625 0.693322340625 0.6301871359375 0.61122266875 0.64444444375 0.608408903125 0.6481481484375 0.599340478125 0.6368675640625 0.5460784546874999 0.62859655625 0.535315496875 0.621279896875 0.52398606875 0.6098277328124999 0.551176696875 0.6041016499999999 0.5625061265625 0.601556725 0.548344340625 0.6023148140625 0.5333882937500001 0.6013888890625 0.5218466609375 0.5986111109375 0.5185490515625 0.5872415203125 0.5256854828125 0.580242975 0.531350196875 0.56942704375 0.5534425828125 0.578240740625 0.61830173125 0.571296296875 0.6768342953125 0.5953703703125 0.693322340625 0.6041016499999999 0.689395725 0.6143518515624999 0.69661995
3 0.6203125 0.56015625 0.01328125 0.0171875
2 0.60859375 0.646875 0.0171875 0.0375
1 0.5763888890625 0.8540807921875 0.5875 0.86397361875 0.5898148140624999 0.858202803125 0.595777278125 0.7844323906249999 0.60037078125 0.76643706875 0.6035862328125 0.8179691234375 0.6018518515625 0.858202803125 0.60555555625 0.8631492171874999 0.6138888890625 0.8615004125000001 0.6166666671875001 0.8499587796875 0.6273148140625 0.69661995 0.5879629625 0.6883759281249999 0.571759259375 0.6801319046875001 0.56898148125 0.704039571875 0.5694444437499999 0.7625721359375001 0.5737284671875 0.78034254375 0.5754629625 0.7938994234375001 0.5763888890625 0.8540807921875
0 0.591027653125 0.8927144625000001 0.59059896875 0.87663156875 0.5795376875 0.8622035140625 0.5744982296875001 0.86507513125 0.5712729765625 0.8744078921874999 0.5732887609375 0.8833817015625 0.581956628125 0.8851764640625 0.58598819375 0.89379131875 0.591027653125 0.8927144625000001
0 0.6089681234375 0.8736899890625001 0.6057428703125 0.8740489406249999 0.6005018343749999 0.8733310359375 0.6013888890625 0.8854080796874999 0.6148148140624999 0.887056884375 0.61622494375 0.8772795125 0.6089681234375 0.8736899890625001
0 0.4742201890625 0.9238948 0.47622271562499996 0.9128987125 0.4692520578125 0.9168482125 0.4594053734375 0.9057579484374999 0.4598683375 0.9321388234375 0.4621831515625 0.9370852359375 0.469590559375 0.9379096390624999 0.4742201890625 0.9238948
0 0.478240740625 0.956306678125 0.4796296296875 0.9777411375 0.496759259375 0.9777411375 0.497222221875 0.9612530921875001 0.478240740625 0.956306678125