4 0.2484375 0.27421875 0.2203125 0.3453125
4 0.42890625 0.38125 0.1828125 0.3125
4 0.57734375 0.4390625 0.203125 0.3265625
4 0.48515625 0.434375 0.1046875 0.265625
1 0.1484375 0.60859375 0.2390625 0.44375
1 0.34609375 0.6546875 0.178125 0.371875
1 0.49296875 0.7125 0.19375 0.378125
1 0.41328125 0.6359375 0.121875 0.26875
0 0.0703125 0.83515625 0.053125 0.0625
0 0.14375 0.765625 0.0609375 0.0953125
0 0.28515625 0.69765625 0.05 0.05
0 0.2921875 0.7984375 0.0515625 0.084375
0 0.31171875 0.85 0.046875 0.075
0 0.37109375 0.7796875 0.04375 0.0546875
0 0.409375 0.8484375 0.0375 0.059375
0 0.41796875 0.90625 0.0390625 0.0671875
2 0.434375 0.40703125 0.0328125 0.0609375
2 0.225 0.27890625 0.0296875 0.0609375
3 0.29765625 0.196875 0.025 0.034375
3 0.47734375 0.32890625 0.0171875 0.025
3 0.4984375 0.37421875 0.0171875 0.0234375
3 0.6171875 0.38203125 0.0234375 0.034375
0 0.44609375 0.89453125 0.0296875 0.0359375