4 0.50625 0.28671875 0.10234375 0.29609375
0 0.60625 0.8765625 0.06953125 0.0546875
0 0.4703125 0.85 0.04296875 0.0640625
1 0.528125 0.63515625 0.16640625 0.40625
1 0.64296875 0.65703125 0.08046875 0.27890625
4 0.296875 0.41484375 0.08359375 0.20390625
3 0.325 0.35390625 0.01015625 0.01328125
1 0.2953125 0.60703125 0.0671875 0.225
0 0.3046875 0.74375 0.03359375 0.03828125
4 0.10234375 0.42109375 0.04765625 0.13359375
1 0.09609375 0.57578125 0.05859375 0.17421875
0 0.6625 0.81015625 0.05703125 0.0484375