1 0.6234375 0.56328125 0.103125 0.221875
1 0.43828125 0.57109375 0.13125 0.2671875
1 0.26640625 0.528125 0.1234375 0.25625
0 0.24375 0.6703125 0.0375 0.053125
0 0.29453125 0.6125 0.0515625 0.065625
0 0.39375 0.7015625 0.046875 0.028125
0 0.47265625 0.63984375 0.034375 0.078125
0 0.59765625 0.68203125 0.05 0.0390625
0 0.646875 0.68046875 0.03125 0.05625
1 0.69609375 0.47109375 0.0640625 0.1265625
1 0.73359375 0.49921875 0.0765625 0.165625
4 0.64609375 0.3734375 0.128125 0.1984375
3 0.66796875 0.33046875 0.0109375 0.0171875
4 0.4640625 0.36328125 0.128125 0.2
3 0.47890625 0.31875 0.01875 0.0234375
3 0.60390625 0.32421875 0.0078125 0.009375
3 0.41875 0.309375 0.00625 0.009375
4 0.5296875 0.328125 0.0640625 0.121875
3 0.53125 0.30703125 0.0078125 0.0078125
3 0.71953125 0.3359375 0.00625 0.00625
4 0.27578125 0.2984375 0.165625 0.2296875
3 0.3078125 0.26015625 0.01875 0.0203125
2 0.4453125 0.4375 0.01875 0.0375
2 0.70390625 0.38046875 0.0171875 0.025
4 0.753125 0.35 0.0828125 0.1640625
3 0.73984375 0.315625 0.0109375 0.0109375
1 0.515625 0.43828125 0.040625 0.1125
0 0.4984375 0.49765625 0.028125 0.01875
0 0.5140625 0.503125 0.0171875 0.0203125