4 0.509375 0.30078125 0.16796875 0.3890625
3 0.515625 0.2453125 0.0265625 0.0390625
4 0.3390625 0.234375 0.1625 0.37578125
3 0.3390625 0.17421875 0.02421875 0.028125
4 0.65546875 0.22421875 0.215625 0.4484375
3 0.65234375 0.11953125 0.0359375 0.0390625
2 0.453125 0.37421875 0.03984375 0.071875
1 0.5984375 0.634375 0.16328125 0.4
0 0.5203125 0.834375 0.08046875 0.05703125
0 0.59375 0.81953125 0.08203125 0.11328125
0 0.3859375 0.79375 0.08359375 0.06640625
0 0.51962616875 0.8068535828125001 0.5317757015625 0.800623053125 0.5345794390624999 0.7950155765625 0.53411215 0.7850467296875 0.5294392515624999 0.7713395640625 0.5313084109374999 0.763239875 0.5252336453125 0.754517134375 0.527102803125 0.7476635515625001 0.52242990625 0.7451713390625 0.5186915890625 0.7470404984375 0.5116822437499999 0.767601246875 0.5074766359375 0.7732087234375 0.48177570156250005 0.7869158875 0.4789719625 0.7943925234375 0.48177570156250005 0.800623053125 0.49299065468750003 0.8062305296875 0.51962616875 0.8068535828125001
0 0.22421875 0.71484375 0.08046875 0.040625
0 0.40390625 0.69296875 0.0609375 0.08046875
1 0.32265625 0.54765625 0.203125 0.30234375
0 0.46796875 0.63671875 0.1375 0.28203125