2 0.69140625 0.471875 0.01953125 0.040625
2 0.50625 0.51328125 0.01953125 0.03359375
4 0.35078125 0.51171875 0.09921875 0.22421875
3 0.3453125 0.46328125 0.01640625 0.0203125
2 0.31484375 0.59921875 0.0171875 0.0453125
4 0.27890625 0.478125 0.09453125 0.2328125
2 0.2453125 0.51796875 0.015625 0.04296875
3 0.2703125 0.42734375 0.0109375 0.0203125
0 0.62578125 0.8125 0.0703125 0.03046875
0 0.546875 0.76015625 0.0421875 0.04921875
0 0.4921875 0.7984375 0.03046875 0.02890625
0 0.35390625 0.87890625 0.05078125 0.03671875
0 0.228125 0.83515625 0.05703125 0.04453125
1 0.51328125 0.6828125 0.084375 0.18125
1 0.33984375 0.73515625 0.10625 0.25703125