1 0.78984375 0.22734375 0.2828125 0.4546875
0 0.68046875 0.0703125 0.0640625 0.140625
1 0.58125 0.31875 0.1671875 0.3265625
0 0.61875 0.13515625 0.059375 0.040625
0 0.5125 0.2015625 0.0390625 0.1
4 0.63984375 0.59296875 0.140625 0.33125
3 0.6828125 0.6453125 0.0140625 0.025
3 0.55859375 0.7265625 0.021875 0.034375
4 0.859375 0.67421875 0.2328125 0.53125
2 0.94609375 0.78671875 0.0203125 0.04375
1 0.4515625 0.28515625 0.146875 0.40625
0 0.40625 0.11875 0.0625 0.0875
0 0.471875 0.0703125 0.05625 0.0796875
1 0.18828125 0.4125 0.1171875 0.2875
0 0.1390625 0.284375 0.021875 0.046875
0 0.184375 0.25546875 0.0390625 0.046875
4 0.20703125 0.6328125 0.1078125 0.1875