1 0.6867653625 0.30409015156249997 0.6792447234375001 0.255958059375 0.6777777781250001 0.1942386828125 0.6768518515624999 0.1761316875 0.6791666671875001 0.126748971875 0.6666666671875 0.1152263375 0.6578703703125 0.11604938281249999 0.652777778125 0.12592592656249998 0.6518518515625 0.13333333281249998 0.6490740734375 0.3465020578125 0.6504629625 0.3547325109375 0.6546296296875 0.3572016453125 0.6648148140625 0.35308642031250004 0.7009259265625001 0.3514403296875 0.7236111109375 0.3226337453125 0.7199074078125001 0.3051851859375 0.7199074078125001 0.2090534984375 0.7254629625 0.12921810625000002 0.7180555562500001 0.11851851875 0.7189814812499999 0.11193415625 0.7083333328125 0.1111111109375 0.7041666671875 0.11604938281249999 0.6986111109375 0.1986282578125 0.695038065625 0.2472675421875 0.6867653625 0.30409015156249997
3 0.96953125 0.58984375 0.025 0.02421875
4 0.6574484203125001 0.3569417453125 0.6513888890625 0.3572016453125 0.65 0.3736625515625 0.653240740625 0.4148148140625 0.6388888890625 0.435390946875 0.6347222218749999 0.45596707812500004 0.634259259375 0.5061728390625 0.6546086156250001 0.5304854359375 0.6652578874999999 0.5077669890625 0.6798118921875 0.5077669890625 0.67484223125 0.5355339781249999 0.690277778125 0.54238683125 0.6921296296875 0.5456790125000001 0.6981481484375001 0.54238683125 0.7240740734375 0.5144032921874999 0.725 0.510288065625 0.7162037031249999 0.49382716093749995 0.7018203875 0.493252425 0.7021753625 0.45412621093750005 0.6888888890625 0.4024691359375 0.6888888890625 0.384362140625 0.69398148125 0.35390946562500003 0.6890412609375 0.3537864046875 0.681941746875 0.3550485421875 0.6574484203125001 0.3569417453125
3 0.6609375 0.4890625 0.0125 0.01953125
3 0.5296875 0.515625 0.01484375 0.021875
1 0.541203703125 0.1176954734375 0.5273148140624999 0.1176954734375 0.5166958265625 0.16238641874999998 0.5166958265625 0.3158163140625 0.5226851859375 0.364609053125 0.5606481484375 0.3670781890625 0.5773148140625 0.3621399171875 0.584259259375 0.35555555625 0.5875 0.3283950625 0.5944444437499999 0.134156378125 0.58194444375 0.1242798359375 0.5773148140625 0.1152263375 0.5703703703125 0.12098765468749999 0.566203703125 0.1514403296875 0.5629629625 0.23374485625000002 0.5556925921875 0.2953589953125 0.546296296875 0.1942386828125 0.5458333328125 0.12510288125 0.541203703125 0.1176954734375
3 0.384375 0.5640625 0.01796875 0.0265625
0 0.7199074078125001 0.11604938281249999 0.7365740734374999 0.10041152187499999 0.7370370375 0.09465020625000001 0.734259259375 0.0888888890625 0.7259259265625 0.08395061718749999 0.703240740625 0.0847736625 0.7009259265625001 0.0872427984375 0.6995370375000001 0.09629629687499999 0.7018518515625 0.11358024687499998 0.7101851859375 0.11358024687499998 0.7166666671875 0.1226337453125 0.7199074078125001 0.11604938281249999
0 0.678703703125 0.08806584375 0.6606481484375 0.09053497968749999 0.653240740625 0.09629629687499999 0.652777778125 0.11193415625 0.6546296296875 0.11851851875 0.6699074078125 0.1193415640625 0.6805555562500001 0.09629629687499999 0.68101851875 0.0921810703125 0.678703703125 0.08806584375
0 0.603703703125 0.12181070000000001 0.602777778125 0.10452674843750001 0.5865740734375 0.07818929999999999 0.5768518515625 0.0773662546875 0.5736111109375 0.0806584359375 0.5726851859375001 0.10452674843750001 0.5745370375000001 0.1176954734375 0.5796296296875 0.12592592656249998 0.5958333328125 0.134156378125 0.5995370375 0.1316872421875 0.603703703125 0.12181070000000001
0 0.5226851859375 0.1061728390625 0.5259259265625 0.1176954734375 0.541203703125 0.1193415640625 0.5416666671875 0.09465020625000001 0.5296296296875 0.093004115625 0.5226851859375 0.0971193421875 0.5226851859375 0.1061728390625
0 0.4361111109375 0.08559670781249999 0.4361111109375 0.0683127578125 0.434259259375 0.0650205765625 0.4203703703125 0.0600823046875 0.41342592656250005 0.06419753125 0.41018518593750003 0.0790123453125 0.4018518515625 0.09629629687499999 0.40416666718750005 0.13909465000000001 0.40972222187499996 0.1316872421875 0.42314814843750004 0.126748971875 0.4361111109375 0.08559670781249999
0 0.3990740734375 0.051851851562499995 0.38842592656249997 0.050205760937499996 0.3759259265625 0.054320987499999994 0.375 0.0674897125 0.3768518515625 0.0806584359375 0.38240740781250004 0.093004115625 0.40046296249999996 0.093004115625 0.40092592656250003 0.0633744859375 0.3990740734375 0.051851851562499995
1 0.3985885953125 0.11812504531250001 0.40297846093749995 0.1033837734375 0.384722221875 0.0955173390625 0.38009259218749997 0.102924746875 0.371296296875 0.1481922359375 0.3703703703125 0.23296589843749999 0.358796296875 0.367945321875 0.365740740625 0.377821865625 0.3726851859375 0.3753527296875 0.3796296296875 0.3481922359375 0.384722221875 0.34490005468749996 0.3898148140625 0.3465461453125 0.3925925921875 0.3514844171875 0.3976851859375 0.34901528125 0.4018518515625 0.3523074625 0.4050925921875 0.3564226890625 0.4046296296875 0.36218400625 0.40833333281249995 0.37123750312500003 0.4171296296875 0.374529684375 0.41805555625 0.37946795624999996 0.42592592656250006 0.38605231875 0.440277778125 0.387698409375 0.44351851875000003 0.381114046875 0.44398148125 0.3128012890625 0.4384259265625 0.283171659375 0.434722221875 0.1975749515625 0.43101851875 0.177821865625 0.43240740781250003 0.16136096093750002 0.428240740625 0.1350235125 0.4112704265625 0.13199918593749999 0.3985885953125 0.1510761265625 0.3971253078125 0.2490622328125 0.3985885953125 0.11812504531250001