1 0.5872549015625 0.5751953125 0.5911764703125 0.5771484375 0.6149509796875 0.5712890625 0.6252450984375 0.5703125 0.638725490625 0.5706380203125 0.66176470625 0.576171875 0.6647058828125 0.5758463546875 0.665686275 0.57421875 0.6669117640625 0.564453125 0.6620098046875 0.5250651046875 0.6485294125000001 0.4534505203125 0.6463235296875001 0.4280598953125 0.640931371875 0.40234375 0.6404411765625 0.392578125 0.6350490203125 0.3828125 0.630882353125 0.3795572921875 0.607352940625 0.3844401046875 0.6029411765625 0.388671875 0.59607843125 0.3916015625 0.590686275 0.4007161453125 0.5904411765625001 0.4091796875 0.5924019609375 0.4189453125 0.596568628125 0.466796875 0.586274509375 0.548828125 0.585539215625 0.5690104171875 0.5872549015625 0.5751953125
1 0.46544117656250006 0.51171875 0.508210784375 0.5133463546875 0.5377450984375 0.5224609375 0.5456855625 0.46339795156249997 0.5100490203125 0.3935546875 0.510026253125 0.39300966718749997 0.503431371875 0.3701171875 0.501225490625 0.3538411453125 0.4977941171875 0.3492838546875 0.4786764703125 0.3365885421875 0.47573529375 0.341796875 0.4725490203125 0.3694661453125 0.469117646875 0.384765625 0.46225490156250004 0.4485677078125 0.46225490156250004 0.4986979171875 0.4610294125 0.5022786453125 0.46127450937500003 0.5094401046875 0.46544117656250006 0.51171875
4 0.44215686249999997 0.693359375 0.44607843125 0.7005208328125 0.4772058828125 0.7278645828125 0.478431371875 0.7311197921875 0.4818627453125 0.7298177078125 0.49485294062499996 0.7125651046875 0.5045751640625 0.7096354171875 0.509803921875 0.7135416671875 0.5122549015625 0.7177734375 0.517647059375 0.7210286453125 0.5294117640625 0.7132161453125 0.540931371875 0.7001953125 0.544852940625 0.6910807296875 0.5485294125 0.6731770828125 0.5585784312500001 0.6471354171875 0.559803921875 0.640625 0.5588235296875 0.6380208328125 0.5541666671875001 0.6337890625 0.5365196078125 0.6253255203125 0.5330882359375 0.6155598953125 0.5323529406249999 0.5973307296875 0.53357843125 0.5895182296875 0.5338235296875 0.5673828125 0.536274509375 0.5569661453125 0.5377450984375 0.5423177078125 0.5372549015625 0.5257161453125 0.5357843140624999 0.5234375 0.5252450984375 0.5159505203125 0.5188725484375001 0.5179036453125 0.5142156859375 0.5139973953125 0.46642156874999996 0.51171875 0.4627450984375 0.5139973953125 0.460539215625 0.5276692703125 0.4595588234375 0.5452473953125 0.4568627453125 0.5579427078125 0.45539215625 0.5611979171875 0.4560465671875 0.56376643125 0.4560465671875 0.5698493703125 0.45571941718750003 0.5789737765625 0.45392156874999995 0.6031901046875 0.45514705937500005 0.6184895828125 0.4490196078125 0.625 0.4372549015625 0.6302083328125 0.43333333281249997 0.634765625 0.43333333281249997 0.6389973953125 0.4365196078125 0.6482747390625 0.4384803921875 0.6774088546875 0.44215686249999997 0.693359375
4 0.5754901953125 0.7054036453125 0.5794117640625001 0.712890625 0.603431371875 0.7340494796875 0.6075980390625 0.7314453125 0.6122549015625001 0.7200520828125 0.6186274515625 0.7125651046875 0.623039215625 0.7099609375 0.6272058828125 0.7122395828125 0.6291666671875 0.7249348953125 0.631617646875 0.7320963546875 0.646568628125 0.7288411453125 0.659313725 0.7213541671875 0.663725490625 0.7119140625 0.6767156859375001 0.673828125 0.6767156859375001 0.669921875 0.6705882359374999 0.6653645828125 0.6607843140624999 0.6611328125 0.656617646875 0.6549479171875 0.659068628125 0.6357421875 0.6696078437499999 0.5953776046875 0.6705882359374999 0.5895182296875 0.6700980390625 0.583984375 0.6620098046875 0.5768229171875 0.6546568625 0.5738932296875 0.6323529406249999 0.5699869796875 0.6107843140625 0.5719401046875 0.5955882359375 0.5774739578125 0.5879901953125 0.5784505203125 0.5838235296875001 0.591796875 0.5838235296875001 0.6009114578125 0.5870098046875001 0.6155598953125 0.5916666671875 0.6165364578125 0.6058823531249999 0.626953125 0.603431371875 0.6324869796875 0.590931371875 0.642578125 0.5904411765625001 0.6468098953125 0.5884803921875 0.6500651046875 0.569117646875 0.6585286453125 0.568382353125 0.6627604171875 0.5708333328124999 0.6735026046875 0.5713235296875 0.6901041671875 0.5754901953125 0.7054036453125
3 0.52734375 0.6765625 0.01171875 0.0171875
3 0.646875 0.69765625 0.01015625 0.01328125
2 0.64375 0.61640625 0.015625 0.02578125
0 0.5149509796875 0.3850911453125 0.5205882359375 0.388671875 0.5333333328125 0.3850911453125 0.5450980390625 0.3538411453125 0.544852940625 0.3489583328125 0.542647059375 0.3421223953125 0.5174019609375 0.341796875 0.5178921562500001 0.3427734375 0.513725490625 0.3531901046875 0.5134803921875 0.37890625 0.5149509796875 0.3850911453125
0 0.501960784375 0.3538411453125 0.5049019609375 0.3522135421875 0.506617646875 0.3479817703125 0.5154411765625 0.3427734375 0.5166666671875 0.3336588546875 0.515931371875 0.330078125 0.51323529375 0.3264973953125 0.49950980468750006 0.3131510421875 0.4936274515625 0.310546875 0.486274509375 0.3138020828125 0.48039215625000004 0.3313802078125 0.477696078125 0.3343098953125 0.4774509796875 0.3385416671875 0.501960784375 0.3538411453125
0 0.603431371875 0.38671875 0.611274509375 0.3857421875 0.6171568625 0.37890625 0.6188725484375001 0.3610026046875 0.6161764703125 0.3567708328125 0.6029411765625 0.35546875 0.598774509375 0.357421875 0.598039215625 0.365234375 0.6029411765625 0.3850911453125 0.603431371875 0.38671875
0 0.622238571875 0.3812782859375 0.633361659375 0.38171278124999997 0.6336888093749999 0.3791058078125 0.6349974078125 0.3730228703125 0.6402318015625 0.36433295781249997 0.6412132500000001 0.358684515625 0.6405589515625 0.3508635953125 0.627472965625 0.3465186390625 0.619621375 0.3547740546875 0.617004178125 0.3812782859375 0.622238571875 0.3812782859375