1 0.509375 0.6078125 0.1125 0.3421875
1 0.6734375 0.6578125 0.1296875 0.3890625
4 0.7078125 0.2515625 0.228125 0.503125
3 0.69296875 0.1546875 0.034375 0.0578125
4 0.5015625 0.24921875 0.20546875 0.41328125
2 0.4640625 0.359375 0.025 0.059375
3 0.51796875 0.17890625 0.0375 0.04140625
0 0.54921875 0.81640625 0.040625 0.0875
0 0.48984375 0.7109375 0.05390625 0.0625
0 0.6234375 0.8828125 0.071875 0.09296875
0 0.6203125 0.7578125 0.046875 0.03828125
2 0.625 0.33359375 0.01875 0.08515625
0 0.87890625 0.953125 0.17578125 0.09375
0 0.121875 0.7890625 0.12421875 0.0828125