3 0.64609375 0.415625 0.01796875 0.01953125
4 0.40931372499999996 0.42578125 0.426960784375 0.4264322921875 0.419117646875 0.4713541671875 0.40637254843750004 0.4759114578125 0.365686275 0.4479166671875 0.360539215625 0.533203125 0.3615196078125 0.5393880203125 0.3622549015625 0.5501302078125 0.365196078125 0.5660807296875 0.3681372546875 0.5638020828125 0.38676470625000003 0.5589192703125 0.39607843125 0.5563151046875 0.434313725 0.5579427078125 0.43823529375000003 0.556640625 0.439460784375 0.5081380203125 0.43700980468750006 0.3870442703125 0.4286764703125 0.3522135421875 0.415931371875 0.3352864578125 0.4110294125 0.3219401046875 0.4080882359375 0.3199869796875 0.40392156874999996 0.3203125 0.39730392187499997 0.3245442703125 0.3818627453125 0.3395182296875 0.36446078437499996 0.3763020828125 0.3607843140625 0.3798828125 0.3661764703125 0.3912760421875 0.361274509375 0.4173177078125 0.3931372546875 0.4303385421875 0.40931372499999996 0.42578125
3 0.3734375 0.39296875 0.009375 0.02421875
3 0.33984375 0.34765625 0.0125 0.0203125
2 0.315625 0.446875 0.01875 0.04453125
1 0.305147059375 0.7981770828125 0.3061274515625 0.8050130203125001 0.303431371875 0.8108723953125001 0.2872549015625 0.8297526046874999 0.2892156859375 0.8336588546874999 0.297303921875 0.8424479171874999 0.30661764687500004 0.8479817703125001 0.31053921562500003 0.8483072921874999 0.3142156859375 0.8450520828125001 0.31838235312499996 0.8388671875 0.31960784375 0.8336588546874999 0.3235294125 0.8258463546874999 0.334313725 0.8095703125 0.338725490625 0.7981770828125 0.344117646875 0.79296875 0.3455882359375 0.7884114578125 0.34926470625 0.7877604171875 0.35049019531250003 0.7825520828125 0.35539215625 0.779296875 0.3583333328125 0.7594401046875 0.365196078125 0.7457682296875 0.367647059375 0.7366536453125 0.3764705875 0.720703125 0.3764705875 0.7132161453125 0.3892156859375 0.7067057296875 0.39289215624999996 0.712890625 0.39289215624999996 0.7164713546875 0.396568628125 0.7220052078125 0.40073529375000005 0.7399088546875 0.40857843125000004 0.7643229171875 0.4147058828125 0.7688802078125 0.4149509796875 0.7757161453125 0.4139705875 0.779296875 0.415686275 0.7864583328125 0.415196078125 0.7945963546875 0.4171568625 0.7975260421875 0.41960784375 0.8063151046874999 0.421813725 0.8284505203125001 0.4272058828125 0.830078125 0.439460784375 0.8291015625 0.4524509796875 0.822265625 0.45367647031249997 0.8193359375 0.453186275 0.810546875 0.4372549015625 0.71875 0.4372549015625 0.7122395828125 0.43578431406249996 0.708984375 0.43578431406249996 0.705078125 0.43210784375 0.7044270828125 0.4286764703125 0.6995442703125 0.4291666671875 0.6848958328125 0.42328431406249994 0.6770833328125 0.421813725 0.6722005203125 0.42107843125000005 0.6533203125 0.419117646875 0.6393229171875 0.42107843125000005 0.6253255203125 0.43578431406249996 0.5777994796875 0.4372549015625 0.5579427078125 0.41200980468750004 0.5563151046875 0.3955882359375 0.5563151046875 0.3892156859375 0.5595703125 0.381617646875 0.5611979171875 0.3732843140625 0.5657552078125 0.31715686249999997 0.7604166671875 0.3125 0.7711588546875 0.3102941171875 0.7854817703125 0.3068627453125 0.7906901046875 0.305147059375 0.7981770828125
2 0.34375 0.54453125 0.01171875 0.05859375
2 0.6078125 0.47265625 0.01328125 0.025
1 0.571568628125 0.7584635421875 0.5818627453125 0.76953125 0.5948529406249999 0.7783203125 0.5990196078125 0.779296875 0.6294117640625 0.720703125 0.6357843140624999 0.7337239578125 0.6343137249999999 0.751953125 0.6470588234375 0.7454427078125 0.653186275 0.7464192703125 0.661274509375 0.7490234375 0.6700980390625 0.748046875 0.6759803921875001 0.7444661453125 0.677696078125 0.7399088546875 0.671568628125 0.7102864578125 0.6622549015625 0.6432291671875 0.6661764703124999 0.6389973953125 0.669852940625 0.6396484375 0.665931371875 0.6214192703125 0.6622549015625 0.6145833328125 0.6595588234374999 0.6100260421875 0.6541666671875 0.6061197921875 0.648039215625 0.5774739578125 0.6463235296875001 0.5758463546875 0.609313725 0.5748697921875 0.5897058828125 0.6803385421875 0.5897058828125 0.6875 0.585539215625 0.6975911453125 0.560539215625 0.7265625 0.55710784375 0.7320963546875 0.5639705875 0.7473958328125 0.571568628125 0.7584635421875
0 0.26789215624999996 0.8668619796874999 0.3061274515625 0.8805338546874999 0.3125 0.876953125 0.31495097968749997 0.8541666671874999 0.31446078437499997 0.849609375 0.30539215625 0.8551432296874999 0.2975490203125 0.8561197921874999 0.2904411765625 0.8544921875 0.27647058750000003 0.8453776046874999 0.2725490203125 0.8349609375 0.26789215624999996 0.8323567703125001 0.25392156875 0.833984375 0.2490196078125 0.8372395828125001 0.2477941171875 0.8395182296874999 0.2475490203125 0.845703125 0.25073529375 0.8512369796874999 0.259803921875 0.861328125 0.26789215624999996 0.8668619796874999
0 0.45171568593750006 0.857421875 0.4588235296875 0.85546875 0.4615196078125 0.8528645828125001 0.4627450984375 0.8414713546874999 0.4595588234375 0.8294270828125001 0.4546568625 0.8245442703125001 0.4477941171875 0.8346354171874999 0.43921568593750004 0.8411458328125001 0.4299019609375 0.8434244796874999 0.4225490203125 0.8434244796874999 0.41151960781249997 0.8375651046874999 0.393382353125 0.8440755203125001 0.388725490625 0.8509114578125001 0.389460784375 0.857421875 0.3919117640625 0.8603515625 0.3958333328125 0.8616536453125001 0.45171568593750006 0.857421875