1 0.18984375 0.77890625 0.1984375 0.3515625
1 0.51484375 0.6765625 0.178125 0.315625
1 0.74453125 0.64921875 0.1765625 0.290625
1 0.91640625 0.6 0.1671875 0.321875
4 0.45078125 0.43046875 0.209375 0.29375
4 0.140625 0.50390625 0.1921875 0.3
2 0.15078125 0.56796875 0.04375 0.0578125
3 0.39765625 0.37734375 0.028125 0.03125
2 0.4359375 0.4875 0.0375 0.0609375
4 0.70390625 0.40390625 0.2171875 0.2953125
2 0.709375 0.45625 0.040625 0.05
4 0.85859375 0.32890625 0.178125 0.2
3 0.82109375 0.296875 0.028125 0.034375
3 0.60859375 0.35546875 0.021875 0.025
0 0.50234375 0.84921875 0.053125 0.0515625
0 0.57890625 0.8125 0.0578125 0.0609375
0 0.7375 0.80859375 0.0515625 0.0515625
0 0.8078125 0.778125 0.0375 0.0453125
0 0.93046875 0.75 0.05 0.046875
0 0.26796875 0.91953125 0.0375 0.040625
0 0.1546875 0.9640625 0.06875 0.0515625