3 0.35390625 0.584375 0.01796875 0.01953125
4 0.6384803921875 0.4606119796875 0.6377450984374999 0.4498697921875 0.634803921875 0.4339192703125 0.6318627453125 0.4361979171875 0.6132352937500001 0.4410807296875 0.6039215687499999 0.4436848953125 0.565686275 0.4420572921875 0.56176470625 0.443359375 0.560539215625 0.4918619796875 0.5629901953124999 0.6129557296875 0.5713235296875 0.6477864578125 0.584068628125 0.6647135421875 0.5889705875 0.6780598953125 0.5919117640625 0.6800130203125 0.59607843125 0.6796875 0.6026960781249999 0.6754557296875 0.6181372546875 0.6604817703125 0.6355392156249999 0.6236979171875 0.6392156859375 0.6201171875 0.6338235296875 0.6087239578125 0.638725490625 0.5826822921875 0.6068627453125 0.5696614578125 0.590686275 0.57421875 0.5730392156249999 0.5735677078125 0.580882353125 0.5286458328125 0.5936274515625 0.5240885421875 0.6343137249999999 0.5520833328125 0.639460784375 0.466796875 0.6384803921875 0.4606119796875
3 0.6265625 0.60703125 0.009375 0.02421875
3 0.66015625 0.65234375 0.0125 0.0203125
2 0.684375 0.553125 0.01875 0.04453125
1 0.693382353125 0.1520182296875 0.689460784375 0.1516927078125 0.6857843140625 0.1549479171875 0.681617646875 0.1611328125 0.68039215625 0.1663411453125 0.6764705875 0.1741536453125 0.665686275 0.1904296875 0.661274509375 0.20182291718749998 0.655882353125 0.20703125 0.6544117640625 0.21158854218749998 0.65073529375 0.21223958281250002 0.6495098046875001 0.21744791718749998 0.64460784375 0.220703125 0.6416666671875 0.24055989531250002 0.634803921875 0.2542317703125 0.6323529406249999 0.2633463546875 0.6235294125 0.279296875 0.6235294125 0.2867838546875 0.6107843140625 0.2932942703125 0.6071078437499999 0.287109375 0.6071078437499999 0.2835286453125 0.603431371875 0.2779947921875 0.59926470625 0.2600911453125 0.59142156875 0.23567708281250002 0.5852941171875 0.23111979218749998 0.5850490203125001 0.22428385468749998 0.5860294125000001 0.220703125 0.584313725 0.21354166718749998 0.5848039218750001 0.20540364531250002 0.5828431375 0.20247395781250002 0.5803921562500001 0.1936848953125 0.578186275 0.1715494796875 0.5727941171875 0.169921875 0.560539215625 0.1708984375 0.5475490203125 0.177734375 0.5463235296875 0.1806640625 0.546813725 0.189453125 0.5627450984375 0.28125 0.5627450984375 0.2877604171875 0.5642156859375 0.291015625 0.5642156859375 0.294921875 0.56789215625 0.2955729171875 0.5713235296875 0.3004557296875 0.5708333328124999 0.3151041671875 0.5767156859375 0.3229166671875 0.578186275 0.3277994796875 0.57892156875 0.3466796875 0.580882353125 0.3606770828125 0.57892156875 0.3746744796875 0.5642156859375 0.4222005203125 0.5627450984375 0.4420572921875 0.5879901953125 0.4436848953125 0.6044117640625 0.4436848953125 0.6107843140625 0.4404296875 0.618382353125 0.4388020828125 0.6267156859375 0.4342447921875 0.6828431375 0.23958333281250002 0.6875 0.22884114531250002 0.6897058828125 0.21451822968749998 0.6931372546875 0.20930989531250002 0.6948529406249999 0.20182291718749998 0.6938725484375 0.1949869796875 0.696568628125 0.1891276046875 0.7127450984375 0.1702473953125 0.7107843140625 0.1663411453125 0.702696078125 0.1575520828125 0.693382353125 0.1520182296875
2 0.65625 0.45546875 0.01171875 0.05859375
2 0.3921875 0.52734375 0.01328125 0.025
1 0.365686275 0.248046875 0.3529411765625 0.2545572921875 0.34681372499999996 0.2535807296875 0.338725490625 0.2509765625 0.3299019609375 0.251953125 0.3240196078125 0.2555338546875 0.322303921875 0.2600911453125 0.328431371875 0.2897135421875 0.3377450984375 0.3567708328125 0.3338235296875 0.3610026046875 0.330147059375 0.3603515625 0.334068628125 0.3785807296875 0.3377450984375 0.3854166671875 0.3404411765625 0.3899739578125 0.3458333328125 0.3938802078125 0.351960784375 0.4225260421875 0.3536764703125 0.4241536453125 0.390686275 0.4251302078125 0.4102941171875 0.3196614578125 0.4102941171875 0.3125 0.414460784375 0.3024088546875 0.439460784375 0.2734375 0.44289215625 0.2679036453125 0.43602941250000005 0.2526041671875 0.428431371875 0.24153645781250002 0.4181372546875 0.23046875 0.40514705937500006 0.2216796875 0.40098039218750003 0.220703125 0.3705882359375 0.279296875 0.3642156859375 0.2662760421875 0.365686275 0.248046875
0 0.7024509796875 0.1438802078125 0.7095588234375 0.1455078125 0.7235294125 0.1546223953125 0.7274509796874999 0.1650390625 0.7321078437499999 0.1676432296875 0.7460784312500001 0.166015625 0.7509803921875 0.1627604171875 0.7522058828125 0.1604817703125 0.7524509796875 0.154296875 0.74926470625 0.1487630203125 0.740196078125 0.138671875 0.7321078437499999 0.1331380203125 0.6938725484375 0.1194661453125 0.6875 0.123046875 0.6850490203125 0.1458333328125 0.685539215625 0.150390625 0.69460784375 0.1448567703125 0.7024509796875 0.1438802078125
0 0.5522058828125 0.1653645828125 0.5607843140625 0.1588541671875 0.5700980390625 0.1565755203125 0.5774509796875 0.1565755203125 0.5884803921875 0.1624348953125 0.606617646875 0.1559244796875 0.611274509375 0.1490885421875 0.610539215625 0.142578125 0.6080882359374999 0.1396484375 0.6041666671875 0.1383463546875 0.5482843140625 0.142578125 0.5411764703124999 0.14453125 0.5384803921875 0.1471354171875 0.5372549015625 0.1585286453125 0.5404411765625 0.1705729171875 0.5453431375 0.1754557296875 0.5522058828125 0.1653645828125