4 0.41285609062499995 0.43507855781250004 0.3306625578125 0.4251416609375 0.3146651484375 0.444647428125 0.32707692499999996 0.5962772921874999 0.290944846875 0.617991290625 0.2912206796875 0.6952092921874999 0.30308083125 0.73863726875 0.33507560937499997 0.76292748125 0.35355539999999996 0.7732324312500001 0.386101825 0.7161872140625001 0.395203803125 0.7478381109375001 0.395479615625 0.7736004640624999 0.43133586093750004 0.7713922640625 0.42854903593750004 0.7709414484375 0.44126527812500005 0.76254326875 0.454780328125 0.750766175 0.4790522359375 0.7007136093749999 0.4859476671875 0.67642339375 0.4859476671875 0.64882086875 0.45312542968749997 0.6190101343750001 0.44429926406250003 0.6230585125 0.45422868125000004 0.5187646671875 0.4553319546875 0.44515793593749997 0.41285609062499995 0.43507855781250004
3 0.35546875 0.67109375 0.0234375 0.02890625
4 0.6659481109375001 0.7512843453125 0.6749100828125 0.74687865 0.6996734578125 0.7402701031250001 0.7126447578125 0.7264236265624999 0.7166540593749999 0.7154093828125 0.720191684375 0.6955837484375 0.7244368406249999 0.6757581125 0.7336346609375 0.643974146875 0.7414174328125 0.6058963390625001 0.74165328125 0.5983437109375 0.73811565625 0.5996024859375 0.7322196140624999 0.595511471875 0.71688990625 0.596770246875 0.706041184375 0.5933086328125 0.7039186140625 0.5038251546875 0.7043903 0.39908695625 0.6940132546875 0.3924784140625 0.6709007812500001 0.3855551625 0.63882631875 0.38429638593750004 0.6308077 0.38807271249999997 0.625383334375 0.38870208906250003 0.5982615421874999 0.411359975 0.5822243203124999 0.49756730156250006 0.5784508390624999 0.5667996875 0.5777433249999999 0.57655515 0.5640645015625 0.5803314765625001 0.5447254921875 0.5894575625 0.5263298359374999 0.60141588125 0.5496781281249999 0.6710017234375 0.5643003390625 0.7266275828125 0.58128095 0.737327125 0.604157584375 0.7540058468749999 0.615454871875 0.7585363984375 0.6145346203125001 0.7475080375 0.6194872921875 0.7226473171875 0.6326944218749999 0.694010284375 0.6418922499999999 0.704080453125 0.6494391937499999 0.718241615625 0.6588728609375 0.7399554140625 0.66028790625 0.755060659375 0.657457796875 0.7663895968750001 0.6628821609375 0.76009574375 0.6659481109375001 0.7512843453125
3 0.6078125 0.6421875 0.02421875 0.03203125
2 0.3875 0.50546875 0.0296875 0.06171875
0 0.429487265625 0.052234284374999995 0.4148619734375 0.0518439875 0.40462426875 0.0612112375 0.4016992109375 0.0795554140625 0.3932165140625 0.090093553125 0.3926315125 0.1010220171875 0.390514528125 0.1249302125 0.3913837515625 0.135600734375 0.3945129625 0.139776153125 0.3961670453125 0.130039753125 0.39643409687500003 0.1185856015625 0.4005291609375 0.1185856015625 0.41310692031249996 0.12678193437500002 0.424514675 0.1240498328125 0.4312422953125 0.1010220171875 0.4370924125 0.0854099421875 0.44294252968750003 0.07916511875 0.4446975609375 0.0674560625 0.44118749843750005 0.055747006249999995 0.429487265625 0.052234284374999995
0 0.328744978125 0.08714530312499999 0.3318741890625 0.098975671875 0.336741846875 0.112197834375 0.3428264109375 0.11660522499999999 0.34769405625 0.11706916249999999 0.3543001609375 0.11126996874999999 0.35727558125000003 0.109998084375 0.3619493171875 0.113125709375 0.3631662390625 0.10570273906250001 0.36264470000000004 0.0653403578125 0.35934164687500003 0.056989504687500005 0.348041740625 0.054901809375 0.3332649515625 0.0586132890625 0.3184881515625 0.058149343750000006 0.319531203125 0.0711395515625 0.32352963749999997 0.0822739921875 0.328744978125 0.08714530312499999
1 0.6029880109375 0.124721121875 0.59677896875 0.138529371875 0.592639625 0.1514170625 0.5942493671875 0.1796472421875 0.5770020421875001 0.25119191406249997 0.5719428390625 0.2696029140625 0.5712529390625 0.286479665625 0.5774619984375 0.2959920109375 0.5747024015625 0.30747864062499997 0.5712529390625 0.33264034374999996 0.5737825578125 0.39678632812500003 0.5866605453125 0.40046852343749995 0.6002284296875 0.409060321875 0.62552448125 0.3879498296875 0.6480609703125 0.38211968281250003 0.6843952875 0.3873361359375 0.70256245625 0.395314234375 0.6885346484375 0.227529359375 0.6724371609375 0.1186533921875 0.6682978015625001 0.10822049843749999 0.6745068421875 0.0956396421875 0.6705974421875001 0.08397934375 0.6682978015625001 0.0720122 0.6379760078125 0.071096409375 0.6303537234375 0.106931009375 0.6377125859375 0.1345475109375 0.6427717890625 0.165846190625 0.6384024671875 0.26383215625 0.632653365625 0.3034158 0.6285140218749999 0.2090922640625 0.6248346 0.1127539671875 0.6179356765625 0.1127539671875 0.6029880109375 0.124721121875
0 0.5839400421875001 0.082964809375 0.582917121875 0.09900257812499999 0.5905889921874999 0.1215237046875 0.5967758843750001 0.137964034375 0.6020967953125 0.1218649296875 0.6164176140625 0.10992191093749999 0.62127646875 0.112992978125 0.6197420984375 0.09900257812499999 0.6189749046874999 0.080234978125 0.6159061640625 0.070680540625 0.6082342953125 0.057031378125 0.5980051359375 0.057031378125 0.58598588125 0.06078491875000001 0.5839400421875001 0.082964809375
0 0.6530753125000001 0.06903002968750001 0.6650452109375 0.070780371875 0.671141890625 0.068706840625 0.6734077375 0.043431240625 0.6714400765625 0.0379614140625 0.6653731484375001 0.03402313125 0.6507797140625 0.034679517187499995 0.6343825984375 0.035335903125 0.631431125 0.044087626562499996 0.6337267109375 0.053058137500000005 0.6378259890625 0.0635601859375 0.64094144375 0.06924881875 0.6530753125000001 0.06903002968750001
1 0.33426961875 0.113595284375 0.3271309421875 0.2004447640625 0.322091815625 0.309707040625 0.327970775 0.4228915671875 0.37752165625 0.4245725203125 0.41993389375 0.4352185875 0.4428792 0.43356934375 0.42917218437500004 0.3158705671875 0.433791328125 0.26712277812499996 0.4274924859375 0.18755742343749998 0.424133121875 0.1236810078125 0.3964181859375 0.141611253125 0.38885959375 0.2665624671875 0.3821408328125 0.3573341765625 0.36912319843749997 0.29065619531250003 0.3640841359375 0.11471590625000001 0.33426961875 0.113595284375