4 0.1984375 0.3359375 0.134375 0.3484375
1 0.1796875 0.66328125 0.11171875 0.35859375
1 0.3375 0.67890625 0.08359375 0.38671875
1 0.778125 0.75390625 0.18046875 0.490625
1 0.6234375 0.70703125 0.1078125 0.44375
1 0.43828125 0.59140625 0.0609375 0.2046875
4 0.753125 0.31171875 0.18828125 0.42578125
4 0.3328125 0.365625 0.1484375 0.33203125
4 0.44453125 0.409375 0.0765625 0.203125
0 0.65 0.94296875 0.0671875 0.06484375
0 0.58359375 0.9203125 0.040625 0.07109375
0 0.31796875 0.875 0.034375 0.07421875
0 0.1875 0.8734375 0.03203125 0.0796875
0 0.1546875 0.815625 0.03125 0.125
0 0.440625 0.696875 0.01640625 0.03203125
0 0.41796875 0.690625 0.01953125 0.04375
2 0.75390625 0.3828125 0.0359375 0.08359375
3 0.7828125 0.18828125 0.02578125 0.03359375
3 0.45703125 0.3671875 0.00859375 0.0140625
3 0.37578125 0.29453125 0.01328125 0.02578125
3 0.21875 0.26796875 0.0171875 0.028125
2 0.19921875 0.3296875 0.0203125 0.046875
2 0.3546875 0.3703125 0.01328125 0.04765625