4 0.6301833546875 0.9796711796875 0.6482045796875 0.9646775765625 0.6574882468750001 0.9545206125 0.6727789828125 0.8568203109375 0.6408322656250001 0.8413430328124999 0.6460201999999999 0.7818522234375 0.6443819109375 0.7475120453125 0.6471123999999999 0.6773806421875 0.5867685703125 0.6788316515624999 0.551545275 0.6943089125 0.54581123125 0.738034503125 0.5578253890625 0.7926886078125001 0.5580984328125 0.8618526953125001 0.5403502640625 0.867656640625 0.5518183203125 0.9653569781250001 0.5570062546875 0.9784159328124999 0.5777579687500001 0.9822852484375 0.5859494359374999 0.9876055640624999 0.5908643046875001 0.9581020062500001 0.6006940828125 0.94407571875 0.6211727515625001 0.9866382109374999 0.62065775 0.999274928125 0.6301833546875 0.9796711796875
3 0.6171875 0.90859375 0.01484375 0.0296875
4 0.5188519078125 0.9540966296875 0.5264471453125 0.9506246890625001 0.5391875125000001 0.9423788203125 0.5482527703125 0.9371708999999999 0.5384524828125 0.8655620328125 0.542617615625 0.86426005625 0.5364924359375001 0.7963687562499999 0.5301222531249999 0.74385559375 0.5386975046875 0.7191179484375 0.547517759375 0.6739827046875 0.5051315093750001 0.6587929453125 0.47279055937500003 0.65922693125 0.46519534062499995 0.665736828125 0.45858014531249996 0.6900404375 0.4615202328125 0.7942433484375 0.4522099625 0.8454545015624999 0.4387345671875 0.8879858593750001 0.446819803125 0.91879938125 0.47646566718749994 0.9483109125 0.48210084062499997 0.9470089359375 0.49778129375 0.9274792453125 0.50978665 0.9478769093749999 0.5118907703125 0.970072034375 0.5188519078125 0.9540966296875
3 0.521875 0.87890625 0.015625 0.0296875
1 0.5560167203125 0.69073845625 0.5859215375 0.6804134296875 0.601127371875 0.6795156078125 0.6442105703125 0.674577553125 0.647505175 0.602302403125 0.6381282328125 0.4029846375 0.6135454734375 0.3993933125 0.61202489375 0.47840215312499995 0.607209709375 0.5547175359375001 0.5960587609375 0.6283394234374999 0.5958053328124999 0.587039340625 0.5869352625 0.5529218734375 0.5874421171875001 0.4371020875 0.5666608171874999 0.43126619374999997 0.5582976000000001 0.5280789125 0.5572838734375 0.5518713281250001 0.551984753125 0.6880756406249999 0.5560167203125 0.69073845625
0 0.5724244281249999 0.41482877812499996 0.57807090625 0.40482689687500006 0.58691705 0.42383047500000004 0.5925635296875 0.4114948171875 0.5786355453125 0.38682350468750004 0.5645193500000001 0.36248559375 0.5532263937499999 0.35781805625 0.5462624093749999 0.36248559375 0.54438025 0.37115390000000004 0.5458859687500001 0.3798221921875 0.5645376703125 0.418481759375 0.5724244281249999 0.41482877812499996
0 0.623572590625 0.39315803437499997 0.62884264375 0.387823703125 0.630536590625 0.379155396875 0.63411268125 0.38915727968749997 0.63655949375 0.37315424531249997 0.634677334375 0.364152575 0.6314776703125 0.355150878125 0.623572590625 0.34681597656249996 0.6098328359375 0.345815790625 0.6028688375 0.3488163609375 0.6004220375 0.35781805625 0.60531565 0.373821065625 0.61324528125 0.39390821875 0.623572590625 0.39315803437499997
1 0.48712331249999996 0.655908603125 0.5131007203125 0.65887731875 0.54215073125 0.6682782406250001 0.551927175 0.575258565625 0.5452233234375 0.4500778453125 0.5387987937500001 0.43968735781249996 0.5203632171875 0.4604683515625 0.5184079374999999 0.5915865015625 0.511145440625 0.6059352687499999 0.5055589 0.6435389671875 0.5019276406250001 0.5455714375 0.5024862859375 0.48322843750000005 0.5094694609375 0.42434901406250003 0.50751418125 0.412968934375 0.50751418125 0.398620146875 0.484609365625 0.398620146875 0.47818484687499996 0.4179167890625 0.4675704234375 0.5421848484375 0.47231897343749996 0.5590075624999999 0.4698050375 0.613433965625 0.46276912656249997 0.6611470921875 0.48712331249999996 0.655908603125
0 0.486321021875 0.40180989375 0.49560566718750004 0.400416134375 0.5037887546875 0.397349859375 0.507722928125 0.386757296875 0.50237245 0.3680809328125 0.4965498734375 0.35860338125 0.488838890625 0.352192084375 0.4759348015625 0.3538646015625 0.4723153640625 0.35860338125 0.472158 0.36780218593749997 0.47782320624999997 0.378116 0.48263239375 0.3953939359375 0.486321021875 0.40180989375
0 0.5401146140625 0.43847896249999996 0.5450475124999999 0.4440712015625 0.562411315625 0.4168090078125 0.5547160046874999 0.39863420625 0.544258253125 0.40003224687500005 0.537746828125 0.41191579999999994 0.5286702890625 0.43113914375 0.5162393859375001 0.439877028125 0.5178286609375 0.45673503593750003 0.5401146140625 0.43847896249999996
4 0.40421939374999993 0.9514767234375 0.4194565328125 0.94115690625 0.432676996875 0.9213111046875 0.45374010625 0.8380052984375 0.43312514062499996 0.8141903453125 0.4203528296875 0.839989878125 0.42886770937499996 0.783230884375 0.424386196875 0.7181366687499999 0.430212159375 0.6588262078125 0.38338035625 0.6576354921875 0.37307288125000004 0.6457280125 0.36926359531249997 0.75878040625 0.3638857859375 0.947315509375 0.3708321265625 0.9461247578125 0.37576179062500004 0.9227067140624999 0.38069145625 0.9306450343750001 0.3880859484375 0.958826071875 0.3958842765625 0.969157878125 0.40421939374999993 0.9514767234375
3 0.384375 0.8671875 0.0078125 0.025
2 0.5984375 0.79921875 0.021875 0.0515625
1 0.4433424171875 0.41023866406250004 0.42514705468749997 0.40571513281250005 0.40727090468749994 0.516542284375 0.410463075 0.38140099375 0.3846064859375 0.37687741875 0.3715185921875 0.506364284375 0.36992250625 0.649987234375 0.428687965625 0.65160778125 0.44015024687500004 0.5536610015625001 0.4433424171875 0.41023866406250004
1 0.2853299875 0.6467446406249999 0.31693246875000003 0.6461792156249999 0.3644958140625 0.6434041859375 0.3648150265625 0.5026084484375 0.385883359375 0.3403258375 0.36385737812499996 0.33467136875 0.31789011718750004 0.51109011875 0.33002037500000003 0.283781346875 0.300971615625 0.27982325 0.287245284375 0.38443052031249997 0.2795840765625 0.41044096718749995 0.2799032890625 0.4805229578125 0.2617079203125 0.58795745 0.2606767625 0.6388927359375 0.2853299875 0.6467446406249999
4 0.33012553125 0.999972303125 0.3409832859375 0.991042765625 0.35959655625 0.9628803859374999 0.3646376484375 0.9368209593750001 0.3694848546875 0.647541634375 0.28320457656250003 0.6489154140625 0.254703 0.6372383234375001 0.25295800625 0.8030511125 0.25722354687500004 0.859590434375 0.24675358125 0.8619945421875 0.2461719171875 0.911106990625 0.2595502078125 0.9468251421874999 0.2783573703125 0.9880383890625 0.2855312375 0.9718965374999999 0.29892008593749997 1 0.33012553125 0.999972303125
3 0.29765625 0.9171875 0.015625 0.03046875
0 0.33530479375 0.23885516562500003 0.3181842328125 0.22837192343749999 0.3179728703125 0.23660873593749998 0.29831592812499996 0.2137702734375 0.2811953578125 0.2148934890625 0.2647088890625 0.21901189531249998 0.26555435312500003 0.2291207140625 0.287747678125 0.2482151921875 0.302543228125 0.2792904671875 0.32156606875 0.27030483437499997 0.32771389375000004 0.2753974640625 0.33530479375 0.23885516562500003