4 0.8234375 0.5484375 0.353125 0.2125
3 0.94140625 0.5609375 0.034375 0.0234375
4 0.8140625 0.446875 0.371875 0.1421875
3 0.89453125 0.440625 0.034375 0.025
2 0.7890625 0.55 0.0671875 0.0296875
1 0.50859375 0.6125 0.3578125 0.1734375
0 0.2984375 0.6546875 0.0640625 0.053125
0 0.3328125 0.69921875 0.1078125 0.0515625
1 0.4875 0.5234375 0.3390625 0.14375
0 0.296875 0.57578125 0.0609375 0.040625
0 0.36171875 0.5375 0.1125 0.05
0 0.27265625 0.44296875 0.059375 0.0796875
0 0.3 0.51171875 0.065625 0.046875
1 0.4609375 0.44453125 0.3296875 0.165625
4 0.7890625 0.38515625 0.390625 0.1578125
0 0.08828125 0.3390625 0.1046875 0.1078125