1 0.475 0.7890625 0.084375 0.2625
1 0.6546875 0.75703125 0.09609375 0.41171875
1 0.37109375 0.79609375 0.0734375 0.296875
4 0.37265625 0.5328125 0.05859375 0.25703125
3 0.38125 0.4671875 0.01328125 0.02734375
2 0.3734375 0.5921875 0.01328125 0.0234375
0 0.353125 0.96484375 0.02421875 0.046875
0 0.4046875 0.95078125 0.04375 0.04453125
0 0.50703125 0.93203125 0.02890625 0.05
0 0.5828125 0.909375 0.05234375 0.03984375
0 0.6265625 0.97578125 0.0546875 0.04765625
0 0.60546875 0.92109375 0.0328125 0.03984375
0 0.6796875 0.97890625 0.03125 0.040625
0 0.43984375 0.94140625 0.025 0.0515625
1 0.58828125 0.715625 0.06796875 0.3546875