4 0.34375 0.36953125 0.1953125 0.1265625
3 0.38125 0.3375 0.025 0.0171875
1 0.165625 0.41640625 0.253125 0.1265625
0 0.0390625 0.4484375 0.0296875 0.025
0 0.0515625 0.4234375 0.0421875 0.03125
1 0.1984375 0.58203125 0.203125 0.1125
1 0.24921875 0.61953125 0.1890625 0.0796875
1 0.19140625 0.5140625 0.2 0.1046875
0 0.14453125 0.65546875 0.03125 0.021875
0 0.15234375 0.6359375 0.025 0.021875
0 0.08828125 0.6359375 0.0515625 0.0390625
0 0.09453125 0.59453125 0.04375 0.028125
0 0.08671875 0.5375 0.05 0.0265625
0 0.071875 0.51796875 0.0515625 0.0359375
4 0.36953125 0.47421875 0.2046875 0.1171875
4 0.3796875 0.534375 0.225 0.1359375