4 0.6859375 0.403125 0.44375 0.28125
4 0.6390625 0.8140625 0.3453125 0.253125
1 0.25703125 0.84609375 0.2984375 0.1546875
1 0.271875 0.75078125 0.3953125 0.1796875
1 0.35703125 0.60703125 0.203125 0.0921875
1 0.39296875 0.48515625 0.19375 0.103125
1 0.3296875 0.35078125 0.4015625 0.1953125
0 0.08515625 0.33203125 0.0953125 0.05625
0 0.1671875 0.30625 0.1390625 0.0625
0 0.271875 0.47421875 0.0375 0.025
0 0.2953125 0.45703125 0.0421875 0.0265625
0 0.24453125 0.584375 0.0375 0.021875
0 0.2515625 0.603125 0.0375 0.0296875
0 0.06875 0.7375 0.1015625 0.078125
0 0.08359375 0.690625 0.109375 0.078125
0 0.1078125 0.86640625 0.075 0.0828125
3 0.77578125 0.37421875 0.040625 0.025
3 0.6765625 0.78828125 0.034375 0.021875