1 0.49765625 0.41015625 0.3234375 0.14375
1 0.55546875 0.28828125 0.434375 0.184375
1 0.478125 0.55390625 0.325 0.134375
1 0.59453125 0.7375 0.5515625 0.2390625
4 0.1859375 0.58125 0.36875 0.171875
2 0.18671875 0.56875 0.059375 0.03125
4 0.2 0.4546875 0.3359375 0.1484375
2 0.246875 0.41875 0.046875 0.01875
3 0.11640625 0.47265625 0.034375 0.028125
3 0.10546875 0.5921875 0.025 0.0203125
4 0.203125 0.33125 0.375 0.21875
0 0.665625 0.52890625 0.0859375 0.0625
0 0.590625 0.58203125 0.121875 0.0609375
0 0.6703125 0.36328125 0.0546875 0.053125
0 0.6234375 0.4375 0.0796875 0.04375
0 0.7765625 0.209375 0.0625 0.0609375
0 0.74765625 0.29921875 0.0578125 0.04375
0 0.8921875 0.63515625 0.1 0.1140625
0 0.85234375 0.78515625 0.0875 0.059375