4 0.90997810625 0.500964265625 0.92569291875 0.48356786406249996 0.936172378125 0.40435208749999996 0.9305848875 0.394100625 0.923775140625 0.3906834546875 0.9188860890624999 0.36648010000000003 0.9209813921875 0.32671687656250004 0.9260450562500001 0.31522283125 0.9291880171875 0.26741186093749997 0.9208067859375 0.2695864015625 0.8993298765625 0.273003571875 0.8783767953125 0.27238225781250003 0.8652811187499999 0.2733142171875 0.8548045765625 0.2792165734375 0.8410104609375001 0.2860508671875 0.8450264734375 0.33264838281250003 0.8493917 0.40150611875 0.8300100875 0.415485375 0.8417089000000001 0.4914179265625 0.8485186546874999 0.500426778125 0.8591698015624999 0.50539718125 0.864058846875 0.50943563125 0.867900253125 0.5215509843749999 0.8687593921874999 0.5159805078125 0.8740482500000001 0.47921875781249995 0.8754451265625001 0.4789081125 0.8773658234375 0.4888489015625 0.8817310484374999 0.49599386250000005 0.8880169718750001 0.512147659375 0.8930806359375 0.5202245750000001 0.892556809375 0.527680175 0.89447750625 0.526748228125 0.9012476546875 0.5096624656250001 0.90997810625 0.500964265625
3 0.85625 0.45078125 0.01015625 0.01953125
4 0.7541622390625 0.43004290625 0.7606522796874999 0.4253658171875 0.756462509375 0.376038284375 0.7530942609375 0.366684121875 0.75087614375 0.366391796875 0.746686371875 0.365807171875 0.7338706 0.367999553125 0.7297629796875 0.3688765046875 0.7288593046875 0.3967928390625 0.726066121875 0.44313419375 0.72935221875 0.4451804140625 0.7271341 0.457603915625 0.7235194 0.475581446875 0.7213834328125001 0.4836201875 0.7259839718750001 0.4859587296875 0.7299272828125 0.48844342812499997 0.7335419890625 0.49180508281249996 0.736328903125 0.4961938328125 0.738964046875 0.48777564375000004 0.7411821640625 0.477544525 0.7441396499999999 0.4724289671875 0.7474257453125001 0.4649748625 0.7506296906250001 0.477544525 0.75046538125 0.49464510625 0.75177981875 0.4955220609375 0.7553123734375 0.486898684375 0.760734434375 0.4852909421875 0.7541622390625 0.43004290625
3 0.73203125 0.45546875 0.00625 0.0140625
2 0.69765625 0.3796875 0.0125 0.028125
4 0.6687350734375 0.5403453625 0.6734404859375 0.535374784375 0.6841747171875 0.52700329375 0.6881449140625 0.5212478890625001 0.6940266859374999 0.509998696875 0.6952030390624999 0.5034584671875 0.69623235 0.491162834375 0.69990845625 0.4725885859375 0.6882919609375 0.46186260468749996 0.6834394953125 0.461339384375 0.6849099390625 0.4328239890625 0.689909446875 0.385821021875 0.69387964375 0.3573056265625 0.6634414703125 0.3423938921875 0.651530884375 0.3421322859375 0.6472665984375 0.344748378125 0.6434434484375 0.3444867734375 0.633297390625 0.3499805625 0.636091234375 0.368816434375 0.6341796656249999 0.39236125 0.6312387796875 0.41145872812500006 0.629033115625 0.4169525171875 0.6307976421875 0.42584723281250003 0.63167990625 0.4527929765625 0.6269744937499999 0.450438490625 0.624474734375 0.450438490625 0.6191811421875 0.46194929843750004 0.6168284359375 0.4669198609375 0.619769321875 0.48706377500000003 0.6209456796875 0.5193583171875 0.62520995625 0.52720659375 0.6293272 0.53427004375 0.6382968984375 0.5376709578125001 0.6438727515625 0.5440211609375 0.642708228125 0.5374676609375 0.6438845859375 0.5256952484374999 0.6484429578124999 0.5105219125 0.6525602015625 0.5173237515625 0.65638335 0.5249104171875 0.6596183203125 0.5338051328125 0.66300034375 0.543484671875 0.66300034375 0.5481936359375 0.665647134375 0.544007890625 0.6687350734375 0.5403453625
3 0.63828125 0.4859375 0.00859375 0.01640625
2 0.6515625 0.43671875 0.01171875 0.03046875
4 0.57208530625 0.513280809375 0.57208530625 0.5209292796875 0.5756026859375 0.5143237859374999 0.577165965625 0.5031987390625 0.582246625 0.5000698203125 0.5933849999999999 0.48824946249999995 0.6027656625 0.46939744218749996 0.6130757921875001 0.4186496203125 0.615616121875 0.391184675 0.60310988125 0.3877080984375 0.5966613421875 0.3804072796875 0.593534784375 0.3786689921875 0.5954888859375 0.2924498875 0.579856071875 0.2806295484375 0.569499346875 0.268809184375 0.5505445609375 0.254555225 0.5384291421875 0.254902878125 0.5251412515625 0.2649849546875 0.5249458437500001 0.3171336 0.5268999453125 0.3310398921875 0.527290775 0.357114215625 0.52846323125 0.390837009375 0.5247504375 0.390837009375 0.52396879375 0.42768872656249995 0.521428471875 0.4614115 0.52380378125 0.47742955781249996 0.5294859125 0.49137836718749994 0.5378885359375001 0.501808109375 0.5437508390625 0.50215576875 0.545314125 0.510151890625 0.5476590406249999 0.5049370265625 0.5472682265625 0.49346432656249994 0.549417734375 0.46808531562500005 0.556843321875 0.48199162187500005 0.566027590625 0.5011127921874999 0.57208530625 0.513280809375
3 0.53203125 0.4421875 0.00546875 0.01953125
2 0.54140625 0.3390625 0.009375 0.0421875
4 0.5220603234375 0.46563030781250003 0.5244052390625 0.409853178125 0.5224511374999999 0.3369510953125 0.5228419671875 0.2809782203125 0.5122898203124999 0.2715914484375 0.504278009375 0.26741956718750004 0.47711600625 0.26741956718750004 0.4573795921875 0.2858454328125 0.44585036562499997 0.2931462375 0.451517290625 0.32374008125 0.4538622046875 0.3936865828125 0.4538622046875 0.43575315156250005 0.4442871234375 0.45452666875 0.4519081046875 0.4851205453125 0.4565979484375 0.5230152265625 0.4626556578125 0.5344879265625 0.46773631718750003 0.5400504500000001 0.47223075468750003 0.5490895499999999 0.47298866874999995 0.5382339640625 0.47262156875 0.5195172421875001 0.47711600625 0.5250797656249999 0.4825874953125 0.5393337234375 0.4886452046875 0.552197059375 0.49411667656249997 0.5643650765625 0.4991973515625 0.5445485875 0.5064275171875 0.5365524640625 0.513657684375 0.5229938187500001 0.518933765625 0.498657784375 0.5220603234375 0.46563030781250003
2 0.46640625 0.34921875 0.01171875 0.04140625
3 0.43515625 0.48046875 0.00625 0.0125
4 0.3785155859375 0.5128957765625 0.387344996875 0.5064512359375 0.39096731406249996 0.4927565953125 0.405909403125 0.472214628125 0.41587077343749995 0.46013111875 0.39413684843749996 0.4206583265625 0.3939104578125 0.3799771703125 0.3939104578125 0.3682964546875 0.3911937234375 0.3546018046875 0.3805531453125 0.3413099171875 0.3805531453125 0.320365196875 0.382590703125 0.307878909375 0.3760252421875 0.2913647875 0.357008053125 0.276461775 0.3364061046875 0.2716283828125 0.3228223984375 0.2768645515625 0.318294496875 0.29458703750000004 0.32123764062500004 0.31553180468750003 0.327123909375 0.3288236625 0.3278031015625 0.349365590625 0.3327837859375 0.40092192187500003 0.3280294921875 0.4174360609375 0.323954375 0.45650605312500003 0.3225960078125 0.4774508125 0.32033205625 0.4834925671875 0.3316832390625 0.4891673296875 0.333462978125 0.479061953125 0.3373116875 0.49235380937500006 0.3418395890625 0.5149096937500001 0.3459147078125 0.531423825 0.347499465625 0.5410906296875 0.3429715640625 0.5451184671875 0.34795224999999996 0.5463268109375 0.3572344609375 0.532632171875 0.366290265625 0.5277987703125 0.3785155859375 0.5128957765625
2 0.32578125 0.37109375 0.01640625 0.0484375
2 0.16328125 0.3875 0.01796875 0.05546875
1 0.9227700515624999 0.11007419375000001 0.9249420265625 0.0929612796875 0.9233906140625001 0.0835767703125 0.9142372765625 0.0860609078125 0.9049287921875001 0.09102916250000001 0.9016708265625001 0.10482990625 0.899033415625 0.1327074140625 0.8949997421875 0.18929046249999998 0.8900352234375 0.21192368906249998 0.881812725 0.2444125 0.8805715890625001 0.24386046874999998 0.8760724984375001 0.170164496875 0.8760724984375001 0.1404334109375 0.8732799484375 0.0753950765625 0.8721939640624999 0.06628658750000001 0.8686257078124999 0.05800613125 0.8666088656250001 0.0414452390625 0.8557489687500001 0.0477935890625 0.844268515625 0.05441795000000001 0.8464404859375 0.06297440625 0.8438030875000001 0.0742910125 0.8424068124999999 0.0889197984375 0.8453545015625 0.118453390625 0.8472161921874999 0.12480173125 0.8469059140624999 0.16592795 0.8495433140624999 0.17393238125 0.85148225625 0.1928260453125 0.8485345796875 0.20552273125 0.8480691515625001 0.24538705156249999 0.8469274515625 0.2820236140625 0.8551284125 0.27749138906250004 0.881347296875 0.27031499531250003 0.8943791750000001 0.27114304843750003 0.9133064296875 0.27031499531250003 0.9198223625 0.2692109421875 0.9182709484375 0.24624261718749998 0.9212186375 0.2288536828125 0.9223046281249999 0.2057461390625 0.9233906140625001 0.139331775 0.9227700515624999 0.11007419375000001
0 0.9049161921875 0.0650988 0.9055647484374999 0.07940661875 0.9053053296875 0.0902528734375 0.9090669437500001 0.08909901718749999 0.9126988578124999 0.084714365625 0.9194438296874999 0.0851759015625 0.92310090625 0.0843173109375 0.9245025640625 0.0738681109375 0.926059103125 0.0611756859375 0.92644823125 0.0510217421875 0.92644823125 0.041098565625 0.9213894968749999 0.0376369953125 0.916849609375 0.034175424999999995 0.9067321500000001 0.037867781249999996 0.9033596640624999 0.043637065625 0.9033596640624999 0.0579448828125 0.9049161921875 0.0650988
0 0.8288711890625 0.0339446578125 0.8300386015625 0.039483173437500005 0.8363944359375 0.0404062625 0.8393777953124999 0.0406370296875 0.8444365296875 0.052175598437500005 0.8497546828125 0.0510217421875 0.855072834375 0.047560171875 0.8660184890625 0.0404964640625 0.867265678125 0.034636978125 0.8685627890625 0.024483034375 0.8685627890625 0.015021412500000001 0.8612989703125 0.01386755625 0.8563699453125 0.014559859375000001 0.8544242796875 0.0166368046875 0.8469010421875 0.0164060375 0.838469821875 0.021483 0.8282226343750001 0.027483070312500003 0.8288711890625 0.0339446578125
0 0.7825892718749999 0.125929309375 0.7807723453125 0.130302715625 0.7808792296875 0.1369579015625 0.782482396875 0.141521459375 0.7856887296874999 0.141521459375 0.787078134375 0.13809879375 0.7915670046875001 0.1367677546875 0.7995828359375 0.1354367171875 0.8085605609375 0.13410567812500002 0.8109016656250001 0.13528576875 0.8117668921875 0.130302715625 0.811553140625 0.12307708749999999 0.8119806531249999 0.11299923593750001 0.80695739375 0.11071745625 0.8024685312500001 0.11185835 0.7976590328125 0.114710571875 0.7948802140625 0.1181332375 0.7911394921875 0.11927412343749999 0.7857956046875 0.12269678906249999 0.7825892718749999 0.125929309375
0 0.7578000390625 0.1898448734375 0.75210769375 0.19101341249999998 0.749480453125 0.1931557359375 0.7456490640625 0.1989984453125 0.742365015625 0.20211456249999998 0.7421460828125 0.206788725 0.743910940625 0.2128646296875 0.746743746875 0.20854154062500002 0.749042578125 0.2091258109375 0.75210769375 0.2087362953125 0.754078125 0.2087362953125 0.75670535625 0.20386737031250002 0.759004196875 0.2007512609375 0.7608651546874999 0.19782990625000002 0.7610840875 0.1935452515625 0.7603178125000001 0.19101341249999998 0.7578000390625 0.1898448734375
0 0.7346122828125 0.2047873671875 0.732180925 0.2069502 0.7311476 0.2133305578125 0.7315123078125 0.217548084375 0.73248484375 0.2220900296875 0.7363668203125 0.22788918281249998 0.7353416875 0.22273888125000002 0.7371652015625 0.22327959062499997 0.739778909375 0.22327959062499997 0.741784778125 0.22090047343750002 0.7433043734375 0.2204679046875 0.7440945609375 0.215493390625 0.743790640625 0.21160029374999997 0.7417239890625 0.20576064375 0.7388063687499999 0.2046792265625 0.7346122828125 0.2047873671875
0 0.722604359375 0.17838322812500002 0.7241405765625 0.175277428125 0.7247690234374999 0.1714262359375 0.7247690234374999 0.168320434375 0.7231629859375001 0.1668296484375 0.7198112453125 0.1668296484375 0.715900884375 0.167450809375 0.712409490625 0.1713020015625 0.7080801640625001 0.1776378390625 0.706613775 0.18061940468749998 0.705426703125 0.18534022187500002 0.705147390625 0.1915518234375 0.7054965296875 0.195403021875 0.706831028125 0.1938653484375 0.7068232609375 0.188570259375 0.7105939671875 0.18235865625 0.7125491453125 0.17962555 0.7160405390625 0.1790043890625 0.7183448609374999 0.17962555 0.7205793500000001 0.18061940468749998 0.7175767546875 0.18745216874999998 0.7171577890624999 0.18906718125 0.7214172890625 0.1813648 0.722604359375 0.17838322812500002
0 0.685996321875 0.1797320859375 0.6926474046875 0.18038947968750002 0.693180484375 0.1897456375 0.6932808484375 0.1802016515625 0.69354478125 0.17625729375000002 0.6934392015624999 0.1709981515625 0.69169725625 0.168932059375 0.688530071875 0.1684624921875 0.6861018921875 0.1693077140625 0.6854156671875 0.17146771875 0.6856268187500001 0.1758816421875 0.685996321875 0.1797320859375
0 0.661466859375 0.0944807859375 0.6564421625 0.09698385781249999 0.6559396921875 0.1021687890625 0.658653034375 0.1094992015625 0.660964390625 0.117008415625 0.663878715625 0.1286297984375 0.6652856328125 0.13399351718750002 0.6689176156250001 0.135339584375 0.6742295953124999 0.13238440625 0.6772444140625 0.126663090625 0.6801587328124999 0.12362366250000001 0.6806612015625 0.11468413125000002 0.6813646640625 0.10824767187499999 0.6789528078125 0.1030627421875 0.67734490625 0.0984141890625 0.6760384828125 0.09358683437500001 0.6691043984375 0.091977728125 0.661466859375 0.0944807859375
0 0.647799684375 0.11557808437499999 0.6413680703125 0.11450534375000002 0.6374488125 0.1164720390625 0.6372478125 0.12237212812500001 0.6399611609375 0.1330995640625 0.6440814046875001 0.137748125 0.645387828125 0.14293304843750002 0.6459907984375 0.15258774375 0.649106109375 0.15598476875 0.65572558125 0.154101590625 0.6589545109375 0.1502634671875 0.6618688374999999 0.14972709687500002 0.66297426875 0.14972709687500002 0.6646826703125 0.1398936140625 0.6646826703125 0.1318480359375 0.6628737765625 0.127914640625 0.6589545109375 0.1264843171875 0.656844140625 0.1221933265625 0.655638215625 0.11808115625 0.647799684375 0.11557808437499999
0 0.5969920640625 0.062467834374999996 0.5996048968750001 0.0748043828125 0.6035241625000001 0.086425771875 0.605031571875 0.0908955375 0.6102444703125001 0.091338215625 0.6159854124999999 0.09071675 0.6191007234375 0.08535303125 0.6202061624999999 0.084459078125 0.6207086328125 0.06979824531249999 0.6202061624999999 0.05746169062499999 0.6177943078125 0.052813137499999996 0.6102572609375 0.047985796875 0.6039261390624999 0.050488854687499994 0.5996048968750001 0.056746525000000006 0.5969920640625 0.062467834374999996
0 0.6428728375 0.160066984375 0.6421793578125 0.1555945453125 0.6351579078125 0.1531269875 0.63073699375 0.15204743125 0.6274429765625 0.1554403203125 0.6271829265625 0.16052965 0.6301302046874999 0.1643852046875 0.6341176953125001 0.172713203125 0.6362756593750001 0.1770908046875 0.6385386078125 0.175489203125 0.642092675 0.17147942656249998 0.6433062609375 0.1708625359375 0.647120384375 0.1794989765625 0.6472070671875 0.18258342031250002 0.648420653125 0.1773398671875 0.6483339703125 0.16238031718749998 0.64729375 0.1565198765625 0.6450399531250001 0.1565198765625 0.6428728375 0.160066984375
1 0.8362663546875 0.25789786718749996 0.8451397140625 0.157149725 0.8407837031250001 0.153418303125 0.83013568125 0.152557221875 0.8201329828125001 0.15600159375 0.8188423203124999 0.208528403125 0.8138409781249999 0.2395278421875 0.8070649546875 0.28459181875 0.8069036234375 0.25847193281249997 0.8051289562499999 0.249573953125 0.8086782921875001 0.1671958359375 0.813518303125 0.1427981375 0.8112596296874999 0.135048265625 0.786414246875 0.13935374218750002 0.786736909375 0.15915893750000001 0.7843169046875 0.201065559375 0.7848009109375 0.232926103125 0.7810902296875 0.26220334375 0.7780248875 0.294637925 0.775668321875 0.343369615625 0.7817355671875 0.3405630171875 0.7989982703125 0.3391278578125 0.8136796343749999 0.3405630171875 0.8254569999999999 0.34171114375 0.8323943546875 0.34544255625 0.8293290125 0.30640623906250003 0.8261023375000001 0.289184334375 0.8283610124999999 0.2736846140625 0.8336850171875 0.2693791375 0.8362663546875 0.25789786718749996
1 0.7531280203125 0.2118582328125 0.7447187234375 0.214233015625 0.74285 0.22658187343749997 0.7357755109374999 0.22705684062499998 0.7315041296875 0.2507371046875 0.730836725 0.2797094375 0.7301693203124999 0.2982327453125 0.7285675453125 0.3210306484375 0.729902353125 0.33789160625000003 0.7327054484375 0.345728384375 0.7340402562499999 0.3535651625 0.729902353125 0.3682888125 0.7483131968750001 0.3647623625 0.753928903125 0.3659815734375 0.7520601703125 0.35814480312499997 0.7528610625 0.3275101171875 0.7575328921875 0.3108866421875 0.7626051578124999 0.3006750734375 0.760202509375 0.267665609375 0.7560645953125 0.22800673906250002 0.755397190625 0.2199324953125 0.7531280203125 0.2118582328125
1 0.6353852343749999 0.346641328125 0.6503172046875 0.340510775 0.6573524546875 0.342809734375 0.667259225 0.34383149375 0.6784581968750001 0.34894028593750004 0.6870727859375 0.3525164390625 0.689966528125 0.3537339359375 0.6874325078125 0.2220707140625 0.68398666875 0.13752020625 0.6669010640625 0.1408409296875 0.6655363109375 0.2472753359375 0.66252120625 0.1502082859375 0.6521836921874999 0.15633883906249998 0.6490250140625 0.1573606015625 0.6473020890625001 0.2079376265625 0.6412718796875 0.2929990140625 0.6353852343749999 0.346641328125
1 0.594425990625 0.2464445640625 0.5854040640625 0.010971749999999999 0.569995340625 0.011428642187500001 0.55381619375 0.0201097296875 0.5599796671874999 0.074437078125 0.5412323796875 0.17723936875 0.5258236562499999 0.2631390703125 0.54303005625 0.2530872890625 0.553559365625 0.2544579828125 0.57975420625 0.27730293437500003 0.594425990625 0.2464445640625
1 0.35266324375 0.050085378125 0.340135478125 0.0479002390625 0.2993587375 0.172016146875 0.32048404375 0.28608040468749996 0.321957878125 0.278650940625 0.33767904843749996 0.2664141578125 0.36003253125 0.278650940625 0.3762449796875 0.2908877171875 0.3809121796875 0.30574665625 0.398319934375 0.30760794375 0.3968789890625 0.2846129796875 0.38287733125 0.23697694062500002 0.38385990625 0.1875928 0.3821403953125 0.15350463281249999 0.38361426718749997 0.12072754687500001 0.379683965625 0.025174804687500003 0.37354289218750003 0 0.348487321875 0.0037604359375 0.35266324375 0.036537521875 0.35266324375 0.050085378125