4 0.59296875 0.58515625 0.165625 0.271875
3 0.59921875 0.6390625 0.0234375 0.025
4 0.3328125 0.5703125 0.125 0.2828125
3 0.296875 0.621875 0.0125 0.028125
3 0.2515625 0.66640625 0.015625 0.0234375
2 0.240625 0.55390625 0.028125 0.053125
1 0.340625 0.28125 0.228125 0.346875
2 0.28671875 0.45 0.021875 0.0671875
2 0.56640625 0.5703125 0.01875 0.0296875
1 0.60859375 0.346875 0.1640625 0.2453125
0 0.26640625 0.096875 0.08125 0.0625
0 0.4234375 0.134375 0.0859375 0.0515625
0 0.57734375 0.1984375 0.0703125 0.046875
0 0.66796875 0.2515625 0.075 0.05625
0 0.85625 0.21328125 0.08125 0.05625
0 0.7921875 0.13828125 0.0890625 0.0765625
0 0.73125 0.08125 0.1125 0.084375