4 0.26484375 0.2109375 0.5296875 0.265625
3 0.140625 0.253125 0.0578125 0.0375
2 0.278125 0.45546875 0.075 0.0359375
4 0.26015625 0.5796875 0.303125 0.15625
3 0.1984375 0.60703125 0.0234375 0.0140625
4 0.21080407656250003 0.6366878015624999 0.20921496562500003 0.637540740625 0.23452896875 0.655305125 0.250641325 0.65937115625 0.2571169953125 0.662380146875 0.26770370312499997 0.6628762125 0.27910278125 0.66084275 0.2929021234375 0.660125078125 0.3018481 0.6607358750000001 0.34481802968749997 0.6574838546875 0.349377659375 0.65667046875 0.349568153125 0.6546789703125 0.3457520625 0.65197855 0.3352698125 0.6482606390625001 0.323579434375 0.6414126671875 0.3078996828125 0.6341018453125 0.2750162484375 0.6354121890625 0.26365280156250004 0.63323953125 0.2256394765625 0.6366395 0.21080407656250003 0.6366878015624999
2 0.25390625 0.6234375 0.040625 0.0140625
3 0.27109375 0.64375 0.01875 0.0109375
2 0.36171875 0.3046875 0.0859375 0.028125
1 0.74296875 0.2375 0.4890625 0.215625
0 0.91953125 0.18046875 0.1015625 0.10625
1 0.70625 0.40625 0.465625 0.225
0 0.87265625 0.34296875 0.0671875 0.090625
1 0.5203125 0.58984375 0.3171875 0.1921875
4 0.397765484375 0.806348415625 0.4014439171875 0.8070802828125 0.40387859531250003 0.8088882125 0.4105619640625 0.8101517703125 0.435673134375 0.81086855 0.45028362812499995 0.812319609375 0.453375815625 0.8093833859374999 0.4552942875 0.8038092421874999 0.455501984375 0.8020638140624999 0.453101721875 0.800748021875 0.45149662187499995 0.7966566328125 0.4534654984375 0.7965189546875 0.4562983640625 0.7945899562500001 0.457773109375 0.768523240625 0.4560635515625 0.7676536953124999 0.43060702968750003 0.7667137937499999 0.3727008921875 0.7591411875 0.3438768734375 0.7572004015625 0.333013640625 0.7574654890625 0.321339253125 0.7555618453124999 0.3111323109375 0.755781040625 0.302101515625 0.7492416390625001 0.2991137875 0.7489560156249999 0.2960056109375 0.746947909375 0.3016025171875 0.742105634375 0.3051777109375 0.7413610890625 0.314073284375 0.7365354203125001 0.326542834375 0.735663465625 0.342483121875 0.73726880625 0.3608433109375 0.7310394921875 0.3597212171875 0.7291397765625 0.3567162828125 0.7286080859374999 0.3329176984375 0.7277995203125001 0.29348855 0.729814859375 0.2575129296875 0.7340614249999999 0.2269253 0.73990940625 0.2084618703125 0.74466230625 0.19851303125 0.7485725375000001 0.19068792968749998 0.7545597125 0.1775240234375 0.7690801984375 0.1689910109375 0.774375059375 0.163187621875 0.77626450625 0.162306425 0.7778097578125001 0.17477354218750002 0.7863343203125 0.19625546562500001 0.7964539562499999 0.201884353125 0.8015003359374999 0.1990858984375 0.8039214734375 0.1905368953125 0.8042720062500001 0.1853725921875 0.805869490625 0.18481954218750002 0.807391796875 0.1865635125 0.8087534812499999 0.1945938796875 0.8104173937500001 0.2132441515625 0.8177677703124999 0.2247464703125 0.817210721875 0.238355321875 0.8184845484375 0.28728349999999997 0.8155577015625 0.30552202500000003 0.8123041609375001 0.355054875 0.8085932140625 0.3573002765625 0.807694384375 0.35686888906249997 0.806240915625 0.35120437187500003 0.8054006546875 0.34738828437499997 0.802700234375 0.3525882171875 0.7968966296875 0.357821346875 0.7962834203125 0.3863172171875 0.7982471531249999 0.3897191265625 0.7997401734375 0.3902009171875 0.8066301093750001 0.3923074484375 0.808460984375 0.397765484375 0.806348415625
1 0.665450290625 0.7722991875 0.645503425 0.7699849234375 0.60419265 0.768670025 0.562794625 0.7708230406250001 0.5240758203125 0.7641341749999999 0.5014693734375 0.7615113421874999 0.4970830265625 0.7600871609375 0.49955333281250003 0.7576889687499999 0.5243904109375 0.749770384375 0.547570765625 0.7370222015625 0.5617006859375 0.726885065625 0.57153029375 0.71655409375 0.5870760390624999 0.7078015875 0.5977340078125 0.6998854140625 0.6144890968750001 0.6895647078125 0.628101596875 0.6767437593750001 0.6397440046875 0.668758746875 0.641229871875 0.66642939375 0.6393998671875 0.663837365625 0.617933934375 0.6586620578125 0.6091428171875 0.66026588125 0.5863778578125001 0.6695232046874999 0.5619709515625 0.6835935156249999 0.5367012718749999 0.6947568921875 0.5193931328125 0.706599903125 0.5053504625 0.713269125 0.5003410203125 0.71708123125 0.4886310015625 0.719383709375 0.46605775156249996 0.7219512734375 0.45992743281250004 0.7191654078124999 0.458977409375 0.7197263859375 0.45768081406250005 0.724762496875 0.4587820515625 0.7405109171875 0.46124992656249997 0.7475092453125 0.4648755234375 0.7522011640625 0.4675498796875 0.76215231875 0.46102015625000003 0.767801640625 0.45657975625 0.77503576875 0.455987425 0.7948589703125 0.45484690937499994 0.797411446875 0.4560021984375 0.8045015578125 0.45346184999999994 0.8106137312499999 0.457191903125 0.8120838062500001 0.4730117421875 0.8119666656250001 0.49691478437500003 0.8095533843749999 0.512528140625 0.8064834140625001 0.5325278453125 0.804837625 0.5726821125 0.8037606734375 0.6469291593750001 0.799805175 0.6691730484375 0.8019588140625 0.6797609718750001 0.797756621875 0.6822484859375 0.7956044999999999 0.6826982953125 0.7926057796875 0.679711784375 0.7876218984375 0.675844075 0.7841832703125 0.672996434375 0.7764696828125001 0.6698366375 0.7737233703124999 0.665450290625 0.7722991875
4 0.38528445312500004 0.6514396265625 0.3848518484375 0.6546844171874999 0.38588790781250004 0.655353784375 0.38262243749999997 0.6605275734375 0.38227586874999997 0.6650027109375001 0.38749057656249997 0.668841690625 0.40505316875 0.6747844921875 0.40905975000000006 0.6754934140625 0.4129630890625 0.6747259203125 0.42156614687499994 0.6657170781249999 0.43281279531249994 0.6520724765625 0.432970090625 0.6448905796875 0.41335136875 0.642553371875 0.400589303125 0.639242153125 0.3926277640625 0.6385625171875 0.3905556453125 0.637223778125 0.3806768515625 0.637420028125 0.379761240625 0.6384731421875001 0.383490078125 0.6446414765624999 0.3807260375 0.6475547515625 0.38528445312500004 0.6514396265625
0 0.68515625 0.6578125 0.0390625 0.0765625
0 0.67578125 0.51796875 0.04375 0.06875
0 0.7046875 0.80078125 0.0484375 0.078125
0 0.6328125 0.56015625 0.0375 0.0484375