4 0.31875 0.1578125 0.334375 0.1921875
3 0.38359375 0.15859375 0.0296875 0.0265625
2 0.25078125 0.20390625 0.0578125 0.0265625
2 0.3609375 0.2921875 0.0234375 0.0109375
4 0.3546875 0.353125 0.2203125 0.1046875
2 0.3609375 0.32890625 0.03125 0.0171875
4 0.37421875 0.54140625 0.1578125 0.0703125
3 0.40625 0.5265625 0.0125 0.009375
4 0.3921875 0.56953125 0.15 0.0578125
3 0.42734375 0.57421875 0.0125 0.00625
4 0.37421875 0.61640625 0.15 0.065625
1 0.24799063281249997 0.34046186093749997 0.250145975 0.32527890625 0.2541486515625 0.3137618125 0.25189571875 0.3113493546875 0.2482202546875 0.31013700312500003 0.22923748124999999 0.3091421578125 0.2015937203125 0.31126245625000004 0.19851626875 0.31161103749999997 0.1963225140625 0.31455525156249997 0.19495327812500002 0.3147384234375 0.1732453546875 0.31385569062499996 0.15321155625 0.31994385625 0.12476404375000001 0.317943121875 0.111311509375 0.3151986484375 0.10587453437500001 0.3151686421875 0.077193075 0.324117715625 0.0748527578125 0.32985849843750004 0.0756757171875 0.3400989015625 0.066675753125 0.3431962796875 0.066609134375 0.344467446875 0.0708559640625 0.34774919843749996 0.0707723859375 0.35582980000000003 0.07024306875 0.35944394218750003 0.0655565515625 0.3645519015625 0.07560598125 0.36737295625 0.08003934375 0.3670954359375 0.08253210625 0.3649316890625 0.0889860140625 0.3650149921875 0.12265732031250001 0.371113471875 0.1527864015625 0.37345726562500003 0.1629957171875 0.37322751875 0.1760101234375 0.37136025625 0.20784741874999998 0.373538640625 0.2116294734375 0.372717121875 0.2187480140625 0.3730901890625 0.2395914484375 0.37749666249999997 0.2462644203125 0.3798858328125 0.252718328125 0.37996913593750004 0.2540017390625 0.3749377578125 0.25019459374999997 0.3632663015625 0.24799063281249997 0.34046186093749997
1 0.17109375 0.4453125 0.2046875 0.0703125
1 0.23203125 0.5328125 0.14375 0.0640625
1 0.21640625 0.65625 0.140625 0.059375
1 0.203125 0.71796875 0.196875 0.075
1 0.20703125 0.840625 0.21875 0.0671875
1 0.240625 0.90078125 0.15 0.0609375
0 0.071875 0.31171875 0.040625 0.0609375
0 0.04765625 0.35078125 0.0515625 0.028125
0 0.06015625 0.42109375 0.0390625 0.0640625
0 0.1546875 0.48125 0.0328125 0.0296875
0 0.15078125 0.55859375 0.0296875 0.040625
0 0.153125 0.50859375 0.0296875 0.0234375
0 0.20078125 0.5828125 0.025 0.028125
0 0.178125 0.609375 0.0171875 0.0359375
0 0.1375 0.63203125 0.0265625 0.04375
0 0.1762532234375 0.56129723125 0.1747241015625 0.5645312078125 0.17439100624999998 0.5708870484374999 0.17567285625 0.5788571140625 0.17898269687499999 0.5805601671875 0.18307708125 0.5802648796875001 0.1867082484375 0.5628648843749999 0.1830994046875 0.560381365625 0.1762532234375 0.56129723125
0 0.096875 0.83515625 0.03125 0.0640625
0 0.11484375 0.9625 0.034375 0.0375
2 0.3828125 0.61015625 0.021875 0.0109375
0 0.13359375 0.8203125 0.0296875 0.0296875
0 0.14140625 0.6640625 0.0328125 0.0265625
0 0.2234375 0.4921875 0.021875 0.0203125
0 0.18046875 0.284375 0.021875 0.015625
0 0.0796875 0.4421875 0.0375 0.0625
4 0.309375 0.05703125 0.321875 0.1140625
1 0.2453125 0.7984375 0.1390625 0.0484375
0 0.1703125 0.78984375 0.0296875 0.028125
0 0.20234375 0.7671875 0.0375 0.0265625