4 0.0640625 0.534375 0.128125 0.36875
3 0.03203125 0.61953125 0.0203125 0.0359375
4 0.60859375 0.49453125 0.1421875 0.2671875
4 0.4453125 0.4609375 0.109375 0.215625
4 0.321875 0.45859375 0.1109375 0.2234375
3 0.33671875 0.49609375 0.0140625 0.0234375
3 0.47109375 0.51640625 0.0140625 0.021875
3 0.6234375 0.56484375 0.015625 0.028125
1 0.5859375 0.23671875 0.1015625 0.2859375
1 0.4328125 0.23828125 0.09375 0.2484375
1 0.30234375 0.2390625 0.1 0.2296875
0 0.25859375 0.10703125 0.0390625 0.0421875
0 0.3125 0.11015625 0.034375 0.0390625
0 0.39375 0.1046875 0.040625 0.06875
0 0.4484375 0.1 0.0390625 0.0546875
0 0.46640625 0.1390625 0.0234375 0.0421875
0 0.56171875 0.0890625 0.040625 0.0765625
0 0.59609375 0.07421875 0.0453125 0.0953125
0 0.6296875 0.17265625 0.0140625 0.0296875
0 0.64375 0.16953125 0.01875 0.0328125
1 0.64765625 0.271875 0.053125 0.1734375