4 0.72734375 0.896875 0.2046875 0.1375
4 0.68203125 0.8328125 0.1875 0.1234375
4 0.70625 0.77265625 0.209375 0.140625
4 0.67421875 0.68125 0.1859375 0.1171875
4 0.628125 0.57265625 0.1890625 0.109375
4 0.5046875 0.19140625 0.2046875 0.1421875
3 0.6796875 0.878125 0.0203125 0.015625
3 0.63125 0.8125 0.021875 0.0171875
3 0.665625 0.75625 0.021875 0.0171875
3 0.63984375 0.67109375 0.0203125 0.015625
3 0.5875 0.590625 0.0265625 0.0171875
3 0.54375 0.38984375 0.0171875 0.0125
3 0.46328125 0.1875 0.0203125 0.015625
3 0.54453125 0.5828125 0.0203125 0.0140625
2 0.52421875 0.18203125 0.034375 0.021875
2 0.74296875 0.86875 0.0359375 0.021875
2 0.73359375 0.76015625 0.03125 0.021875
1 0.8171875 0.64765625 0.14375 0.1015625
0 0.884375 0.5703125 0.03125 0.025
0 0.8609375 0.50390625 0.04375 0.0359375
0 0.8125 0.44453125 0.0359375 0.021875
0 0.81171875 0.428125 0.0375 0.0265625
0 0.86875 0.24296875 0.0421875 0.04375
0 0.875 0.2078125 0.046875 0.04375
0 0.8171875 0.1953125 0.0453125 0.0375
0 0.79296875 0.178125 0.04375 0.028125
0 0.79765625 0.2140625 0.0421875 0.0234375
0 0.75078125 0.1546875 0.04375 0.05
0 0.74765625 0.103125 0.0484375 0.034375
1 0.6625 0.1515625 0.1734375 0.1125