4 0.52421875 0.3953125 0.20625 0.3453125
1 0.5921875 0.73515625 0.203125 0.4609375
0 0.65234375 0.89609375 0.0453125 0.0890625
0 0.628125 0.9640625 0.0625 0.05
0 0.54921875 0.8125 0.028125 0.0453125
0 0.53046875 0.81015625 0.0265625 0.040625
3 0.4765625 0.3328125 0.01875 0.0265625
3 0.45 0.434375 0.0125 0.01875
2 0.54765625 0.5046875 0.028125 0.0625
1 0.509375 0.678125 0.09375 0.24375
1 0.37421875 0.65078125 0.0578125 0.134375
4 0.35234375 0.5359375 0.071875 0.1375
3 0.334375 0.51328125 0.0078125 0.0140625
0 0.38984375 0.72421875 0.0234375 0.028125
0 0.3796875 0.728125 0.021875 0.025