4 0.39921875 0.28125 0.3140625 0.171875
4 0.40546875 0.5015625 0.3453125 0.2
4 0.41875 0.83203125 0.5921875 0.2671875
1 0.70859375 0.45 0.35625 0.1484375
1 0.67578125 0.234375 0.2828125 0.1125
1 0.64765625 0.11640625 0.246875 0.13125
0 0.7734375 0.065625 0.053125 0.0625
0 0.734375 0.1578125 0.103125 0.0390625
0 0.83671875 0.20234375 0.0640625 0.053125
0 0.8 0.24765625 0.1015625 0.0484375
0 0.88203125 0.3953125 0.1015625 0.059375
0 0.9046875 0.4390625 0.0859375 0.053125
3 0.3484375 0.30234375 0.0296875 0.01875
3 0.3203125 0.54375 0.0296875 0.01875
2 0.41796875 0.51875 0.046875 0.0375
2 0.50078125 0.8765625 0.109375 0.0453125
3 0.2984375 0.92890625 0.0484375 0.0203125