4 0.92265625 0.396875 0.1390625 0.2296875
4 0.78203125 0.40703125 0.15625 0.2609375
4 0.63828125 0.43515625 0.0703125 0.1484375
4 0.48359375 0.25703125 0.0953125 0.1609375
4 0.40390625 0.25703125 0.096875 0.1640625
4 0.18046875 0.36875 0.1375 0.1890625
4 0.271875 0.390625 0.0875 0.1828125
4 0.35078125 0.4140625 0.096875 0.165625
4 0.4875 0.403125 0.0921875 0.1625
3 0.15546875 0.39921875 0.0203125 0.025
3 0.3890625 0.28515625 0.015625 0.021875
3 0.4765625 0.44140625 0.0109375 0.0140625
4 0.44765625 0.46171875 0.0125 0.01875
3 0.87890625 0.42890625 0.0140625 0.028125
3 0.7453125 0.45703125 0.015625 0.021875
3 0.24140625 0.41953125 0.0140625 0.025
3 0.225 0.4921875 0.0125 0.0140625
3 0.4609375 0.28046875 0.0078125 0.015625
3 0.60859375 0.46875 0.009375 0.0140625
3 0.67109375 0.51640625 0.009375 0.015625
0 0.7609375 0.078125 0.053125 0.0703125
0 0.74609375 0.12265625 0.0328125 0.0515625
0 0.69375 0.1421875 0.0609375 0.0484375
0 0.5953125 0.1453125 0.0265625 0.05
0 0.57265625 0.146875 0.0265625 0.0421875
1 0.70859375 0.2609375 0.06875 0.1984375
0 0.6703125 0.1765625 0.0203125 0.034375
0 0.6328125 0.1796875 0.0296875 0.0375
1 0.57421875 0.26015625 0.0828125 0.209375
1 0.64609375 0.27890625 0.0625 0.1734375
1 0.79921875 0.196875 0.0984375 0.19375
1 0.35546875 0.24921875 0.065625 0.1859375
2 0.3609375 0.3578125 0.01875 0.040625
2 0.26796875 0.3734375 0.0234375 0.03125