4 0.731166684375 0.47957409375 0.712868275 0.47282339999999995 0.7020132890624999 0.47631513437499995 0.68743658125 0.47491844843750003 0.6595237609375 0.48422973281250004 0.6375036515625 0.517284803125 0.6254080921875 0.5224060140625 0.6362630765625 0.5347434703125 0.656732496875 0.544985909375 0.6604541968750001 0.552434925 0.6663469078125 0.56128065625 0.665416471875 0.5817654828125 0.6233905 0.601248878125 0.6050897578125001 0.6238117 0.6063303328125 0.64080479375 0.6419967140625 0.6813976578125 0.65037055 0.680466525 0.673941371875 0.6930367703125 0.701544053125 0.7074692609375 0.7282162984375 0.7137543749999999 0.741862571875 0.7154295078125 0.7710159671875 0.71100666875 0.7812506765625 0.7056526625 0.7828013890625 0.6653813375000001 0.8066851984375001 0.5952634453125001 0.824363309375 0.5992207453125 0.8811193859375 0.60154856875 0.889493221875 0.60154856875 0.8881799671874999 0.58110741875 0.8950031390625 0.5266363734375 0.8801162921874999 0.52826585 0.8670903187500001 0.523842984375 0.851583196875 0.5294297625 0.8351456374999999 0.52826585 0.8242906515625 0.5229118609375 0.754237396875 0.517694875 0.7423318078125 0.524035490625 0.733027534375 0.521474890625 0.730236246875 0.5107669015625 0.731166684375 0.47957409375
1 0.653205603125 0.6792677968749999 0.6432069874999999 0.6830201046875 0.6673703078125001 0.72617161875 0.6607045734375 0.7393046921875001 0.647789709375 0.7452458359375 0.6232097890625 0.7386793046875 0.654038840625 0.7996542984375 0.6665371015625 0.807784278125 0.6965329171875 0.8637561765624999 0.72277928125 0.874387690625 0.7394436296875 0.8671957859375 0.7448595234375001 0.8550007875000001 0.722362646875 0.7868339 0.7610630140625 0.7141606671875 0.74402631875 0.71522739375 0.72277928125 0.7136639328125 0.6894505828125 0.70428316875 0.653205603125 0.6792677968749999
2 0.70078125 0.6796875 0.0609375 0.0484375
4 0.2842512828125 0.50793605 0.2769068078125 0.51000323125 0.29343188750000004 0.5241290484375 0.281497109375 0.5410111328125 0.25716849375 0.5292970312499999 0.2438566125 0.520683725 0.21906900937499998 0.5227509265625 0.19841265 0.5189610640625 0.1809694875 0.53101969375 0.15296865312500002 0.5561705578125 0.1336893640625 0.5740862234375 0.1226726671875 0.5995816421875 0.1621492578125 0.5975144265625 0.1763791859375 0.6002706828125 0.18326463906249998 0.6085394484375 0.1860188140625 0.69168085 0.1933632890625 0.722688778125 0.21218355625 0.7488732109375 0.22228220625 0.7554193296875 0.2631359015625 0.7526630609375 0.2948089921875 0.7457724156250001 0.310415990625 0.7337137874999999 0.35677806875 0.7033949515625 0.36182739375 0.6968488609375 0.362745440625 0.6858238 0.374221196875 0.6437908625000001 0.3470255 0.6117715921875 0.342894221875 0.5983348421875 0.3465664421875 0.56594880625 0.3438122671875 0.5404897828124999 0.3323365125 0.52464130625 0.32131978125 0.49638965781250005 0.31076210625 0.49225527500000005 0.2951550734375 0.48708729218749997 0.2698400859375 0.48387000625 0.2792019578125 0.49518834062500006 0.2989402359375 0.5007008578125001 0.2984812125 0.507591503125 0.2842512828125 0.50793605
2 0.35703125 0.671875 0.03828125 0.0515625
4 0.4639803171875 0.624528515625 0.44733177812499997 0.6187165109375 0.4395882765625 0.608836103125 0.41868081718749994 0.6134857078125 0.4016451390625 0.6224943171875 0.3745428859375 0.6726599328125 0.37570439375000003 0.685446353125 0.38538376875 0.7014293671875 0.400483603125 0.70869436875 0.415196265625 0.7072413671875 0.42990890000000004 0.68573694375 0.445395903125 0.7145063734375 0.4361036953125 0.7278739796875 0.42255256875 0.7551904078125 0.4310704375 0.7833786234375 0.4446215640625 0.7889000546875 0.4848877765625 0.7514125953125 0.51741045625 0.8569004843749999 0.5778097875 0.8258062671875 0.5994915859375001 0.8130198500000001 0.60762225625 0.8063360578125 0.590199378125 0.7310347890625 0.6006530921875 0.6830857484374999 0.6242707640625 0.690060146875 0.638983428125 0.6952909609375 0.650211540625 0.698487559375 0.645178253125 0.6877353484375 0.6262066390625 0.6697181296875 0.6111068359375 0.65053851875 0.588650671875 0.6296152984375001 0.56735604375 0.6159570890625 0.5433512031250001 0.60840148125 0.5251539578125 0.604623675 0.5139259046875 0.5970680734375 0.5139259046875 0.60723908125 0.504633696875 0.6304871015625 0.504246528125 0.6389145078125 0.48801890625000005 0.6557179375 0.46901357499999996 0.63993033125 0.46165727187499994 0.62888751875 0.4639803171875 0.624528515625
2 0.47578125 0.76875 0.03125 0.0390625
3 0.79921875 0.5546875 0.025 0.025
3 0.53515625 0.68828125 0.03125 0.0109375
3 0.3234375 0.525 0.021875 0.021875
3 0.365625 0.50078125 0.01953125 0.01640625
2 0.36015625 0.58828125 0.0203125 0.03515625
4 0.5225658984375 0.41207266249999996 0.52735403125 0.43453398125 0.5270547765625 0.4493584484375 0.5228651515625 0.4587922203125 0.5177777421875 0.4617121734375 0.513588140625 0.47294283125 0.49712891875 0.457219909375 0.48485929843750003 0.4403739203125 0.47288895468750003 0.41858644062500006 0.4713926625 0.4127465015625 0.46271418124999997 0.4057834953125 0.45762677187499995 0.41454340468749995 0.44894826718749997 0.41926028750000005 0.42710239375 0.42644790156249995 0.4145335421875 0.435657046875 0.4016654125 0.45070613125000003 0.392986921875 0.4648567609375 0.38969506875 0.510756896875 0.4187231546875 0.5127784109375 0.43847421718749996 0.514350721875 0.43308757656249997 0.5273782671875 0.43548163124999995 0.530747465625 0.44715272031250003 0.5246829078124999 0.464509728125 0.5258059734375 0.4779763640625 0.5192921968750001 0.49922371875 0.5240090687500001 0.5195733125 0.5408550578125 0.5204710734375 0.5739766109375 0.5141866484375 0.5905979890624999 0.536032534375 0.5865549453125001 0.5509954640625 0.5822873093750001 0.5629658078124999 0.5737520015625 0.57224281875 0.5625213421875 0.5758339125 0.545675353125 0.5761331671875001 0.5304016593750001 0.5665569015624999 0.5236632625000001 0.55967394375 0.51445411875 0.5665569015624999 0.495811225 0.55967394375 0.45887980937500006 0.56176876875 0.4528152515625 0.5623672765625 0.4339477453125 0.5644621 0.4256370609375 0.5732508015625 0.4195558390625 0.5554843421875 0.41184804531249997 0.532740671875 0.407131171875 0.5234636609375001 0.40376197343750003 0.5225658984375 0.41207266249999996
2 0.534375 0.5625 0.02578125 0.0359375
4 0.6587082421875 0.40972534843749997 0.6486003828125 0.42061895937499993 0.6395292109375 0.41497762812500005 0.6299396734375 0.40447306875000005 0.6169808578125 0.395719271875 0.611538159375 0.388521703125 0.609464740625 0.382880371875 0.6092055671875001 0.392023228125 0.6068729765625 0.39785909375 0.6133523859375 0.40155513593750003 0.6206093312500001 0.40816911874999995 0.6260520296875 0.4177010265625 0.618795103125 0.43306882187499995 0.634345684375 0.4385156125 0.6498962640625 0.43773750156249996 0.6568940171875 0.44493506875 0.664410134375 0.45388339218749996 0.668297778125 0.4715855109375 0.6825524765625001 0.4717800375 0.7014723578125001 0.4754760875 0.7087293015625 0.4731417484375 0.7038049281250001 0.46983474843749995 0.68877269375 0.45505056250000003 0.6815158078125 0.4365703234375 0.6747771874999999 0.42762200000000006 0.6752955328125 0.41478309375 0.6784056609375 0.40427854218750003 0.688513540625 0.3928013390625 0.69395621875 0.3889107625 0.7009540125 0.3826858390625 0.69291953125 0.3797679109375 0.6791831765625 0.378211678125 0.6683716734375 0.3725027484375 0.66726106875 0.378211678125 0.663632596875 0.3988317375 0.6587082421875 0.40972534843749997
0 0.72344233125 0.8872494578125 0.7082949625 0.8941521187499999 0.6990983374999999 0.8947611828124999 0.6885492703125 0.8882645546875001 0.681516565625 0.8766924375 0.6790821625000001 0.8663384359374999 0.6812460812500001 0.8634961656250001 0.6623118640625 0.868774671875 0.6558201296874999 0.8742562171875001 0.6523037671874999 0.8817679265624999 0.6523037671874999 0.8884675874999999 0.662852834375 0.89638533125 0.677459234375 0.90186686875 0.6936885625 0.90410008125 0.709106415625 0.8994306234374999 0.72344233125 0.8917158890625 0.7380487296875 0.8860313359375 0.7488682828125001 0.8807528296875 0.7542780578125 0.8742562171875001 0.746741503125 0.8573053796875 0.7442699609375001 0.8661354187500001 0.7366962859374999 0.8728350624999999 0.729934065625 0.8807528296875 0.72344233125 0.8872494578125
0 0.6379678734375 0.8151876296875 0.6417547203125 0.8082849609375 0.6528447578125001 0.797524921875 0.6523037671874999 0.7956977453125 0.63364005625 0.8166087609374999 0.62877125 0.8237144453124999 0.6260663625 0.8371137421875 0.62877125 0.8450314999999999 0.6368859140625001 0.8525432265624999 0.6452710625 0.8535583250000001 0.6552791609375 0.84807679375 0.665016753125 0.8417831906250001 0.6723199421875 0.8277748375 0.6736973203125001 0.819007909375 0.6666396812500001 0.8314291953125 0.6547381703124999 0.829602015625 0.645541546875 0.8245265265624999 0.6379678734375 0.8151876296875