4 0.259375 0.55 0.51875 0.271875
4 0.3640625 0.20703125 0.2671875 0.1828125
1 0.71875 0.5140625 0.4984375 0.3234375
1 0.70703125 0.72109375 0.334375 0.2
1 0.58515625 0.35234375 0.2078125 0.1328125
1 0.56640625 0.16953125 0.2453125 0.153125
0 0.965625 0.41875 0.06875 0.121875
0 0.9671875 0.60546875 0.065625 0.1703125
0 0.89453125 0.78671875 0.0640625 0.103125
0 0.88671875 0.6515625 0.0859375 0.1046875
0 0.70546875 0.36015625 0.0734375 0.0546875
0 0.70078125 0.30625 0.0421875 0.0453125
0 0.69453125 0.159375 0.0515625 0.05625
0 0.69453125 0.11484375 0.0640625 0.053125
0 0.66328125 0.271875 0.046875 0.0578125
2 0.2625 0.62109375 0.0859375 0.059375
2 0.37109375 0.1953125 0.0375 0.0265625
3 0.31796875 0.234375 0.025 0.021875