4 0.734375 0.4640625 0.1375 0.159375
4 0.55703125 0.45390625 0.153125 0.334375
4 0.47421875 0.42421875 0.053125 0.175
4 0.1484375 0.47265625 0.184375 0.4234375
1 0.74609375 0.1703125 0.103125 0.2796875
1 0.54375 0.165625 0.146875 0.33125
1 0.48125 0.2171875 0.0671875 0.209375
0 0.515625 0.01015625 0.0484375 0.0203125
0 0.77109375 0.0203125 0.0453125 0.040625
0 0.73125 0.02421875 0.0296875 0.0484375
0 0.49609375 0.09765625 0.025 0.04375
0 0.45859375 0.12734375 0.028125 0.059375
3 0.4765625 0.46875 0.0078125 0.01875
3 0.53046875 0.5484375 0.015625 0.025
3 0.7328125 0.4734375 0.0125 0.025