4 0.49921875 0.6640625 0.29375 0.1234375
4 0.49140625 0.5625 0.3328125 0.165625
4 0.4421875 0.1421875 0.246875 0.1140625
3 0.43125 0.7453125 0.0296875 0.01875
3 0.4359375 0.6421875 0.0234375 0.01875
3 0.48046875 0.55234375 0.0421875 0.01875
3 0.3921875 0.14375 0.0234375 0.0140625
3 0.37265625 0.4515625 0.0203125 0.0109375
2 0.5171875 0.6734375 0.0453125 0.0234375
2 0.5546875 0.78671875 0.040625 0.01875
0 0.73828125 0.21484375 0.0390625 0.053125
0 0.759375 0.16953125 0.0421875 0.025
1 0.64453125 0.17578125 0.1859375 0.090625