4 0.66953125 0.72265625 0.165625 0.1140625
4 0.66015625 0.63671875 0.1796875 0.1296875
2 0.66953125 0.71484375 0.0265625 0.01875
3 0.7046875 0.725 0.01875 0.015625
1 0.5453125 0.74921875 0.146875 0.0984375
1 0.390625 0.63125 0.396875 0.234375
1 0.51015625 0.6984375 0.171875 0.1171875
1 0.503125 0.88203125 0.2453125 0.1609375
0 0.35390625 0.60234375 0.0515625 0.0734375
0 0.38203125 0.71171875 0.05 0.05
0 0.19453125 0.59140625 0.14375 0.0875
0 0.209375 0.7578125 0.075 0.103125
0 0.375 0.90703125 0.0640625 0.0890625
0 0.39140625 0.9515625 0.0328125 0.028125
0 0.4359375 0.87265625 0.0265625 0.034375
0 0.453125 0.86484375 0.028125 0.0359375
0 0.4453125 0.75078125 0.04375 0.05
0 0.4796875 0.78984375 0.0375 0.0484375
0 0.46875 0.76171875 0.0421875 0.0359375
0 0.41796875 0.7109375 0.021875 0.0203125