1 0.5671875 0.44765625 0.2796875 0.1296875
0 0.43046875 0.37734375 0.0578125 0.0640625
0 0.39453125 0.48203125 0.046875 0.075
0 0.41328125 0.57578125 0.05625 0.0625
1 0.56640625 0.65078125 0.4578125 0.1390625
0 0.30234375 0.6359375 0.0765625 0.05
0 0.2015625 0.78359375 0.0625 0.103125
0 0.21953125 0.85703125 0.053125 0.0546875
1 0.41328125 0.82421875 0.375 0.1375
4 0.825 0.47734375 0.2625 0.10625
3 0.88828125 0.46328125 0.028125 0.0171875
4 0.85546875 0.56953125 0.2875 0.0953125
3 0.9359375 0.540625 0.021875 0.015625
2 0.7953125 0.42734375 0.0515625 0.0328125
2 0.81328125 0.52734375 0.05 0.0203125
1 0.57734375 0.553125 0.284375 0.1203125
0 0.28359375 0.709375 0.075 0.1140625