1 0.820769846875 0.752496434375 0.8307939046874999 0.73323823125 0.8303929437500001 0.8045649078125001 0.8327987171875 0.8288159765625001 0.8291900562500001 0.870898715625 0.8179631109375001 0.9151212546874999 0.821972734375 0.941512125 0.8504410578125 0.949358059375 0.876503609375 0.9400855921875 0.8834450687500001 0.920077921875 0.8761205890625 0.91105755 0.8793103453125 0.8965763203125 0.8849238171874999 0.8837375171874999 0.888933440625 0.8601997140625001 0.8945469125000001 0.761055634375 0.9029671203125 0.6683309562499999 0.9113873296874999 0.6340941515625 0.90817963125 0.5599144078125 0.9053728953125001 0.5456490734375 0.9041700078125 0.5164051359374999 0.9005613468749999 0.512125534375 0.9001603843750001 0.505706134375 0.8680834000000001 0.48858773125 0.822774659375 0.49786020000000003 0.7746591828125 0.4971469328125 0.7730553328124999 0.5135520687499999 0.77746591875 0.54493580625 0.782277465625 0.5563480734375 0.7902967125 0.586305278125 0.794707296875 0.6069900140625 0.80112269375 0.626961484375 0.8003207703124999 0.6455064187499999 0.790697675 0.658345221875 0.7754611062500001 0.666904421875 0.7674418609375 0.6811697578125 0.7626303125 0.70185449375 0.755412990625 0.7111269609375 0.7357658375 0.7539229671875 0.7205292703125 0.7653352359375 0.7129109859375 0.7803138374999999 0.70033305 0.7857746078125001 0.705967265625 0.804817615625 0.741780271875 0.8744650500000001 0.7453889328125001 0.8616262484374999 0.7850842015625 0.8145506421875 0.820769846875 0.752496434375
0 0.91048930625 1 0.9127429921875001 0.993243159375 0.8902061281250001 0.9792114703125 0.8834450687500001 0.9601684625000001 0.8795011171875 0.944132246875 0.8547105671875 0.9471390375000001 0.8400616062499999 0.9471390375000001 0.8265394875000001 0.945134509375 0.8225955359375 0.9461367734374999 0.8248492234375 0.9782092062500001 0.8242858015625 0.9922408953125 0.8473860875 1 0.91048930625 1
0 0.7093477953125 0.9351118749999999 0.725687021875 0.9601684625000001 0.735828609375 0.9611707265625 0.7403359828125 0.9491435640624999 0.7414628265625 0.8719692718750001 0.7206162265625 0.8398968390625001 0.71160148125 0.8188493046875 0.7008964703125 0.7857746078125001 0.69920620625 0.798804034375 0.70033305 0.8338832578125001 0.699769628125 0.8679602187500001 0.7014598921874999 0.8990303875000001 0.7093477953125 0.9351118749999999
1 0.5368885328124999 0.711840228125 0.5368885328124999 0.7182596296875 0.5617129000000001 0.74397780625 0.572173215625 0.711840228125 0.5765838015625 0.6968616265625001 0.5982357656249999 0.649072753125 0.6042502 0.6419400859375 0.6038492375 0.6362339515625 0.6094627109374999 0.626961484375 0.6150761828125 0.599857346875 0.61780111875 0.55779076875 0.6267040890625 0.6562054203125001 0.626303128125 0.6868758921875 0.6291098640625 0.7025677609375001 0.6291098640625 0.73537803125 0.626303128125 0.747503565625 0.626843825 0.7739721687500001 0.6295108265625 0.7753209703125 0.6543704890625001 0.776747503125 0.6575781875 0.756776034375 0.6567762625 0.6519258203125 0.6582452171875001 0.5540779515625001 0.655768284375 0.5342501125 0.6571772250000001 0.5206847359375 0.6150761828125 0.505706134375 0.584202084375 0.4828815984375 0.5753809140625 0.5021397999999999 0.5753809140625 0.523537803125 0.5545308734375001 0.6554921546875 0.53969526875 0.707560628125 0.5368885328124999 0.711840228125
0 0.6796311140625 0.8031383734374999 0.677626303125 0.7945791718749999 0.6684041703125 0.79172610625 0.65797915 0.7810271046875 0.6339214109375 0.7796005703125 0.6267040890625 0.783880171875 0.6275060140625001 0.80242510625 0.6343223734375 0.8059914406249999 0.676423415625 0.811697575 0.6796311140625 0.8031383734374999
0 0.5505212515625 0.79172610625 0.5569366484375 0.790299571875 0.558941459375 0.7845934375 0.558941459375 0.7738944359375 0.5565356859375 0.7460770328125 0.5481577328125 0.7333915609375 0.5425020046875 0.7168330953125001 0.5425020046875 0.7011412265625 0.5368885328124999 0.7025677609375001 0.5348837203125 0.7089871609375 0.533279871875 0.73109843125 0.5360866078125001 0.77104136875 0.5429029671875 0.7867332375 0.5505212515625 0.79172610625
4 0.580227275 0.47755729531249996 0.595766125 0.49284853906250004 0.6063457671875 0.4963772875 0.6265132109375 0.5069635328125 0.65329293125 0.518137903125 0.6595829984375 0.5156918687500001 0.6603849234375 0.4935805984375 0.6575781875 0.47503566406250003 0.6565990703125 0.45167980625000004 0.6536235453125 0.42403794375 0.6556072281249999 0.38698608437500004 0.661558278125 0.388162334375 0.6663993578125 0.384450784375 0.6680032078125 0.311697575 0.664394546875 0.2867332375 0.653954159375 0.26583238593749997 0.6473418828125 0.24230739687499997 0.646350040625 0.255246140625 0.6394071515624999 0.2746542578125 0.6335204484375 0.2503566328125 0.6291098640625 0.23965763125 0.623897353125 0.2168330953125 0.6146752203125 0.2239657625 0.6042502 0.225392296875 0.5958299921875 0.2225392296875 0.5874097828125 0.227532096875 0.5801924625 0.2460770328125 0.572574178125 0.27104136875 0.5858477093750001 0.3093536171875 0.5809943859375 0.472182596875 0.580227275 0.47755729531249996
3 0.6546875 0.3140625 0.01015625 0.021875
2 0.634375 0.403125 0.01953125 0.0453125
3 0.52890625 0.25234375 0.0171875 0.03046875
4 0.792866065625 0.0388277875 0.7721304078125 0.058241681249999996 0.7470293484375 0.0893039109375 0.7377528703125 0.1174540578125 0.7344788203125 0.1698715703125 0.7388442203125 0.23879089375 0.7552144765625 0.22423047187499998 0.7792241859375 0.2310253359375 0.7503034000000001 0.2960618796875 0.7568515031249999 0.3620691171875 0.76503663125 0.5076733203125 0.773272253125 0.49119179375 0.7732217593749999 0.4950542890625 0.8359744062500001 0.49796637343750005 0.8648951921875 0.4843766484375 0.8747173453125001 0.46690414375 0.8485249359375 0.393131346875 0.8528903375000001 0.31159299375 0.86762356875 0.2504392296875 0.8796284218749999 0.24849783906249998 0.8818111234374999 0.2154942203125 0.8921789515625 0.20287518906250002 0.895998678125 0.1766664328125 0.8916332765625 0.168900875 0.8878135500000001 0.1300730875 0.8769000468750001 0.099981553125 0.86980626875 0.08153835312499999 0.8545273625 0.0504761234375 0.8507076375 0.049505428125 0.8534360124999999 0.0708607125 0.8545273625 0.0893039109375 0.8343373812499999 0.0465933453125 0.8185128 0.02620875625 0.7977771421875001 0.02620875625 0.791774715625 0.0339743140625 0.792866065625 0.0388277875
2 0.8828125 0.1515625 0.015625 0.03984375
1 0.43704891718749994 0.792439371875 0.43303929375 0.8102710406250001 0.43504410625 0.8131241078125001 0.440657578125 0.8131241078125001 0.4458700875 0.8302425109374999 0.4510825984375 0.8316690437500001 0.453889334375 0.817403709375 0.45910184374999996 0.8145506421875 0.4627105046875 0.808131240625 0.46712109062499996 0.8067047078125 0.4711307140625 0.7910128390625 0.473135525 0.77104136875 0.47393745000000004 0.768188303125 0.47714514843750006 0.768188303125 0.48837209374999996 0.8045649078125001 0.500801925 0.8580599140625 0.506014434375 0.86091298125 0.51162790625 0.8473609124999999 0.518845228125 0.8409415125 0.5168404171875001 0.8288159765625001 0.520449078125 0.8166904421875 0.507217321875 0.7417974328125 0.506415396875 0.682596290625 0.5028067359375 0.6626248218749999 0.5048115484375 0.6554921546875 0.5028067359375 0.646932953125 0.5032076984375 0.633380884375 0.5216519640625 0.570613409375 0.5272654375 0.5328102703125001 0.5272654375 0.5092724671875 0.5256615874999999 0.5071326671875 0.5172413796875001 0.5085592015625 0.507217321875 0.5285306703125 0.5004009625 0.5328102703125001 0.492381715625 0.5271041375000001 0.4831595828125 0.5149786015625 0.4587008828125 0.49072753281250003 0.454691259375 0.490014265625 0.44827586249999996 0.5049928671874999 0.4494787484375 0.543509271875 0.46602434375 0.644781503125 0.4382518046875 0.7753209703125 0.43704891718749994 0.792439371875
0 0.4466720125 0.8480741796875 0.4514835609375 0.8687589156250001 0.4623095421875 0.873038515625 0.47514033749999995 0.873038515625 0.48035284687499996 0.8694721828124999 0.481555734375 0.8637660484374999 0.480753809375 0.8573466468750001 0.473135525 0.8480741796875 0.45950280625 0.811697575 0.44827586249999996 0.8209700421875 0.4374498796875 0.8067047078125 0.43544506875 0.7974322390624999 0.43143544531250005 0.8088445078125 0.43143544531250005 0.8266761765625 0.43344025625000004 0.82524964375 0.43544506875 0.8330955781249999 0.4466720125 0.8480741796875
0 0.521251003125 0.898002853125 0.5272654375 0.8873038515625 0.5388933437500001 0.87660485 0.544907778125 0.8637660484374999 0.544907778125 0.8480741796875 0.54089815625 0.8373751781250001 0.534081796875 0.8373751781250001 0.5292702484375 0.8416547781249999 0.5172413796875001 0.8380884453125 0.5088211703125001 0.855206846875 0.5020048109374999 0.86091298125 0.5028067359375 0.8965763203125 0.505212509375 0.9044222546875 0.5096230953124999 0.9079885875 0.521251003125 0.898002853125
0 0.1956696078125 0.731811696875 0.19767441875 0.7225392296875001 0.19687249375 0.7068473609375 0.1868484359375 0.7025677609375001 0.1852445875 0.690442225 0.184843625 0.6990014265625 0.1816359265625 0.7047075609375 0.1812349640625 0.716119828125 0.1840417 0.7282453640625 0.1888532484375 0.73323823125 0.1956696078125 0.731811696875
0 0.23616679999999998 0.7539229671875 0.2457898953125 0.7539229671875 0.24899759375000002 0.7510699 0.24939855625 0.7439372328125 0.242181234375 0.7282453640625 0.24017642343749998 0.7189728953125 0.2337610265625 0.7175463625 0.22814755468749998 0.721112696875 0.2253408171875 0.7282453640625 0.2253408171875 0.7467903 0.22654370468749999 0.7496433671875 0.23616679999999998 0.7539229671875