4 0.4234375 0.75703125 0.509375 0.2234375
3 0.31640625 0.68671875 0.04375 0.021875
2 0.43515625 0.7328125 0.078125 0.028125
4 0.5734375 0.61640625 0.196875 0.0640625
3 0.52421875 0.615625 0.01875 0.009375
4 0.53359375 0.52109375 0.234375 0.1109375
3 0.475 0.5015625 0.025 0.0140625
4 0.3703125 0.23671875 0.5796875 0.225
1 0.78671875 0.53203125 0.278125 0.0734375
1 0.75625 0.6234375 0.1640625 0.053125
0 0.82578125 0.609375 0.0421875 0.015625
0 0.85 0.64140625 0.03125 0.021875
0 0.95234375 0.54609375 0.0375 0.059375
0 0.8859375 0.8453125 0.075 0.040625