4 0.91015625 0.37265625 0.1796875 0.5984375
4 0.8265625 0.3390625 0.225 0.478125
4 0.5625 0.246875 0.240625 0.49375
4 0.4421875 0.2703125 0.2390625 0.5078125
4 0.30078125 0.32265625 0.2046875 0.4609375
4 0.1578125 0.4 0.2390625 0.5921875
4 0.10859375 0.21484375 0.1890625 0.4234375
3 0.13359375 0.13984375 0.015625 0.03125
3 0.540625 0.10546875 0.0203125 0.0453125
3 0.41953125 0.15546875 0.0203125 0.046875
3 0.303125 0.20390625 0.0265625 0.046875
3 0.80234375 0.18203125 0.01875 0.0453125
3 0.91953125 0.2234375 0.01875 0.0390625
2 0.90625 0.4390625 0.028125 0.084375
2 0.76875 0.3328125 0.034375 0.0828125
2 0.65234375 0.39375 0.0453125 0.1
2 0.534375 0.26484375 0.0375 0.0859375
2 0.321875 0.3171875 0.0375 0.084375
2 0.159375 0.51484375 0.0375 0.0875
1 0.4796875 0.72578125 0.19375 0.5484375
1 0.6 0.78984375 0.203125 0.4203125
1 0.73359375 0.76640625 0.2265625 0.4671875
1 0.04765625 0.63828125 0.0953125 0.5015625
1 0.3546875 0.7203125 0.2234375 0.4953125
1 0.85703125 0.79609375 0.1953125 0.4078125
1 0.2390625 0.72890625 0.19375 0.4546875