4 0.10784398906249999 0.0482449703125 0.0950351015625 0.0653301609375 0.08734976718750001 0.07638528125 0.0422624828125 0.10955065625 0.008959371875 0.285427640625 0.05558371875 0.3155779796875 0.0376512734375 0.4914549640625 0.0448242609375 0.5537657515625 0.055071371875 0.56582581875 0.0694173234375 0.5547706703124999 0.09401040468750001 0.54170553125 0.1083563375 0.5366804734375 0.1227023078125 0.50753516875 0.123727003125 0.4844198765625 0.1170664046875 0.460299628125 0.11604167031249998 0.44019940156250004 0.1186034484375 0.4241191984375 0.11245519687500001 0.39396885625 0.11604167031249998 0.36783857656249996 0.1303876421875 0.34773835000000003 0.14012240468749998 0.343718290625 0.1565177671875 0.3346732109375 0.169839003125 0.34271329375000004 0.1821355453125 0.35678346875 0.1846973234375 0.33266318125 0.21543865625 0.3165830140625 0.1995556421875 0.13568095468750002 0.1780366859375 0.10653562968750001 0.160104240625 0.08744041875 0.149376596875 0.06553853125 0.1472953515625 0.093470471875 0.1365358921875 0.1316609140625 0.12987529375 0.1557812203125 0.12628878125 0.12864586875 0.11604167031249998 0.1135706984375 0.1063069078125 0.0824153625 0.1037451296875 0.064325146875 0.10784398906249999 0.0482449703125
4 0.2166485984375 0.3141664265625 0.20017789062500002 0.32735341406249996 0.19984175937499998 0.49758545937500004 0.2045476796875 0.5008822046875 0.20320312812500002 0.5272561796875 0.19984175937499998 0.5272561796875 0.1991694703125 0.5569269 0.23412770312500003 0.5509927453125 0.24824546406249998 0.5384650984375 0.26269933125 0.5180252796875 0.248917728125 0.45670576875 0.24387567500000001 0.4501122765625 0.24118657031250001 0.27538470312499996 0.2660606984375 0.2562635984375 0.2579934109375 0.08901119843750001 0.2351361234375 0.0659339703125 0.22874951875 0.0679120125 0.214967915625 0.060659181250000006 0.211942678125 0.032966503125000005 0.20488381093750002 0.1028575359375 0.1971526546875 0.1259347625 0.1759760515625 0.09758273281249999 0.16757263125 0.0705494203125 0.1655557890625 0.0487908859375 0.16860077499999998 0.0339365765625 0.158833053125 0.0497673453125 0.154127159375 0.061635628124999994 0.1490851078125 0.06361367812499999 0.1497573703125 0.0820754671875 0.1595053421875 0.09130635625 0.1763121828125 0.10844944062499999 0.1944635765625 0.1341640609375 0.2166485984375 0.3141664265625
3 0.1515625 0.2296875 0.025 0.0484375
4 0.252053153125 0.0199593921875 0.2214054171875 0.032088290625 0.21334021875000003 0.045271857812499997 0.2157597625 0.067420271875 0.2340408859375 0.0663655828125 0.25501040937499997 0.0842952578125 0.2660328421875 0.2562091265625 0.25554808125 0.26391513906249997 0.26253791406250004 0.4606450671875 0.25796764375 0.49703173125 0.26710820625 0.504941878125 0.2851204734375 0.5038871875 0.2851204734375 0.495977040625 0.3163059015625 0.49228565468749996 0.31173563125000003 0.4717193046875 0.30393926875 0.447461490625 0.30393926875 0.4163482375 0.30958490312500003 0.36572330468750003 0.33883994687499996 0.3351912703125 0.3335017765625 0.309489490625 0.33010473125 0.244758978125 0.33883994687499996 0.22381679375000002 0.3621338328125 0.2181052578125 0.3563103796875 0.0810289640625 0.3412663921875 0.050567553125 0.311663771875 0.021058065625 0.3055876453125 0.0021081359375 0.303401596875 0.017936625 0.291841471875 0.057487359375000005 0.2848516375 0.08701859687499999 0.2767864390625 0.0474678421875 0.2724850046875 0.0358662890625 0.26683935000000003 0.007917107812500001 0.2638821140625 0 0.252053153125 0.0199593921875
3 0.21875 0.1921875 0.021875 0.046875
2 0.10625 0.465625 0.01640625 0.09609375
3 0.31796875 0.13984375 0.01953125 0.040625
2 0.27109375 0.35703125 0.02421875 0.07734375
4 0.43035829531249997 0.2764931453125 0.4450262234375 0.27910876875 0.458360703125 0.27073873437499996 0.46582800156250004 0.2602762515625 0.46876158281249997 0.28482016875 0.46182765625 0.32876272968750003 0.4612942859375 0.399907721875 0.4900967515625 0.40409269999999997 0.5023644890625001 0.4255408640625 0.5114319187499999 0.4775465484375 0.5154322640625 0.5052721984375 0.5119653109375 0.5309052999999999 0.5186325515625 0.5421317890624999 0.5383675875 0.5499786656250001 0.5383675875 0.49609679843750004 0.5450348265625 0.5144061796875 0.5509019890625 0.461047390625 0.5519687531249999 0.40925801093749997 0.5525021234375 0.359561121875 0.557569271875 0.33131235625 0.56450315625 0.3109104671875 0.5783710078125 0.296262965625 0.596505909375 0.28946234375 0.5941057187500001 0.2481354578125 0.60130633125 0.23714982812500002 0.6015730359375 0.1730033171875 0.6125072859375 0.1379539578125 0.5959725375 0.115459559375 0.5842382109375001 0.07517891875 0.5839715062499999 0.045902315625 0.5546356484375 0.0302085609375 0.5450348265625 0.031777946875000004 0.5333004796874999 0.002134684375 0.5338338515625 0.0225365734375 0.526899925 0.0466003234375 0.5231662671875 0.0670022125 0.5138321312499999 0.0832190828125 0.5138634015625 0.0975056265625 0.50663151875 0.0876449625 0.5010310421875 0.08032119062500001 0.48769656093749997 0.042656176562499995 0.48742985625 0.0321936734375 0.4799625578125 0.05939618437500001 0.44849317656250004 0.08816806875 0.4322251140625 0.1096161921875 0.43035829531249997 0.2764931453125
2 0.5078125 0.37421875 0.03125 0.084375
3 0.54765625 0.16015625 0.02578125 0.04375
4 0.6709301140624999 0.1590870859375 0.6760283265625 0.1301969640625 0.6729127484374999 0.12741906875 0.6663983421874999 0.147419909375 0.656485128125 0.1440864421875 0.646005453125 0.1440864421875 0.631277259375 0.1696430765625 0.619947871875 0.3002041765625 0.629294603125 0.3246496671875 0.6392078171875 0.32353852656250004 0.64997074375 0.324594278125 0.6562018984375 0.3462618734375 0.6805600765625 0.37234149375 0.6927391765625 0.3634522359375 0.7054847375 0.3712303328125 0.7221955875 0.4128987890625 0.745420821875 0.432344059375 0.7462705359374999 0.39123119375000004 0.7340914359374999 0.38345307812499996 0.7352243781250001 0.2145570265625 0.7607155 0.14955426249999998 0.7374902640625 0.1317757265625 0.7287099718750001 0.125108771875 0.7190800109375 0.0962186671875 0.717128434375 0.10008441406249999 0.7190800109375 0.109084959375 0.7029356203125 0.176310071875 0.6899068296875 0.20019992968749997 0.683675675 0.231867965625 0.6729127484374999 0.220200790625 0.668664228125 0.199088765625 0.6661151125 0.1790879671875 0.6709301140624999 0.1590870859375
3 0.72578125 0.2328125 0.021875 0.04921875
4 0.7948334218750001 0.4775163 0.81258613125 0.49608848437499997 0.835960515625 0.5100176078125 0.8507544421875 0.53439364375 0.8785670265625001 0.5796632875000001 0.89217745625 0.63247791875 0.9436602984375 0.5941728046875 0.9442520468750001 0.575600640625 0.940109765625 0.531491740625 0.9025332031250001 0.30632780625 0.93212105625 0.25351317500000004 0.9404056625000001 0.255834684375 0.908154878125 0.123507896875 0.8841887453125 0.09332809843749999 0.8495709453125 0.079979346875 0.8247171468750001 0.059085640625000005 0.82027896875 0.132794 0.8152490203125 0.1438212203125 0.8120263328125 0.16183124375 0.7886199546875 0.13214553281250002 0.7758971921875 0.0938404125 0.7747136734375 0.1292436296875 0.7371371109375 0.1988893109375 0.7338824296875 0.38326485625 0.78566116875 0.3834946265625 0.7948334218750001 0.4775163
3 0.84921875 0.22890625 0.025 0.0515625
4 0.658610396875 0.6708681640624999 0.6802676953125 0.669944659375 0.7160492640625 0.67640925625 0.7282903234375 0.714273553125 0.7226406140625 0.7327439140625 0.7231114187500001 0.7595258796875 0.7419438265625 0.764143471875 0.7504183890625 0.7872314234375 0.769250796875 0.755831865625 0.786670796875 0.7327439140625 0.8092697015624999 0.717044065625 0.8290437171875 0.6847209328125 0.8375183140625 0.6680976515625 0.813977803125 0.595139675 0.7913788984375 0.5665107 0.7579513812500001 0.5341874984375 0.7395897765624999 0.520334728125 0.7424146296874999 0.49170568281250004 0.73817733125 0.47231178281249997 0.7146368187500001 0.4556884640625 0.7005125140625 0.4473767875 0.6765011999999999 0.412283109375 0.6510774406250001 0.4178242375 0.6270661265624999 0.45014737031249996 0.6364823312500001 0.5822104453125 0.622358025 0.55912249375 0.6034441265625 0.512482671875 0.590342915625 0.5757458796875 0.59316780625 0.6025278468749999 0.604467221875 0.6366979875000001 0.618591528125 0.6690211546875 0.628478571875 0.682873925 0.6440152875 0.6690211546875 0.658610396875 0.6708681640624999
2 0.83046875 0.4671875 0.03359375 0.096875
3 0.68046875 0.5453125 0.0265625 0.04765625
4 0.43965701875 0.8668702406250001 0.460401271875 0.8621751468750001 0.4715712734375 0.8692178187499999 0.48234232187500004 0.8504373812500001 0.487927321875 0.9066616140624999 0.46798091406250003 0.9950861468750001 0.49351232187500005 0.994303640625 0.5118630125 1 0.5449740624999999 0.9363973140624999 0.5569419078125 0.9340497375 0.57090439375 0.874578396875 0.5868614890625 0.8464077390625 0.6040154125 0.8495378828125 0.6287489468749999 0.8706658078125 0.6427114328125 0.8957063828124999 0.64390823125 0.8706658078125 0.63154149375 0.8471902734375 0.6263554140625 0.8315399187500001 0.60960044375 0.7251174828125 0.6323393375 0.72590001875 0.612392928125 0.6664286500000001 0.5844679578124999 0.5872819015624999 0.5577397515625 0.555198684375 0.5381922640625 0.5520686031250001 0.5262244203125 0.5465910015625 0.5108131453125 0.54177128125 0.51026729375 0.61802959375 0.5006930109375001 0.6829785625 0.48593268125 0.6618506375 0.4719701953125 0.6274197828125 0.4627948359375 0.606291828125 0.43088058125 0.6688932484375 0.43327417500000004 0.78392336875 0.43965701875 0.8668702406250001
3 0.54375 0.74453125 0.02578125 0.0484375
2 0.5234375 0.9671875 0.0375 0.065625
2 0.378125 0.90703125 0.025 0.09609375
4 0.1429856671875 1 0.15568814687500002 0.9775080875000001 0.1876159453125 0.9734675812500001 0.1800631390625 0.8434975765624999 0.18933249375 0.8030924031250001 0.2016916421875 0.750565678125 0.23052967343750003 0.7418112031249999 0.2020349734375 0.6179020125 0.202378278125 0.595679159375 0.1838395421875 0.565375278125 0.164614196875 0.5478663640625 0.1570613640625 0.5768234156250001 0.15671806093750001 0.6185754234374999 0.1515684125 0.644838784375 0.1426423625 0.5976994125 0.1227303828125 0.524010246875 0.12204377343749999 0.5080714109375 0.105564890625 0.5383752921875 0.080159984375 0.551843684375 0.0499487078125 0.576086778125 0.011841309375000001 0.7404011953125 0.039306096875 0.7484822109375 0.0341564484375 0.8562925359375001 0.031409971875 0.915553453125 0.03072335 0.99905749375 0.0379328640625 0.9701004828125 0.046172292187500005 1 0.1429856671875 1
2 0.14453125 0.95703125 0.02578125 0.08359375
3 0.16796875 0.71484375 0.01171875 0.04296875
4 0.3018133578125 0.5417009984375001 0.2840327671875 0.5536901546874999 0.2712529359375 0.5782134421875 0.271530775 0.611456134375 0.2737533390625 0.7155439 0.317371409375 0.71990355 0.32598388749999996 0.8055600765625 0.3484874671875 0.907467965625 0.3596003484375 0.924361778125 0.3734914484375 0.9134625390625001 0.3832152203125 0.8818547296875 0.411830896875 0.9140074921875 0.42072121406249996 0.9150974406250001 0.437112696875 0.8856694875000001 0.44572519687499995 0.8736803 0.447392103125 0.8638710093749999 0.4390574421875 0.858421390625 0.4365570609375 0.8202740328125 0.4243328671875 0.7908461 0.416553884375 0.7777670046875 0.41238653281250004 0.7548785984374999 0.4046075078125 0.617882203125 0.416553884375 0.612432584375 0.42044337499999995 0.5721053921875 0.425999815625 0.5606612 0.417387315625 0.5274185171875 0.4043296890625 0.5236038 0.3871047328125 0.5083448500000001 0.3776587796875 0.5116146140625 0.370991046875 0.518699125 0.35851977343749997 0.5189080015624999 0.35793342031250003 0.559684759375 0.353488271875 0.5847529890625001 0.352654796875 0.6179956609375 0.337930221875 0.595652228125 0.3234834859375 0.5482405359375 0.3162601171875 0.5106381640625 0.3104258578125 0.5264420578125 0.3018133578125 0.5417009984375001