4 0.709375 0.76875 0.065625 0.19921875
3 0.7296875 0.72578125 0.01171875 0.0234375
4 0.39375 0.7578125 0.1140625 0.184375
3 0.41015625 0.7375 0.01328125 0.02890625
4 0.4296875 0.5390625 0.053125 0.12421875
3 0.43671875 0.51171875 0.01015625 0.0140625
4 0.21953125 0.86015625 0.103125 0.2765625
3 0.1984375 0.82734375 0.01953125 0.034375
3 0.11015625 0.46953125 0.0078125 0.01796875
2 0.0609375 0.73125 0.03125 0.0515625
2 0.18359375 0.921875 0.01640625 0.04375
2 0.7390625 0.853125 0.01015625 0.0265625
3 0.90625 0.45703125 0.00546875 0.0078125
4 0.78203125 0.43984375 0.03203125 0.07109375
3 0.79453125 0.421875 0.003125 0.0078125
3 0.59375 0.49375 0.00625 0.01328125
3 0.5984375 0.41015625 0.0046875 0.01015625
4 0.64140625 0.43359375 0.02890625 0.0625
3 0.65078125 0.41796875 0.003125 0.0078125
3 0.5578125 0.4 0.00390625 0.00703125
3 0.58203125 0.3609375 0.003125 0.00703125
4 0.7421875 0.44296875 0.003125 0.00703125
1 0.65234375 0.49140625 0.03203125 0.0671875