4 0.75546875 0.50625 0.3640625 0.5765625
3 0.7125 0.37890625 0.0328125 0.05
2 0.72734375 0.51171875 0.0484375 0.0875
4 0.571875 0.6203125 0.11875 0.2171875
3 0.58515625 0.56953125 0.0140625 0.0203125
4 0.4859375 0.55390625 0.175 0.2671875
3 0.4828125 0.4890625 0.021875 0.028125
4 0.24140625 0.3171875 0.3859375 0.634375
1 0.428125 0.8125 0.15 0.3015625
1 0.5296875 0.80625 0.0984375 0.18125
0 0.49609375 0.8734375 0.0265625 0.046875
0 0.521875 0.90703125 0.03125 0.0359375
0 0.40078125 0.97734375 0.065625 0.0421875
0 0.71796875 0.97734375 0.0609375 0.0453125