4 0.559375 0.4796875 0.1921875 0.3078125
1 0.54765625 0.77265625 0.1359375 0.35625
4 0.41171875 0.54140625 0.06484375 0.1140625
2 0.4 0.56484375 0.0109375 0.021875
2 0.3546875 0.5703125 0.0109375 0.021875
3 0.4203125 0.5125 0.009375 0.0109375
4 0.28359375 0.48828125 0.11953125 0.1875
3 0.3125 0.44140625 0.0125 0.01640625
4 0.46640625 0.55 0.05390625 0.11015625
1 0.45859375 0.66015625 0.04140625 0.1234375
1 0.40625 0.66015625 0.04765625 0.1234375
1 0.34765625 0.65859375 0.059375 0.12890625
1 0.28359375 0.6734375 0.0671875 0.19140625
4 0.11796875 0.53671875 0.053125 0.08046875
4 0.171875 0.52890625 0.02109375 0.0671875
4 0.06875 0.553125 0.0296875 0.046875