1 0.27890625 0.70859375 0.390625 0.184375
1 0.41640625 0.35546875 0.221875 0.1
1 0.41796875 0.2421875 0.2171875 0.1125
4 0.596875 0.20625 0.2 0.14375
4 0.6578125 0.84453125 0.196875 0.11875
0 0.31875 0.34765625 0.0828125 0.0375
0 0.290625 0.384375 0.05 0.0359375
0 0.29609375 0.2640625 0.0390625 0.034375
0 0.32734375 0.2296875 0.05625 0.034375
0 0.34296875 0.91796875 0.053125 0.065625
0 0.1234375 0.71796875 0.0765625 0.053125
0 0.0734375 0.77421875 0.075 0.065625
4 0.62265625 0.66015625 0.4296875 0.28125
3 0.71875 0.68515625 0.028125 0.03125
4 0.6296875 0.33046875 0.240625 0.1578125
3 0.66484375 0.35546875 0.0203125 0.0234375
2 0.546875 0.6765625 0.053125 0.040625
2 0.584375 0.2421875 0.0328125 0.01875
1 0.46171875 0.8671875 0.2390625 0.1703125
0 0.328125 0.865625 0.04375 0.05