1 0.61640625 0.54296875 0.3671875 0.1859375
1 0.63125 0.71875 0.41875 0.2125
4 0.246875 0.6671875 0.49375 0.334375
3 0.121875 0.63125 0.065625 0.046875
4 0.2578125 0.45859375 0.459375 0.2953125
2 0.3765625 0.4453125 0.0640625 0.0375
3 0.184375 0.46015625 0.05 0.0453125
0 0.8171875 0.62734375 0.096875 0.0578125
0 0.7234375 0.5453125 0.075 0.06875
0 0.86875 0.71640625 0.109375 0.09375
0 0.74296875 0.68671875 0.0484375 0.05625
2 0.31640625 0.60078125 0.0890625 0.0359375
0 0.87109375 0.94375 0.1078125 0.1125
0 0.88125 0.1921875 0.109375 0.1421875