4 0.647222221875 0.603804796875 0.6495370375 0.6120760953125 0.64444444375 0.6253101734375 0.64351851875 0.6344086015625 0.6416666671875 0.70223325 0.6486111109375 0.7105045484375 0.66190735 0.7099739671874999 0.688724959375 0.7143296359375 0.7244817703125 0.7099739671874999 0.7533310171875 0.69835885 0.7590196015624999 0.69835885 0.7781169890624999 0.6765805078125 0.7736111109375 0.6071133171875001 0.7736111109375 0.5955334984375 0.7703703703125 0.588916459375 0.7675925921875 0.56492969375 0.76944444375 0.5525227453125 0.76851851875 0.518610421875 0.771296296875 0.5128205125 0.771759259375 0.5020678249999999 0.7671296296875 0.48056244843749996 0.7671296296875 0.47229115000000005 0.76851851875 0.469809759375 0.7874625187500001 0.47621975625 0.7833992453125 0.46242680625 0.7890878296875 0.4442781875 0.76814148125 0.4000859765625 0.7274825265625 0.3620889828125 0.7130955109375 0.371029453125 0.71434655625 0.40567376875 0.7080913328125 0.4392005265625 0.7009259265625001 0.43672456562499995 0.6705599890625 0.36991189375 0.6601851859375001 0.40860215 0.6523148140624999 0.4152191890625 0.6393518515625 0.41191067031250006 0.6328703703125 0.42018196874999997 0.625 0.43755169531250004 0.616203703125 0.4880066171875 0.616203703125 0.5674110828125001 0.61944444375 0.5707196031249999 0.6540123453125 0.563275434375 0.6583333328125 0.5732009921875 0.652777778125 0.5789909015625 0.653240740625 0.5880893296874999 0.6495370375 0.5938792390625001 0.647222221875 0.603804796875
1 0.7699074078125 0.801488834375 0.7699074078125 0.78825475625 0.7768518515625 0.7783291984375 0.7796296296875 0.7129859390625 0.7768518515625 0.6889991734375001 0.7245370375 0.712158809375 0.709259259375 0.7146401984375 0.6578703703125 0.7105045484375 0.6453703703125 0.712158809375 0.65 0.8105872625 0.6768518515624999 0.9338296109374999 0.6736111109375 0.9553349875 0.6740740734374999 0.9991728703125 0.73148148125 0.9991728703125 0.7425925921875 0.9437551703124999 0.746759259375 0.8990901578124999 0.7699074078125 0.801488834375
1 0.2606213359375 0.9112420312499999 0.2502826375 0.8496716234375 0.2524365328125 0.8258130906250001 0.251574975 0.79041010625 0.26148289375 0.74038415 0.2649291265625 0.833509390625 0.2640675671875 0.925865003125 0.26148289375 0.9959013406249999 0.2856481484375 0.9991728703125 0.2884259265625 0.9859387921874999 0.29351851875 0.9247311828125 0.29398148125 0.8047973531249999 0.3023148140625 0.7162944578125 0.29907407343750003 0.7129859390625 0.278240740625 0.7129859390625 0.2606481484375 0.7088502890624999 0.2486111109375 0.7005789906250001 0.24398148125 0.7005789906250001 0.2388888890625 0.7138130687500001 0.2208333328125 0.7320099250000001 0.222222221875 0.7353184453125 0.22175925937500002 0.7593052109375 0.2175925921875 0.8031430937499999 0.2203703703125 0.8370554171875 0.2208333328125 0.9139784953125 0.2252974515625 0.9758909593749999 0.26019055625 0.9743516984375 0.2606213359375 0.9112420312499999
1 0.33643845 0.9089331406250001 0.34444444375 0.9462365593750001 0.3611111109375 0.9379652609375 0.36157407343750003 0.93300248125 0.3578703703125 0.9263854421875 0.35601851875 0.9098428453125 0.34722222187499996 0.7813620078125 0.3495370375 0.7626137296875 0.35925925937500003 0.736145575 0.36666666718749996 0.7088502890624999 0.36759259218749996 0.6964433421875 0.3643518515625 0.6939619515625 0.3375 0.6997518609375 0.3226851859375 0.715467328125 0.3101851859375 0.7162944578125 0.3148148140625 0.8221670796874999 0.31805555625 0.8428453265625 0.3166666671875 0.931348221875 0.3192072875 0.9489539046875001 0.33299221874999996 0.9489539046875001 0.33148148125 0.938792390625 0.3361111109375 0.9247311828125 0.33643845 0.9089331406250001
1 0.5681975890625 0.8719908953125 0.5725053796874999 0.888153128125 0.5750900531250001 0.896619059375 0.5851851859375 0.8957816375000001 0.5879629625 0.8767576515625001 0.584722221875 0.8544251453125 0.5791666671875 0.842018196875 0.571296296875 0.7965260546875 0.5740740734374999 0.75434243125 0.5791666671875 0.7320099250000001 0.5824074078125 0.69892473125 0.578703703125 0.6889991734375001 0.5606481484375 0.6832092640625 0.55648148125 0.6832092640625 0.5490740734374999 0.6906534328125 0.54351851875 0.6906534328125 0.5328703703125 0.6790736140625 0.5254629625 0.6848635234375 0.527777778125 0.737799834375 0.5432124015625 0.838127171875 0.54622785625 0.8796871968750001 0.546296296875 0.90736145625 0.5643518515625 0.914805625 0.5666666671875 0.9015715468750001 0.5647513562500001 0.8866138671874999 0.5681975890625 0.8719908953125
0 0.5583333328125 0.910669975 0.5486111109375 0.9023986765625001 0.534259259375 0.923904053125 0.534259259375 0.9296939625 0.5370370375 0.9321753515625 0.5550925921875 0.9305210921875 0.5634259265625 0.9272125718750001 0.565740740625 0.9230769234375 0.565740740625 0.9139784953125 0.5643518515625 0.90736145625 0.5583333328125 0.910669975
0 0.584259259375 0.9164598843749999 0.5884259265625 0.9114971046875 0.5875 0.8891645984375 0.5735134937499999 0.8913318046875001 0.571296296875 0.9081885859375 0.5731481484375001 0.9156327546874999 0.584259259375 0.9164598843749999
0 0.31020990312499996 0.9636504484374999 0.3069691625 0.9744031359375 0.3069691625 0.9843286953125 0.3166913859375 0.9892914734374999 0.3264136078125 0.9909457343750001 0.3365002640625 0.983688765625 0.3333580515625 0.9512435 0.3180802734375 0.949589240625 0.31020990312499996 0.9636504484374999
0 0.334259259375 0.9627791562500001 0.334259259375 0.98180314375 0.34351851875 0.98180314375 0.3611111109375 0.974358975 0.3608843421875 0.9444806218749999 0.3579582515625 0.940995453125 0.3425925921875 0.9454094296875001 0.3408893984375 0.9584212937500001 0.334259259375 0.9627791562500001
0 0.771759259375 0.8734491312499999 0.7814814812499999 0.856906534375 0.7796168203125 0.8574517078125 0.774864990625 0.8500940359375001 0.7735978359375 0.8472641624999999 0.76852921875 0.8529239109375 0.7648148140625 0.8717948718749999 0.771759259375 0.8734491312499999
0 0.784722221875 0.8726220015624999 0.7865740734375 0.8759305203125001 0.7949074078125 0.8759305203125001 0.7986111109375 0.8726220015624999 0.796759259375 0.8577336640625 0.7875 0.8560794046875 0.784722221875 0.864350703125 0.784722221875 0.8726220015624999
4 0.2615740734375 0.6344086015625 0.25601851875000003 0.6848635234375 0.2509259265625 0.704714640625 0.25740740781250004 0.70967741875 0.271296296875 0.7129859390625 0.30555555624999997 0.7146401984375 0.309259259375 0.7088502890624999 0.30601851875 0.6492969390625001 0.3101851859375 0.6120760953125 0.309259259375 0.6062861875000001 0.3134259265625 0.5550041359375 0.3143518515625 0.548387096875 0.3231481484375 0.529363109375 0.32592592656249997 0.507030603125 0.3236111109375 0.46319272187499994 0.3125 0.4301075265625 0.3023148140625 0.41273780000000004 0.296296296875 0.4168734484375 0.2833333328125 0.43755169531250004 0.275 0.43093465625 0.275 0.4193548390625 0.271296296875 0.41273780000000004 0.25601851875000003 0.4226633578125 0.252777778125 0.4276261375 0.2453703703125 0.46732837031249996 0.234259259375 0.4896608765625 0.2375 0.5012406953124999 0.246296296875 0.514474771875 0.2486111109375 0.530190240625 0.281213709375 0.534714759375 0.31067419375 0.5538544375 0.2615740734375 0.6344086015625
3 0.2828125 0.50078125 0.01484375 0.03203125
4 0.5865740734375 0.5326716296875 0.5725571796875 0.5150660046875 0.5689508531249999 0.5018008765624999 0.5659809390625 0.515445009375 0.5596168359375 0.5252991046875 0.5486111109375 0.5268817203125 0.5425925921875 0.526054590625 0.5384259265625 0.5161290328125 0.5360696515625001 0.5055909125 0.537766746875 0.4927047875 0.533948284375 0.49156777656250006 0.51851851875 0.478081059375 0.5129629625 0.477253928125 0.5146438375 0.522646078125 0.521296296875 0.526054590625 0.5263888890625 0.533498759375 0.5314814812499999 0.5624483046875 0.5411609359375 0.5650944906250001 0.554525553125 0.5825286609375 0.5818911984375 0.5912457453125 0.5861219484375 0.5995602718749999 0.5888917109375 0.56661050625 0.5865740734375 0.5326716296875
4 0.5604653828124999 0.681448621875 0.575 0.6881720437500001 0.5797698296875 0.689786703125 0.5824074078125 0.6939619515625 0.5851851859375 0.682382134375 0.5851851859375 0.6509512 0.5852853859375 0.640895228125 0.584722221875 0.6162117453125 0.586118253125 0.5996042328125 0.5689508531249999 0.62194504375 0.54444444375 0.5930521093750001 0.546759259375 0.6029776671875 0.5458333328125 0.615384615625 0.5416666671875 0.6385442515624999 0.5365740734375 0.6501240687500001 0.5310185187500001 0.6749379656250001 0.5428580296875001 0.6882706875 0.5490740734374999 0.6914805625 0.5551619624999999 0.683343640625 0.5604653828124999 0.681448621875
2 0.546875 0.640625 0.01328125 0.03671875
2 0.74921875 0.6390625 0.0453125 0.08203125
3 0.75 0.41875 0.0171875 0.03671875
3 0.56328125 0.56171875 0.0109375 0.02421875