2 0.69140625 0.528125 0.01953125 0.040625
2 0.50625 0.48671875 0.01953125 0.03359375
4 0.325872534375 0.579129575 0.341426403125 0.5850642921875 0.3429438546875 0.5840751734375 0.3425644921875 0.579624134375 0.34635811875 0.5746785359375 0.368740515625 0.6008902078125 0.37139605468750003 0.5994065281250001 0.37556904375 0.590009890625 0.3861911984375 0.5811078140625 0.3930197265625 0.5712166171875 0.3983308046875 0.556379821875 0.4002276171875 0.540059346875 0.3998482546875 0.5296735906250001 0.394537178125 0.5173095937500001 0.3896054625 0.4723046484375 0.3915022765625 0.436696340625 0.39415781562499996 0.4159248265625 0.3937784515625 0.3931750734375 0.3383915015625 0.3813056375 0.33004552343750004 0.380811078125 0.325493171875 0.384272996875 0.32094081874999997 0.3798219578125 0.3103186640625 0.37636003906250004 0.30690439999999997 0.3783382796875 0.306145675 0.390207715625 0.3008345984375 0.3991097921875 0.3038695 0.417903065625 0.311456753125 0.4386745796875 0.312974203125 0.4391691390625 0.314112290625 0.43372898125 0.31790591875 0.430761621875 0.32245827031249996 0.44065281875 0.325872534375 0.5019782390625 0.326251896875 0.50346191875 0.3285280734375 0.5024727984374999 0.339150228125 0.5182987140625 0.31942336875 0.5385756671874999 0.3156297421875 0.548961425 0.325872534375 0.579129575
3 0.3453125 0.53671875 0.01640625 0.0203125
2 0.31484375 0.40078125 0.0171875 0.0453125
4 0.23710166875 0.5049455984375 0.2397572078125 0.5148367953124999 0.2405159328125 0.5257171125 0.24506828593750002 0.5351137484375 0.244688921875 0.5474777453125 0.242033384375 0.5558852625 0.242033384375 0.562314540625 0.25151745000000003 0.565776459375 0.2496206375 0.5781404546875 0.24430955937499998 0.5880316515625 0.243930196875 0.59297725 0.2496206375 0.602868446875 0.255690440625 0.6073194859375 0.2685887703125 0.609297725 0.29248861875 0.6379821953125 0.2955235203125 0.6379821953125 0.3023520484375 0.6236399609375 0.3156297421875 0.608803165625 0.325493171875 0.592482690625 0.326631259375 0.585558853125 0.325113809375 0.5741839765625001 0.3175265546875 0.5509396640625 0.30538695 0.527200790625 0.3144916546875 0.5182987140625 0.31790591875 0.5054401578125 0.3171471921875 0.483679525 0.3080424890625 0.43620177968749996 0.297040971875 0.4327398609375 0.2955235203125 0.44411473749999997 0.29135053125 0.447082096875 0.284901365625 0.40999010937499997 0.283004553125 0.4055390703125 0.2587253421875 0.4085064296875 0.23899848281249997 0.4149357078125 0.23482549375 0.417903065625 0.2321699546875 0.42284866406250005 0.2317905921875 0.43521266093750005 0.23710166875 0.5049455984375
2 0.2453125 0.48203125 0.015625 0.04296875
3 0.2703125 0.57265625 0.0109375 0.0203125
0 0.637757790625 0.1951441265625 0.6467937218750001 0.19605093906249998 0.6539181734375 0.1949174171875 0.658957446875 0.1921969609375 0.6610426515625 0.1842623125 0.6608688734375 0.1770077578125 0.6530493359375 0.1763276546875 0.6408856109375 0.1749674140625 0.6308070906250001 0.17247366718749998 0.6170794703125 0.172020265625 0.5995289421875001 0.1749674140625 0.5904930375 0.1806350265625 0.5918831828125 0.1856225359375 0.5951847671875 0.1883429828125 0.6050895234375 0.19015662656250001 0.614125428125 0.19446400625 0.6207285984375 0.20285207500000002 0.6283743562499999 0.2023986640625 0.6350525515625 0.1998625640625 0.637757790625 0.1951441265625
0 0.5632115468750001 0.2595282015625 0.5666868953125 0.2561276328125 0.56825080625 0.2506867296875 0.565818059375 0.2468327515625 0.55521824375 0.23436400468750002 0.5531330265625 0.2277895703125 0.5503527484374999 0.223708890625 0.543228284375 0.2191748 0.5367988796875001 0.215094121875 0.5279367390624999 0.215094121875 0.525851534375 0.2178145765625 0.5265466078125 0.22302877968749998 0.5315858546875 0.229376503125 0.5352349828125 0.23232366093749998 0.538884096875 0.233003771875 0.5437495796875 0.230056615625 0.5486150734375 0.230056615625 0.547572471875 0.23663105 0.5503527484374999 0.24479240781249997 0.5538280984374999 0.249099796875 0.5564346109375 0.25726115625 0.5566268625 0.26443545625 0.5632115468750001 0.2595282015625
0 0.49965364531249995 0.20126514218749997 0.5041716093749999 0.2139605984375 0.5066043437500001 0.216000934375 0.5076469593749999 0.208746396875 0.5029552296875 0.1971844625 0.50139131875 0.1908367296875 0.49113904843749995 0.1874361625 0.481060528125 0.1874361625 0.47810648593750005 0.18902310312499998 0.4772376484375 0.193103765625 0.477585178125 0.19922480625 0.47967038281249996 0.20353218593750003 0.4822768953125 0.20353218593750003 0.48748992031249994 0.2021719453125 0.494060109375 0.20156185 0.49965364531249995 0.20126514218749997
0 0.34371546406250003 0.12559496718750002 0.3503431578125 0.12230095781250001 0.35507722343750003 0.12134020937500001 0.3602320875 0.12216370937500001 0.3669649828125 0.12861446875 0.371593846875 0.13822198593749999 0.374644690625 0.139731746875 0.3766435203125 0.1365749921875 0.3791683484375 0.131496734375 0.37958915625 0.1244969609375 0.37958915625 0.1190069484375 0.3774851265625 0.1165364484375 0.3722250546875 0.11365419531250001 0.3651765609375 0.10939942656249999 0.35939048125 0.10514467031250001 0.3475027140625 0.1032231625 0.3377189859375 0.1026741703125 0.331091290625 0.10432117031249999 0.3289872625 0.1080269234375 0.3287768625 0.1124189390625 0.32972366875 0.11571295 0.3315120984375 0.1188697 0.334142134375 0.12230095781250001 0.33792938437500003 0.12463421875 0.340935959375 0.12739423125 0.34371546406250003 0.12559496718750002
0 0.2295358546875 0.187484425 0.2338238546875 0.18680633124999999 0.24084057812499998 0.18290726562499998 0.24837705 0.17697391406250002 0.254614140625 0.17443104843749999 0.256823103125 0.1679891234375 0.25708298749999997 0.15985194375 0.2557835953125 0.15646145625000002 0.248896809375 0.1530709765625 0.2478573015625 0.15561384218750002 0.24629802343749999 0.15222335468749998 0.2385016671875 0.147307159375 0.231744828125 0.1444252375 0.2199203546875 0.14340809375000002 0.21277369375 0.14272999375 0.20458751562500002 0.1457814375 0.199909696875 0.14747668125 0.200169578125 0.15086716718749998 0.20172885 0.15561384218750002 0.20770605468749997 0.1588348140625 0.21277369375 0.165446259375 0.22811404999999998 0.186506203125 0.2295358546875 0.187484425
1 0.55394208125 0.3949540484375 0.55394208125 0.3829105015625 0.5492282390625001 0.37214818906249997 0.5464784875 0.358567171875 0.5392112874999999 0.3470361171875 0.5352830765625 0.33653004062499997 0.5344974453125 0.3214115546875 0.5427466843750001 0.3027056140625 0.5482461859375001 0.283230940625 0.553549265625 0.2650375046875 0.55060310625 0.25811887968749997 0.5429430921875 0.2529939671875 0.5327297484375 0.24863777968749998 0.52231998125 0.24633158437499997 0.520355875 0.24684406874999998 0.5185881765625 0.24376912812499998 0.5160348484374999 0.22634441718749998 0.49757225156249996 0.22941935781249997 0.48048453750000003 0.24018168593749997 0.47125323124999996 0.24991900781249998 0.4954117375 0.3208990609375 0.48951942031250006 0.34139871093749996 0.48401991874999994 0.35933590625 0.47950248437500004 0.3818855203125 0.47930606249999996 0.3990539796875 0.47577068125000005 0.40751008593750004 0.4802881140625 0.40520387500000005 0.500322003125 0.400847696875 0.515249203125 0.39956646875 0.538818471875 0.40033520781250004 0.55598394375 0.40259355 0.55394208125 0.3949540484375
1 0.3909814359375 0.35377110156249997 0.39055212031250003 0.3453694046875 0.3849709078125 0.3338870953125 0.375525815625 0.294498496875 0.3765991234375 0.27237403125 0.37187654375 0.2622919875 0.37187654375 0.2533301765625 0.37595513281250004 0.24072763125000002 0.3770284390625 0.1799553578125 0.371447228125 0.163712090625 0.37359384218749997 0.1558704984375 0.3757404578125 0.139627209375 0.3624314515625 0.1362665390625 0.348907771875 0.1401873359375 0.35212769375 0.15923116875 0.3519130359375 0.18219581875 0.345043875 0.21608265625 0.33860402968750003 0.24968944375 0.33774538125000003 0.32054375468749996 0.3315201953125 0.3048605859375 0.3233630515625 0.27349425 0.3257243421875 0.255850690625 0.3407506453125 0.1942382265625 0.3454731921875 0.1732339953125 0.33388146875 0.1656724765625 0.3214311109375 0.16427219531249998 0.30082359531249997 0.2281628625 0.2864412828125 0.28837503125 0.2885878984375 0.310219440625 0.29438375156249996 0.33318407968749997 0.2952424 0.356428771875 0.30339954375 0.3905956734375 0.3053315 0.393676296875 0.30576081718750003 0.3819139171875 0.30833674843750003 0.376872903125 0.31864050625 0.3810737515625 0.3287295890625 0.3821939796875 0.350839728125 0.384154375 0.374881825 0.3903156125 0.3926814765625 0.3932634390625 0.3909814359375 0.35377110156249997