1 0.54351851875 0.9131529265625 0.5449074078125 0.9314033984375 0.55648148125 0.94902454375 0.5879629625 0.9521711765624999 0.603240740625 0.9597230968750001 0.60694444375 0.9572057890625001 0.6208333328125 0.9597230968750001 0.6296296296875 0.9515418499999999 0.6324074078125 0.941472625 0.6328703703125 0.8753933296874999 0.64398148125 0.6513530515625 0.6259259265625 0.653870359375 0.6004629625 0.6620516046875 0.5675925921875 0.661422278125 0.51851851875 0.6293266203125001 0.516203703125 0.653870359375 0.5453703703125 0.87350535 0.5458333328125 0.9043423531249999 0.54351851875 0.9131529265625
1 0.24444444375000002 0.94374565 0.24953703749999998 0.9380817109375 0.24814814843750002 0.9343057515625001 0.2509259265625 0.9242365250000001 0.2509259265625 0.90724470625 0.2602802359375 0.7801309015625 0.271848246875 0.7006326796875 0.274418915625 0.7521754828125 0.2589949015625 0.8369153453125 0.2577095671875 0.8701124046875 0.291203703125 0.8908822140625 0.29814814843750004 0.8411654109375 0.3120370375 0.801517834375 0.32592592656249997 0.7354385390625 0.328703703125 0.7127827812499999 0.32777777812500003 0.68383375625 0.3333333328125 0.6372635859375 0.3263888890625 0.6328583 0.2870370375 0.6309703203125 0.258796296875 0.6253063812499999 0.25963756875 0.60977756875 0.258352234375 0.5704652625 0.2513888890625 0.5869174562499999 0.23778688125 0.6167664234375 0.2166666671875 0.603909275 0.2148148140625 0.6322289734375001 0.216203703125 0.6957909625 0.2138888890625 0.8845889484375 0.2226851859375 0.937452384375 0.24444444375000002 0.94374565
1 0.3925925921875 0.7665198234374999 0.397222221875 0.7482693515625 0.3990740734375 0.719949653125 0.415118146875 0.6606777140625 0.41851851875 0.6972938953125001 0.4263888890625 0.7589679046875 0.4268518515625 0.8105726875 0.4361111109375 0.814348646875 0.44611113125 0.8106866640625 0.4495370375 0.7747010703125 0.45 0.709880428125 0.45648148125 0.658904971875 0.45738130625 0.6179092046875 0.42122282499999997 0.6357826109375 0.41605732812499996 0.614717525 0.40713510468749997 0.6255692359375 0.384259259375 0.62366268125 0.3773148140625 0.63813719375 0.371296296875 0.726872246875 0.3703703703125 0.7923222156249999 0.378020484375 0.79281325625 0.391203703125 0.78854625625 0.3925925921875 0.7665198234374999
0 0.2453703703125 0.9943360609375 0.246759259375 0.989301446875 0.2476851859375 0.9509125234375 0.2203703703125 0.942731278125 0.2171296296875 0.9597230968750001 0.20740740781250003 0.9804908749999999 0.20601851875000002 0.993706734375 0.20972222187499998 0.9993706734375 0.2393518515625 0.9993706734375 0.2453703703125 0.9943360609375
0 0.26574074062499997 0.9628697296875 0.278240740625 0.9779735687500001 0.2949074078125 0.9760855890625001 0.2995370375 0.9660163624999999 0.30046296250000004 0.94902454375 0.2875 0.8955317812500001 0.26813626875 0.8962236812500001 0.259722221875 0.874764003125 0.25648148125 0.8766519828125 0.25509259218749997 0.8879798609374999 0.2546296296875 0.9011957203125001 0.2611111109375 0.9207048453125 0.2625 0.9471365640625 0.26574074062499997 0.9628697296875
4 0.3949074078125 0.5645059781249999 0.39351851875 0.5796098171875 0.388500771875 0.5932158296875001 0.383796296875 0.62366268125 0.3916666671875 0.6268093140625 0.40555555625000006 0.6268093140625 0.4154060765625 0.616124571875 0.4203703703125 0.63373190625 0.4236111109375 0.6356198875 0.4513888890625 0.622404028125 0.45555555625000005 0.6148521078125 0.45370370312499997 0.5770925109375 0.4620370375 0.5097545625000001 0.4583333328125 0.5040906234375 0.45413788750000006 0.4754568609375 0.4495370375 0.4751415984375 0.44083306718750004 0.478270215625 0.427823909375 0.4810835703125 0.42131932968749997 0.49796369531250007 0.4151104140625 0.5031884953125 0.41018518593750003 0.49779735625 0.40712752031250005 0.4879160015625 0.38842592656249997 0.4984266828125 0.3825875171875 0.5084132968749999 0.396296296875 0.533039646875 0.39305555625 0.5468848328125 0.3949074078125 0.5645059781249999
3 0.4328125 0.50703125 0.01484375 0.01796875
4 0.26814043593750003 0.3126635671875 0.24538540000000003 0.3176795609375 0.228165371875 0.323531553125 0.2004903265625 0.378707475 0.18019529375 0.41967141874999997 0.1795802921875 0.42468741249999997 0.1931103140625 0.42217941562499994 0.205410334375 0.39793544999999997 0.230010375 0.3887394625 0.251535409375 0.3937554546875 0.2484604046875 0.4255234109375 0.2373903859375 0.4322114015625 0.2201703578125 0.431375403125 0.217095353125 0.4480953796875 0.2183253546875 0.47986333593749997 0.22201536093750002 0.4982553109375 0.22632036875 0.51999128125 0.23062537500000002 0.5250072734375 0.2257053671875 0.53754725625 0.225090365625 0.5450712453125 0.21955535781250002 0.5676432140625 0.21033034218750002 0.594395178125 0.2232453640625 0.6086071578125 0.23616038437500003 0.61445915 0.261375425 0.566807215625 0.2564554171875 0.6269991328125 0.28044045624999997 0.6295071296875 0.3351755453125 0.6336871234375 0.34132555625 0.6336871234375 0.3425555578125 0.6035911656249999 0.33825055000000004 0.57349520625 0.33456054375 0.5492512390625001 0.3388655515625 0.5074512984374999 0.332100540625 0.46397935781250005 0.3462455640625 0.43889939218749996 0.3597755859375 0.3987714484375 0.3468605640625 0.35697150624999996 0.3388655515625 0.3486115171875 0.32656553125 0.3327275390625 0.3210305234375 0.31015557031249996 0.320415521875 0.336907534375 0.3075005 0.3494475171875 0.3019654921875 0.3619874984375 0.2964304828125 0.3670034921875 0.2908954734375 0.343595525 0.2792104546875 0.3310555421875 0.2755204484375 0.29761558906249996 0.26814043593750003 0.3126635671875
3 0.32421875 0.409375 0.01875 0.03515625
2 0.2984375 0.48828125 0.03046875 0.059375
2 0.41015625 0.5984375 0.01796875 0.02890625
0 0.3622239390625 0.8350721421875 0.3726626703125 0.8350721421875 0.3804917171875 0.838619603125 0.3857110828125 0.8372006187500001 0.38675495625 0.8173348421875 0.38310140000000004 0.815206365625 0.374750415625 0.8223012859375001 0.3590923203125 0.8223012859375001 0.3528290828125 0.8301056984375 0.3622239390625 0.8350721421875
0 0.4436460359375 0.8393290953125 0.4452118453125 0.8173348421875 0.44416797187499996 0.8159158578125 0.441036353125 0.8265582374999999 0.437904734375 0.832234175 0.43059762343749997 0.830815190625 0.42537825781249994 0.82939620625 0.42120276562500003 0.8272677296875001 0.41911501875 0.838619603125 0.424334384375 0.8442955390625 0.43529505156250003 0.84500503125 0.4436460359375 0.8393290953125
0 0.583796296875 0.9546884828125 0.578240740625 0.9509125234375 0.5555555562500001 0.9477658906249999 0.5495370375 0.9509125234375 0.54305555625 0.9616110765625001 0.5449074078125 0.9741976078125001 0.565740740625 0.9767149156249999 0.5796296296875 0.9735682812500001 0.583796296875 0.9546884828125
0 0.6259259265625 0.98804279375 0.628240740625 0.9842668343750001 0.628240740625 0.9729389546875 0.6226851859375 0.9622404031249999 0.590740740625 0.9616110765625001 0.590277778125 0.9741976078125001 0.5953703703125 0.9886721203125 0.6152777781250001 0.993706734375 0.6259259265625 0.98804279375