4 0.42645914375 0.5088265828125 0.38910505781250004 0.5098650046875 0.386770428125 0.563862928125 0.3914396890625 0.588785046875 0.3914396890625 0.6147455859375001 0.380544746875 0.6739356171875001 0.363424125 0.69678089375 0.3494163421875 0.703011421875 0.3649805453125 0.7497403953124999 0.3680933859375 0.7725856703125 0.37743190625 0.7850467296875 0.4023346296875 0.800623053125 0.41011673125000003 0.8172377984375 0.4163424125 0.8213914843750001 0.4124513625 0.773624090625 0.417120621875 0.7673935625 0.42801556406249996 0.766355140625 0.43813229531250003 0.775700934375 0.44280155624999995 0.7975077875000001 0.45525291875 0.8234683281249999 0.46536964999999997 0.832814121875 0.47081712031249995 0.8307372796875001 0.4739299609375 0.808930425 0.488715953125 0.8016614750000001 0.4933852140625 0.808930425 0.5003891046875 0.8099688468749999 0.515175096875 0.7933541015625 0.5229571984375 0.762201453125 0.5400778203125001 0.727933540625 0.5392996109375 0.7217030109375 0.52451361875 0.70404984375 0.505058365625 0.72689511875 0.48793774375 0.7133956390625 0.4964980546875 0.661474559375 0.5128404671875 0.60124610625 0.515175096875 0.5327102796875 0.42645914375 0.5088265828125
3 0.38671875 0.74375 0.0203125 0.03125
4 0.7898832687499999 0.438213915625 0.7330739296875 0.44963655312500006 0.6770428015625 0.4517133953125 0.67548638125 0.4974039453125 0.684824903125 0.5690550359375 0.682490271875 0.6396677046875 0.6505836578124999 0.6531671859375 0.6451361875 0.65835929375 0.6443579765624999 0.6677050875 0.6645914390625001 0.7705088265625 0.67548638125 0.7850467296875 0.701167315625 0.7954309453125 0.7182879375 0.8161993765625001 0.721400778125 0.8141225343749999 0.7237354078125 0.7975077875000001 0.741634240625 0.773624090625 0.7501945531249999 0.7850467296875 0.7595330734375 0.789200415625 0.776653696875 0.8182762203125 0.782879378125 0.8203530640625001 0.8023346296874999 0.7975077875000001 0.8280155640625001 0.787123571875 0.845914396875 0.762201453125 0.8482490265625 0.7403946 0.8521400781249999 0.6427829703125 0.8466926062500001 0.6375908625 0.8108949421875 0.6417445484375001 0.80389105 0.634475596875 0.8077821015625 0.575285565625 0.8163424125000001 0.5233644859375 0.8155642015625 0.48390446562499995 0.8046692609375 0.4434060234375 0.8015564203125001 0.43925233593749996 0.7898832687499999 0.438213915625
3 0.6953125 0.73046875 0.0234375 0.03359375
2 0.7328125 0.56484375 0.03046875 0.07890625
1 0.439688715625 0.1256490140625 0.435797665625 0.14018691562500002 0.42801556406249996 0.1443406015625 0.41789883281250007 0.12149532656249999 0.4023346296875 0.13187954375 0.386770428125 0.1298027 0.38521400781250004 0.16095534843749998 0.39299610937499996 0.235721703125 0.4124513625 0.32294911718749997 0.4108949421875 0.3603322953125 0.3914396890625 0.5077881625 0.43813229531250003 0.5119418484375 0.47548638125 0.5244029078125 0.511284046875 0.5275181718749999 0.5128404671875 0.5223260640625 0.5066147859375 0.470404984375 0.4778210109375 0.34164070625 0.482490271875 0.1827622015625 0.4894941640625 0.165109034375 0.4871595328125 0.13811007343749998 0.48404669218749996 0.1329179640625 0.46692607031250005 0.1256490140625 0.445914396875 0.1246105921875 0.439688715625 0.1256490140625
1 0.7657587546875 0.2523364484375 0.76108949375 0.3457943921875 0.7494163421875 0.342679128125 0.733852140625 0.21495327031250003 0.7182879375 0.17653167187500002 0.7097276265625 0.11734164062500001 0.7066147859374999 0.11318795468750001 0.701945525 0.11422637656250001 0.6871595328125 0.13811007343749998 0.662256809375 0.1412253375 0.658365759375 0.151609553125 0.668482490625 0.18691588750000002 0.666147859375 0.224299065625 0.6700389109375 0.2658359296875 0.678599221875 0.29179646875 0.6778210109375 0.4537902390625 0.7136186765625 0.4558670828125 0.8 0.44236760156250005 0.8023346296874999 0.44132917968749996 0.8023346296874999 0.42575285625000003 0.807003890625 0.41433021875 0.7953307390625 0.3894081 0.7898832687499999 0.30841121562499996 0.8 0.2980269984375 0.825680934375 0.29387331250000004 0.823346303125 0.19937694687500002 0.8108949421875 0.1225337484375 0.8077821015625 0.1183800625 0.7758754859375 0.1183800625 0.764202334375 0.13187954375 0.7657587546875 0.2523364484375
0 0.803112840625 0.1111111109375 0.8046692609375 0.0737279328125 0.800778209375 0.0674974046875 0.7813229578125 0.061266875 0.7688715953124999 0.061266875 0.7626459140625 0.0664589828125 0.76108949375 0.0872274140625 0.771206225 0.119418484375 0.7891050578125001 0.1246105921875 0.8 0.12045690625000001 0.803112840625 0.1111111109375
0 0.6536964984375 0.155763240625 0.67159533125 0.13187954375 0.691050584375 0.12772585625 0.7058365765625 0.103842159375 0.7120622562500001 0.080996884375 0.711284046875 0.060228453125000005 0.707392996875 0.050882657812499996 0.694941634375 0.048805815625 0.6809338515625 0.0539979234375 0.6669260703125001 0.0726895125 0.6451361875 0.0913811 0.635797665625 0.128764278125 0.635797665625 0.15057113125 0.639688715625 0.15472481875 0.6536964984375 0.155763240625
0 0.4677042796875 0.1111111109375 0.47626459218750006 0.11630321875 0.4832684828125 0.13187954375 0.48638132343749996 0.12772585625 0.48638132343749996 0.1121495328125 0.48171206250000004 0.0955347875 0.44357976718750003 0.0872274140625 0.42801556406249996 0.08826583593750001 0.425680934375 0.092419521875 0.4272373546875 0.1017653171875 0.44357976718750003 0.1183800625 0.45214007812499996 0.119418484375 0.45914396875 0.1111111109375 0.4677042796875 0.1111111109375
0 0.4 0.11734164062500001 0.4116731515625 0.09968847343750001 0.4116731515625 0.07684319843750001 0.4054474703125 0.0643821390625 0.400778209375 0.0643821390625 0.3914396890625 0.068535825 0.3883268484375 0.08203530625 0.36964980468749997 0.0976116296875 0.3680933859375 0.1111111109375 0.37354085625 0.12045690625000001 0.3922178984375 0.1225337484375 0.4 0.11734164062500001