1 0.45078125 0.4234375 0.11015625 0.25234375
0 0.390625 0.55078125 0.0578125 0.05234375
0 0.48828125 0.58125 0.0671875 0.040625
0 0.5734375 0.5609375 0.05546875 0.05
1 0.6375 0.41796875 0.11328125 0.41484375
0 0.63203125 0.6609375 0.04375 0.06875
0 0.7703125 0.74765625 0.09375 0.0546875
0 0.83671875 0.7296875 0.04921875 0.046875
1 0.80078125 0.55234375 0.11484375 0.3390625
4 0.46953125 0.1875 0.08828125 0.2375
3 0.4546875 0.1296875 0.01328125 0.02578125
4 0.5546875 0.14375 0.07890625 0.28671875
3 0.525 0.08359375 0.0140625 0.0203125
2 0.425 0.215625 0.028125 0.0453125
2 0.515625 0.196875 0.0171875 0.0453125
1 0.54765625 0.41171875 0.1015625 0.25859375
0 0.7 0.675 0.1015625 0.065625