1 0.15546875 0.76171875 0.10625 0.3859375
4 0.1546875 0.40078125 0.15234375 0.3671875
2 0.140625 0.46640625 0.02578125 0.06171875
3 0.17890625 0.321875 0.025 0.04609375
4 0.43359375 0.48359375 0.11640625 0.27578125
3 0.459375 0.4265625 0.015625 0.025
2 0.44140625 0.515625 0.01875 0.0515625
4 0.584375 0.546875 0.05546875 0.14453125
2 0.5921875 0.58515625 0.0109375 0.025
1 0.5 0.69453125 0.05703125 0.20703125
4 0.5015625 0.5234375 0.0625 0.16640625
2 0.48828125 0.5890625 0.01328125 0.0296875
3 0.60078125 0.5171875 0.0078125 0.0140625
3 0.50546875 0.478125 0.0109375 0.021875
1 0.43046875 0.7203125 0.07890625 0.259375
0 0.40546875 0.87109375 0.03515625 0.05625
0 0.4546875 0.8546875 0.02109375 0.0375
0 0.48671875 0.81875 0.0171875 0.0234375
0 0.51171875 0.80703125 0.01328125 0.028125
0 0.565625 0.7640625 0.0109375 0.02734375
0 0.57890625 0.784375 0.01328125 0.01171875
0 0.146875 0.9671875 0.0484375 0.06328125
0 0.19375 0.928125 0.03203125 0.09375
1 0.57890625 0.69140625 0.04296875 0.15859375