1 0.75390625 0.59921875 0.296875 0.0921875
4 0.47109375 0.6953125 0.3125 0.15625
2 0.5421875 0.72890625 0.0609375 0.03125
4 0.496875 0.5859375 0.2734375 0.1046875
2 0.5421875 0.5703125 0.0484375 0.028125
3 0.43828125 0.55625 0.028125 0.0171875
1 0.7828125 0.715625 0.3546875 0.1140625
0 0.9671875 0.7625 0.040625 0.0421875
0 0.96953125 0.715625 0.040625 0.0296875
0 0.9140625 0.62109375 0.0453125 0.0265625
0 0.86875 0.60390625 0.0546875 0.025
1 0.8328125 0.42578125 0.334375 0.1609375
4 0.4578125 0.4234375 0.4421875 0.196875