1 0.39921875 0.753125 0.2375 0.0828125
1 0.34296875 0.58203125 0.390625 0.1421875
0 0.25703125 0.7515625 0.0421875 0.0234375
0 0.25625 0.73203125 0.0546875 0.0265625
0 0.1328125 0.578125 0.059375 0.046875
0 0.2140625 0.5359375 0.0359375 0.025
0 0.2640625 0.51484375 0.065625 0.03125
4 0.6328125 0.53203125 0.2359375 0.078125
3 0.6953125 0.5421875 0.0296875 0.01875
4 0.615625 0.75546875 0.240625 0.1109375
3 0.6703125 0.75 0.0296875 0.0125
2 0.625 0.56640625 0.0671875 0.0359375
2 0.5578125 0.5421875 0.0578125 0.028125
4 0.684375 0.62578125 0.328125 0.1484375