1 0.3390625 0.89375 0.44375 0.2125
1 0.4609375 0.58359375 0.425 0.23125
0 0.271875 0.7078125 0.1234375 0.0515625
0 0.2301381515625 0.5130390234375 0.2194106515625 0.5074324859375 0.21289130156249997 0.49378603906249996 0.2127649265625 0.4865460125 0.2235900015625 0.4700620375 0.2181251515625 0.46146674687499994 0.201380275 0.4432913375 0.193112096875 0.440176653125 0.187334834375 0.44136383281249997 0.1801717046875 0.44619631562500006 0.1790133140625 0.462873671875 0.1936843109375 0.500639309375 0.20655240468749997 0.518158165625 0.2177376484375 0.522308265625 0.2302834828125 0.5213650546874999 0.2389399 0.5190412859375 0.2388703921875 0.515059271875 0.2301381515625 0.5130390234375
0 0.21015625 0.48125 0.0609375 0.084375
2 0.62265625 0.8703125 0.0921875 0.0578125
4 0.8046875 0.584375 0.390625 0.203125
2 0.67734375 0.5203125 0.08125 0.0546875
4 0.765625 0.92734375 0.4421875 0.14375
0 0.20078125 0.97109375 0.0734375 0.0578125
0 0.09609375 0.815625 0.0921875 0.0890625
0 0.340625 0.346875 0.0578125 0.0765625
4 0.7859375 0.403125 0.284375 0.140625