1 0.9193036031249999 0.5591827046875 0.88148148125 0.5206270625 0.8652777781250001 0.5115511546875 0.8046296296875 0.5280528046875 0.7995370375 0.5363036296875 0.8027777781250001 0.538778878125 0.8055555562500001 0.5462046203125 0.809259259375 0.5792079203125 0.8222222218749999 0.6468646859375 0.8236111109375001 0.6856435640625 0.8208333328125 0.69306930625 0.8222222218749999 0.707095709375 0.8208333328125 0.7202970296875 0.8222222218749999 0.731848184375 0.821759259375 0.7731023109375 0.8263888890625 0.8803630359374999 0.8296296296874999 0.9001650171875 0.8398148140625 0.91419141875 0.8462962968750001 0.915841584375 0.8541666671874999 0.911716171875 0.859722221875 0.9125412546874999 0.86944444375 0.9232673265625 0.88101851875 0.9298679875 0.8851851859375 0.9240924093749999 0.896759259375 0.8424092406250001 0.8958333328125001 0.7978547859375 0.8981481484374999 0.7310231015624999 0.9087962968750001 0.68894389375 0.915277778125 0.6278877890625 0.9208333328125 0.600660065625 0.921759259375 0.5750825078124999 0.9333377593750001 0.537744390625 0.9308316609375 0.5207723921875 0.9193036031249999 0.5591827046875
0 0.88101851875 0.9290429046875 0.86944444375 0.9240924093749999 0.866203703125 0.9273927390625 0.865740740625 0.94306930625 0.86944444375 0.9744224421875 0.8736111109375001 0.990099009375 0.8768518515625001 0.994224421875 0.8921296296874999 0.9909240921875 0.896759259375 0.9793729375 0.896759259375 0.9702970296875 0.8888888890625 0.9463696374999999 0.88101851875 0.9290429046875
0 0.858796296875 0.911716171875 0.8384259265624999 0.91831683125 0.8388888890624999 0.9240924093749999 0.834722221875 0.9422442249999999 0.8333333328125001 0.9760726078124999 0.8356481484374999 0.989273928125 0.8412037031249999 0.9991749171875 0.871759259375 0.9991749171875 0.8731481484374999 0.985973596875 0.866203703125 0.9521452140625 0.866203703125 0.9290429046875 0.858796296875 0.911716171875
4 0.8391084265625001 0.1715065171875 0.8205632921875001 0.1402423078125 0.8205632921875001 0.1536412546875 0.811541334375 0.161680621875 0.7879840015624999 0.1831189375 0.7729474062499999 0.21170335625 0.763424228125 0.3206814546875 0.7739498453125 0.3751705046875 0.7909913203125 0.3698109265625 0.7919937609375001 0.3921425046875 0.7934974203125 0.4564574484375 0.7924949796874999 0.4707496578125 0.7894876609375 0.528811759375 0.83509866875 0.518985865625 0.8636682 0.510946496875 0.8451230640625 0.495761025 0.8391084265625001 0.4484180796875 0.8345974484375001 0.4100077671875 0.840110865625 0.3233612453125 0.8421157453125 0.2599395640625 0.87269015625 0.23760798749999998 0.8872255328125 0.2554732484375 0.893741390625 0.2536867234375 0.89825236875 0.2599395640625 0.9062718875 0.23135514375000002 0.92381458125 0.22242251406250002 0.9333377593750001 0.2233157765625 0.9137901859375 0.1732930421875 0.90075846875 0.15542778125 0.8917365109375 0.15632104375 0.8666755187499999 0.1357759921875 0.8671767390625 0.1438153609375 0.8676779578125 0.1500682015625 0.8671767390625 0.15721430625 0.8591572203125001 0.1732930421875 0.8541450218750001 0.1902650421875 0.8391084265625001 0.1715065171875
3 0.83046875 0.24609375 0.02578125 0.0359375
2 0.83359375 0.41953125 0.021875 0.0609375
1 0.4546296296875 0.5288778875 0.45277777812500003 0.5404290421875 0.44629629687500005 0.5420792078125001 0.4370370375 0.5330033000000001 0.41884453125 0.5359496078125 0.41959635000000006 0.5614072140624999 0.41884453125 0.5703397078125 0.42009756249999997 0.580612075 0.41898148125 0.6072607265625 0.42811695624999996 0.6440327781249999 0.43240740781250003 0.6732673265625 0.43638695624999996 0.6770830046875 0.44064725937500004 0.67529650625 0.44064725937500004 0.6819958765624999 0.45046296249999995 0.682343234375 0.45277777812500003 0.678217821875 0.45555555625000005 0.657590759375 0.45543301718749996 0.6011568109375001 0.459722221875 0.5643564359375 0.46296296249999996 0.541254125 0.4620370375 0.5280528046875 0.4546296296875 0.5288778875
0 0.4400054671875 0.69619691875 0.440740740625 0.708745875 0.44305555625000004 0.7120462046875 0.4495370375 0.711221121875 0.45185185156249996 0.7062706265625 0.45185185156249996 0.6971947187499999 0.4400054671875 0.69619691875
0 0.44062016875000004 0.6907193656249999 0.429862865625 0.68962385625 0.43194444374999996 0.7021452140625 0.43981481406249995 0.7021452140625 0.44062016875000004 0.6907193656249999
1 0.5875 0.506600659375 0.578703703125 0.5148514843750001 0.575 0.5214521453125001 0.5731481484375001 0.5321782171875 0.56898148125 0.538778878125 0.5518518515624999 0.5404290421875 0.5526390890624999 0.65919428125 0.56117308125 0.6575933234375 0.5604993453125 0.6383818328124999 0.5656646578125 0.6403830296875 0.5715037046875 0.6135669906250001 0.57307575625 0.6127665109375 0.5722222218749999 0.657590759375 0.5763888890625 0.6716171609375 0.5884259265625 0.6650165015625 0.5876733765625 0.6523902109375 0.5916666671875 0.5833333328125 0.5893518515625 0.5544554453125 0.590740740625 0.510726071875 0.5875 0.506600659375
0 0.584722221875 0.6691419140625 0.5759259265625001 0.669966996875 0.5763888890625 0.682343234375 0.5791666671875 0.6856435640625 0.5898148140624999 0.6856435640625 0.5888888890625 0.67656765625 0.584722221875 0.6691419140625
0 0.5527777781250001 0.6567656765625001 0.5495370375 0.6732673265625 0.5546296296875 0.6790429046875001 0.5606481484375 0.6773927390625001 0.5611111109375 0.66006600625 0.5527777781250001 0.6567656765625001