4 0.61171875 0.65703125 0.1421875 0.2640625
4 0.46796875 0.65859375 0.1671875 0.2984375
3 0.49296875 0.72734375 0.0171875 0.028125
3 0.6359375 0.7046875 0.0171875 0.021875
1 0.58984375 0.4328125 0.0953125 0.21875
1 0.43359375 0.4078125 0.096875 0.26875
1 0.2796875 0.43828125 0.1625 0.35
0 0.23515625 0.25078125 0.0484375 0.0875
0 0.278125 0.24296875 0.0640625 0.0953125
0 0.409375 0.265625 0.05 0.06875
0 0.4421875 0.2796875 0.0359375 0.0609375
0 0.5625 0.2984375 0.0484375 0.0515625
0 0.6 0.3375 0.0515625 0.0890625
0 0.3609375 0.36796875 0.05625 0.0515625