4 0.25546875 0.878125 0.5109375 0.24375
4 0.2546875 0.796875 0.509375 0.19375
3 0.1375 0.8484375 0.05625 0.034375
4 0.2328125 0.70625 0.465625 0.221875
3 0.10625 0.76875 0.0546875 0.03125
2 0.390625 0.92890625 0.1078125 0.03125
3 0.0625 0.65390625 0.046875 0.0265625
2 0.29296875 0.734375 0.0875 0.0359375
4 0.275 0.45390625 0.55 0.2640625
3 0.115625 0.40625 0.0515625 0.034375
3 0.21875 0.22109375 0.05625 0.03125
4 0.35859375 0.1328125 0.6484375 0.265625
3 0.23046875 0.0859375 0.059375 0.034375
4 0.596875 0.26640625 0.4421875 0.3203125
2 0.48828125 0.1390625 0.109375 0.05
3 0.5546875 0.31328125 0.05625 0.034375
4 0.75625 0.509375 0.4875 0.290625
3 0.75390625 0.4890625 0.05625 0.034375
2 0.97734375 0.53828125 0.0453125 0.0453125
4 0.69296875 0.89921875 0.5328125 0.2015625
2 0.91640625 0.9515625 0.065625 0.0359375
3 0.67109375 0.89453125 0.0484375 0.01875
4 0.6984375 0.68671875 0.4796875 0.2484375
4 0.24765625 0.2640625 0.3859375 0.1984375