4 0.45 0.53828125 0.09375 0.2734375
4 0.52734375 0.5765625 0.09375 0.2375
4 0.3703125 0.5578125 0.0875 0.228125
1 0.50859375 0.34296875 0.1078125 0.25
1 0.4375 0.315625 0.115625 0.2359375
1 0.375 0.36171875 0.078125 0.1890625
1 0.22109375 0.2453125 0.125 0.353125
1 0.1453125 0.33828125 0.071875 0.3859375
0 0.50234375 0.20390625 0.05 0.0484375
0 0.44140625 0.22265625 0.071875 0.0484375
0 0.46953125 0.15078125 0.0796875 0.05625
0 0.40078125 0.1765625 0.06875 0.0578125
0 0.3546875 0.25859375 0.059375 0.046875
0 0.2265625 0.0671875 0.11875 0.071875
0 0.25859375 0.10546875 0.0671875 0.059375
3 0.47109375 0.5828125 0.015625 0.025
2 0.48203125 0.48203125 0.021875 0.0484375