1 0.16953125 0.828125 0.12109375 0.315625
0 0.140625 0.9421875 0.028125 0.07421875
0 0.1875 0.99140625 0.03046875 0.015625
4 0.1796875 0.5171875 0.15546875 0.353125
3 0.20625 0.434375 0.01640625 0.03125
2 0.15859375 0.46171875 0.01640625 0.04375
4 0.34140625 0.4828125 0.20234375 0.4203125
3 0.38125 0.40625 0.0265625 0.03359375
4 0.4859375 0.57109375 0.096875 0.20703125
3 0.50078125 0.51484375 0.0125 0.021875
1 0.4828125 0.79375 0.08125 0.275
2 0.46796875 0.65234375 0.01328125 0.040625
1 0.3359375 0.821875 0.1078125 0.35546875
4 0.60859375 0.6078125 0.07890625 0.178125
3 0.6203125 0.56015625 0.01328125 0.0171875
2 0.60859375 0.646875 0.0171875 0.0375
1 0.5984375 0.771875 0.05859375 0.18359375
0 0.60859375 0.88046875 0.015625 0.0140625
0 0.46796875 0.921875 0.0171875 0.03203125
0 0.4875 0.9671875 0.01875 0.02109375
0 0.58125 0.878125 0.01953125 0.03125