4 0.353695740625 0.19684635625 0.35681225 0.1945303640625 0.3503195046875 0.1945303640625 0.3453850328125 0.2070367015625 0.323569403125 0.21027909375 0.31603781406250003 0.21722706718749998 0.2879891421875 0.2867068015625 0.3147392640625 0.31403550468749997 0.3079868125 0.47342869062500004 0.3199334609375 0.466017490625 0.3656423890625 0.4748182640625 0.38745801874999997 0.4850086453125 0.3955090203125 0.3492915515625 0.3996643734375 0.34512275937500003 0.4079751015625 0.2955605453125 0.4079751015625 0.2538727046875 0.3944701765625 0.2279336109375 0.3869386078125 0.20894249999999998 0.383850359375 0.2176912265625 0.3869386078125 0.23251260468749999 0.3729142734375 0.242239778125 0.3588899375 0.214447884375 0.353695740625 0.19684635625
3 0.39453125 0.2859375 0.0125 0.025
4 0.4188967484375 0.27665457656250003 0.42068101875 0.304658709375 0.43210037031250004 0.31165973125 0.43281406718750004 0.3587575828125 0.44030800000000003 0.4739563765625 0.47420914999999997 0.4599542859375 0.4699269109375 0.431950178125 0.4642172484375 0.3994908390625 0.4649309453125 0.37339609687499997 0.467785790625 0.3409367578125 0.4706406078125 0.3282076109375 0.47599342031249997 0.3485742515625 0.49205185937499996 0.3313898984375 0.4720680296875 0.2804733109375 0.4649309453125 0.27219937031249997 0.4524410484375 0.2683806359375 0.4478019609375 0.25310565 0.44708823593749997 0.26074314374999996 0.44489310312499997 0.280831125 0.431029796875 0.2881108046875 0.42746125468749996 0.253742121875 0.4188967484375 0.27665457656250003
3 0.4578125 0.31640625 0.01171875 0.01875
1 0.3422232515625 0.6939257953125 0.359662590625 0.775662659375 0.3856188015625 0.755409303125 0.3673683453125 0.5825321328124999 0.3864299203125 0.49283853437499997 0.37831860625 0.4754785015625 0.3685850234375 0.4725851484375 0.360473709375 0.4776485015625 0.34587335 0.46969179531250005 0.32883960156250003 0.46896847187499996 0.3134532765625 0.47730211093749997 0.333706378125 0.5933821640625 0.30491121875 0.7315392125 0.330461871875 0.744559271875 0.3422232515625 0.6939257953125
0 0.322327653125 0.78351963125 0.340124178125 0.78889938125 0.3497765546875 0.785133571875 0.3446487234375 0.766304446875 0.3346947390625 0.7528550703125 0.33167837499999997 0.7420955703125001 0.32413746718750003 0.7426335374999999 0.3108127515625 0.7427766375 0.3084523640625 0.7646905046875 0.31418345937500003 0.776525959375 0.3211211046875 0.771684196875 0.322327653125 0.78351963125
0 0.3950220015625 0.78889938125 0.397435078125 0.774374071875 0.3871794625 0.7706082421875 0.3811467359375 0.77813988125 0.3778287171875 0.774374071875 0.3636079296875 0.7925101421875 0.36244527031249996 0.8131082578125 0.36908128281249997 0.8287095828125001 0.38355981250000004 0.817412075 0.3950220015625 0.78889938125
1 0.2476689828125 0.6624056640625 0.2499180140625 0.6476978250000001 0.248918453125 0.6276417171875 0.2579146375 0.542068915625 0.2601636875 0.51399034375 0.2626626296875 0.5015109640625 0.27065923281250004 0.5469715171875 0.2746575359375 0.5732673312500001 0.2769065859375 0.6200649546875 0.28665246093749996 0.632990003125 0.29564864375 0.62363051875 0.295398753125 0.5456344453125 0.29165034218749997 0.5001738921875 0.29115054218749997 0.47967207500000003 0.26066346875 0.473878103125 0.23468978593749998 0.45834775937499994 0.23167575624999998 0.48100915468750005 0.2349243671875 0.657948746875 0.24317088125000003 0.6575030625 0.2476689828125 0.6624056640625
0 0.2246286390625 0.6990099546875 0.22369944687499999 0.7084798140624999 0.225557821875 0.7117942687500001 0.23750451093749997 0.710373784375 0.24228318437500002 0.7089533265625 0.2430796375 0.7054021296874999 0.24679637968749998 0.7030346656249999 0.24865475468749998 0.7011406765625 0.24747054531249998 0.6817848843750001 0.24201770625000002 0.6720208624999999 0.234318725 0.6739148328125 0.232194871875 0.6833846921875 0.2246286390625 0.6990099546875
0 0.2807808421875 0.6831562703125 0.2915328703125 0.6824460328125 0.2964442828125 0.6786580921875001 0.297638953125 0.671318946875 0.296577021875 0.6514322484374999 0.2969752484375 0.6341497578124999 0.2957805765625 0.6398316671875001 0.2947186453125 0.6452768343749999 0.289143528125 0.6440931015625 0.2828187390625 0.6439276640625 0.28290470624999997 0.6528527234375 0.2813118078125 0.6694249765625 0.2801171375 0.6760538765625 0.2807808421875 0.6831562703125
1 0.412479253125 0.5673741999999999 0.4096189640625 0.6030838453125 0.41279705624999996 0.65579810625 0.41915324218750005 0.71758143125 0.42868752031249996 0.709079134375 0.4366327515625 0.714180521875 0.4375861890625 0.703977790625 0.445213615625 0.700010025 0.47222740312499994 0.46251253437499995 0.4387295390625 0.4752829328125 0.414386103125 0.478383484375 0.41184364375 0.502189921875 0.412479253125 0.5673741999999999
0 0.4230813515625 0.7433868171875 0.4248034953125 0.752162509375 0.42923188906250004 0.752162509375 0.43243015625 0.7385601578125 0.43661253125000005 0.7324172 0.4353824234375 0.7232026953124999 0.43067098125000003 0.7187462874999999 0.4220972625 0.7245190625 0.41693081718749997 0.7302232765625 0.42012908437499996 0.7403153031249999 0.4230813515625 0.7433868171875
0 0.45112779999999997 0.7271517640625 0.45112779999999997 0.7179372921875 0.44497726406250004 0.7183760703125001 0.4377452796875 0.7171018109375 0.43808865625 0.729784465625 0.4464533890625 0.7341723124999999 0.45112779999999997 0.7271517640625