4 1 0.0017152656249999998 0.8667287984375 0.0017152656249999998 0.8732525624999999 0.2332761578125 0.8443616031250001 0.24528301875 0.822926375 0.2607204109375 0.8350419390624999 0.4116638078125 0.8452935687500001 0.45626072031250003 0.90121155625 0.5351629499999999 0.9058713890625001 0.533447684375 0.9338303828125 0.4511149234375 0.9468779125 0.45283018906250005 0.9543336437500001 0.51286449375 0.9589934765624999 0.5231560890625 0.988816403125 0.4819897078125 1 0.421955403125 1 0.0017152656249999998
4 0.61509785625 0.1217838765625 0.61509785625 0.2418867921875 0.5992544265624999 0.25560891875 0.5740913328125 0.28301886718749997 0.590866728125 0.40994854218750004 0.5983224609375 0.4288164671875 0.6383970171875 0.48713550625 0.6402609499999999 0.4854545453125 0.6561043796875 0.425420240625 0.6794035421875 0.4168439109375 0.6840633734375 0.47684391093749995 0.7315936625 0.42538593437500005 0.7493010250000001 0.3207547171875 0.748369059375 0.288164665625 0.7185461328125 0.2607204109375 0.7166821999999999 0.2281303609375 0.735321528125 0.0446312171875 0.7082945015625 0.027478559375 0.6551724140624999 0.0154716984375 0.636533084375 0.04116638125 0.6234855546875 0.08576329375 0.6169617890625 0.089193825 0.61509785625 0.1217838765625
4 0.3625349484375 0.28301886718749997 0.363466915625 0.3430531734375 0.373718546875 0.39794168124999996 0.4044734390625 0.4288164671875 0.4082013046875 0.4288164671875 0.42124883437499994 0.38593482031250004 0.43802423125 0.41680960625 0.44082013125 0.444517746875 0.484622553125 0.40651801093750006 0.4945874265625 0.358754453125 0.5031901921874999 0.3099353484375 0.474370921875 0.2864494 0.4753028890625 0.20068610625 0.47996272187500005 0.10634648437500001 0.431500465625 0.090909090625 0.38490214375 0.09948542031249999 0.37837837812499997 0.1475128640625 0.38210624375 0.159519725 0.38210624375 0.2813036015625 0.3625349484375 0.28301886718749997
4 0.26933830312499996 0.43053173281249996 0.27679403593749996 0.4511149234375 0.31034482812499997 0.48713550625 0.3205964578125 0.45454545468749996 0.3336439890625 0.4391080625 0.3401677546875 0.45283018906250005 0.3438956203125 0.48027444218750004 0.37465051250000003 0.43396226406249994 0.3774464125 0.4116638078125 0.36067101562500004 0.31560891875 0.3616029828125 0.2795883359375 0.3699906796875 0.22641509375000002 0.36719478125 0.16981132031249999 0.3224603921875 0.16123499218749998 0.26661409375 0.18458899687500002 0.28310273124999996 0.3323657484375 0.258728225 0.34951840624999997 0.26933830312499996 0.43053173281249996
3 0.3109375 0.39609375 0.021875 0.03046875
3 0.64609375 0.33125 0.02421875 0.04765625
3 0.40234375 0.34921875 0.01640625 0.040625
2 0.33359375 0.24296875 0.02578125 0.0609375
2 0.43203125 0.2046875 0.02578125 0.0609375
2 0.690625 0.159375 0.02265625 0.07890625
3 0.9140625 0.346875 0.02578125 0.04453125
2 0.95703125 0.22265625 0.02109375 0.07421875