4 0.204372090625 0.596973196875 0.21062874531250003 0.5954483578125 0.21251430937500002 0.5934660625 0.2154283671875 0.587214228125 0.21962803281249998 0.5712034187499999 0.22288492343750002 0.5608345156250001 0.21774246874999997 0.5564124796875001 0.21200006562499998 0.550770575 0.2110572828125 0.5411640906249999 0.2111429890625 0.5327774765625 0.21525694843749998 0.51768156875 0.2183424203125 0.508380053125 0.21148582187499998 0.5062452765625001 0.2025722328125 0.5042629921875 0.1977726109375 0.5036530546875 0.19048746875 0.504415475 0.1812310484375 0.5054828578125 0.174717275 0.5056353390625 0.17497439374999998 0.5118871875 0.178659821875 0.5280504781250001 0.1799454359375 0.5461960578125 0.1721460484375 0.55122803125 0.1675178390625 0.554887640625 0.17685996406249999 0.587214228125 0.18620209062499998 0.5956008421875 0.1886876046875 0.5980405796875 0.19263015781249998 0.587214228125 0.194858553125 0.5794375515625 0.1979440234375 0.5792850640625 0.1988010984375 0.5768453250000001 0.20128662031250003 0.5859943578125 0.2019722765625 0.5901114234375 0.2006106484375 0.5972595171874999 0.204372090625 0.596973196875
3 0.21015625 0.57890625 0.0046875 0.00859375
2 0.19609375 0.5234375 0.00703125 0.0140625
4 0.2934776078125 0.5811638140625 0.2984179078125 0.5805360078125 0.30344644062500004 0.5777108484375 0.30282889218750003 0.5748856859375 0.2986825703125 0.570177090625 0.2971828390625 0.5612307609375 0.29674174062500003 0.5493023109374999 0.2946244671875 0.535647378125 0.293036509375 0.5238758859375 0.294712684375 0.5175977625 0.2970063953125 0.51634213125 0.291624996875 0.4910726625 0.2874786734375 0.49028789687499996 0.2850967390625 0.4920143796875 0.2841263234375 0.497036878125 0.27698053125 0.49640907500000003 0.2759218984375 0.4912296140625 0.2734517453125 0.49295609687499997 0.2714226890625 0.498920325 0.2708933734375 0.5174407999999999 0.2714226890625 0.5298401140625 0.2719520125 0.5392573078125 0.267629246875 0.5425533234375 0.26348291874999996 0.54537848125 0.2666588328125 0.556993021875 0.2681585640625 0.56954928125 0.27062871718750003 0.57629826875 0.28209727500000004 0.5805360078125 0.2832441265625 0.5808499125 0.2839498875 0.570177090625 0.28765511093749996 0.5725313859375001 0.2911956421875 0.57976886875 0.2934776078125 0.5811638140625
3 0.2921875 0.56015625 0.00546875 0.00859375
2 0.27421875 0.50234375 0.00703125 0.0171875
4 0.3262151390625 0.579146159375 0.3307257265625 0.5760456484375001 0.33359609375 0.5718508296875 0.3344162046875 0.561819746875 0.33349358281249997 0.5419399671875 0.3320583953125 0.5404809015625001 0.32898299531249997 0.518047746875 0.3297005921875 0.5089285875 0.33113578125 0.48467159843749996 0.31709145156249996 0.48686019375 0.3140160515625 0.483394921875 0.3081727953125 0.48084155156249997 0.2997666984375 0.483030146875 0.29699884062500004 0.48704258749999996 0.300074240625 0.4985327296875 0.30376471875 0.51421769375 0.303149640625 0.5319088843750001 0.301919484375 0.539933746875 0.2959737078125 0.5443109500000001 0.301304396875 0.5705741515625 0.31022306093749996 0.5742218140625 0.31288840625000003 0.559266384375 0.3171939625 0.5734922828125 0.3201769859375 0.582997234375 0.3262151390625 0.579146159375
2 0.30625 0.50625 0.0078125 0.01484375
3 0.31796875 0.5546875 0.00546875 0.009375
4 0.39264620781250004 0.594741346875 0.39736271562500003 0.58998094375 0.4037528328125 0.5842965609374999 0.4077846796875 0.5746626421875 0.40816504374999996 0.5662714156249999 0.40436140624999994 0.5647826484375 0.40063384687500003 0.5588275828125 0.3988081046875 0.537172796875 0.395080534375 0.512483721875 0.396830209375 0.5057166 0.3981995203125 0.5069346796875001 0.4040571203125 0.5013856421875 0.396221625 0.4622716890625 0.396678065625 0.45672264218749997 0.395080534375 0.45225634843750007 0.38176780312499997 0.451444296875 0.37279122343750004 0.4526623703125 0.3692158015625 0.4540157953125 0.3654121640625 0.4540157953125 0.3528601609375 0.460512234375 0.35065405156249996 0.4620009984375 0.353316596875 0.4771593546875 0.363358203125 0.512348375 0.3654121640625 0.5160169140625 0.3649557296875 0.5299047953125 0.36252140312500003 0.531393559375 0.3658686 0.5653645015625 0.3664011125 0.5733497062499999 0.36952009375 0.5802521671875 0.3742366015625 0.5848538109375 0.374997328125 0.588237371875 0.3765187828125 0.5904028484375 0.3779641671875 0.5864779203125 0.3780402390625 0.5774099781250001 0.37971384218750004 0.572131621875 0.3834414078125 0.5798461406250001 0.38633216875 0.589996821875 0.3886254953125 0.6017856218750001 0.39264620781250004 0.594741346875
2 0.37578125 0.5203125 0.01015625 0.0234375
3 0.3875 0.5546875 0.00625 0.01171875
4 0.432339084375 0.5660826828125 0.43674335781250007 0.5585483421874999 0.44131702187500005 0.552972928125 0.43530349687500003 0.517571690625 0.4381832125 0.5138045203125 0.43530349687500003 0.5011468234375 0.438945490625 0.4604613765625 0.436828053125 0.44825574531249995 0.4261561734375 0.4484064296875 0.41819460937499997 0.4488584953125 0.41192699531250004 0.446146128125 0.40489710937499995 0.44991329843749994 0.3980366109375 0.45835176874999994 0.3965967546875 0.4619956453125 0.40371133906249995 0.49951666718750004 0.4030337609375 0.531743765625 0.398290703125 0.5303875812500001 0.3993070734375 0.5468124484375 0.4006622328125 0.55916876875 0.40438891874999994 0.5644428078125 0.4164159640625 0.56956615625 0.4176017296875 0.56956615625 0.4176017296875 0.560826321875 0.417093540625 0.5477165671875001 0.4175170265625 0.53897673125 0.41904158437500005 0.540332915625 0.4212437171875 0.5454562640625 0.42463161562499996 0.5566070921875 0.4276807234375 0.5650455515624999 0.4298268078125 0.5703802625 0.432339084375 0.5660826828125
3 0.4265625 0.5359375 0.00703125 0.01171875
1 0.4177602328125 0.375672321875 0.416664853125 0.359692046875 0.41677438906250003 0.3376704875 0.41688392500000004 0.3241562421875 0.414255009375 0.30856573125 0.41020210468749996 0.3079811046875 0.404615659375 0.30739646249999997 0.4023153609375 0.3075913265625 0.40067229062500004 0.31324289843750003 0.4018772078125 0.323766478125 0.40154859375 0.3732977375 0.398481528125 0.41916740781249995 0.39650984375 0.43904528125000003 0.397495684375 0.4589231734375 0.40614919374999997 0.44898423125000003 0.41195471093749997 0.4458661234375 0.41830792343749995 0.44800982500000003 0.42542789843750006 0.44800982500000003 0.4360530890625 0.44800982500000003 0.4339718640625 0.43553742812499996 0.43824385 0.4312500359375 0.43824385 0.4236496734375 0.43725800625 0.40533083750000004 0.43616262499999997 0.3924686828125 0.43462909843749997 0.34611152968750003 0.4332051 0.307525053125 0.42816635 0.306940403125 0.4199509953125 0.307330159375 0.42060822187499997 0.3123970828125 0.42148452968749994 0.329936390625 0.4220322203125 0.35137331562499996 0.4222512921875 0.368133103125 0.421374984375 0.381969665625 0.4188066828125 0.3952000421875 0.4186365328125 0.38307780625 0.4177602328125 0.375672321875
2 0.40703125 0.46171875 0.00625 0.02109375
4 0.476213578125 0.5771323875000001 0.48299414843750005 0.5712377484375 0.4881566359375 0.5642464359375 0.490082934375 0.557803453125 0.49301091250000006 0.5472479453125 0.4920862921875 0.5405307984375 0.4923944953125 0.51314241875 0.4913928171875 0.498611453125 0.4844581375 0.48265174843749997 0.48530570781250004 0.46085529531249997 0.483379409375 0.43741382656249994 0.48345646562500005 0.42470315625 0.4806055390625 0.4266223328125 0.4682772203125 0.4255256625 0.461881909375 0.4253885796875 0.4586457234375 0.4271706734375 0.4551783828125 0.4271706734375 0.4514798921875 0.42730775625 0.44778139375 0.42758193125000005 0.440153246875 0.4311461296875 0.43429729687499996 0.43621825000000003 0.439228621875 0.46089348750000003 0.44423700312500003 0.5093398265625 0.43537602187499996 0.517564896875 0.442773015625 0.5604723875000001 0.4457408359375 0.5655445171875 0.450903321875 0.5710279015624999 0.45336898281250004 0.571850409375 0.4546788640625 0.5763742 0.45776094375 0.5807609078125 0.4575297921875 0.569794134375 0.45722158281249997 0.56376241875 0.4589937796875 0.559238625 0.4625381703125 0.5652703484375 0.46600550937499996 0.5714391562500001 0.469935159375 0.5802125703125001 0.47242688125 0.5868980765625 0.476213578125 0.5771323875000001
3 0.46484375 0.53984375 0.00625 0.0125
2 0.45 0.509375 0.00546875 0.02265625
4 0.5337706125 0.5771022109375 0.533359875 0.571865096875 0.5342498203125 0.56687156875 0.5327437546875 0.5490897390625 0.5300739296875 0.528457015625 0.5314430734375 0.5212712109375001 0.532812215625 0.5193225140625 0.5378095890625 0.4959789078125 0.54198546875 0.47040230312500003 0.540137128125 0.45491133437500003 0.5283625015625 0.4618535515625 0.5195315296875 0.45198829218750003 0.5080307281249999 0.44775445625000004 0.5041286734375 0.4495813578125 0.503170271875 0.453844125 0.506045475 0.47661948125000003 0.5063196999999999 0.488938821875 0.5070047296875 0.5236070625 0.50063821875 0.530914671875 0.5076893 0.56440784375 0.5150826734375 0.5726897921874999 0.520353871875 0.5743948999999999 0.522476046875 0.5784140796874999 0.522476046875 0.5773179390625 0.5206961578125 0.5706193046875 0.5196693 0.562093765625 0.5197377609375 0.557709209375 0.5228867890625 0.5583181765624999 0.527268046875 0.5696449593749999 0.5305630421875 0.57805095 0.5337706125 0.5771022109375
3 0.52578125 0.54609375 0.00546875 0.01171875
2 0.51171875 0.49765625 0.0078125 0.021875
0 0.514528934375 0.26175704375 0.512752203125 0.2596497109375 0.5106793625 0.25951800468749997 0.5089026375000001 0.2583326265625 0.5072739703125 0.2555667515625 0.502239921875 0.25253745312500003 0.49757601874999996 0.2516154984375 0.49335630156250004 0.2530642890625 0.49261600000000005 0.2547764921875 0.49335630156250004 0.2583326265625 0.4941706328125 0.2625472921875 0.4961694453125 0.2667619671875 0.49853841406250005 0.2712400453125 0.5006112546875 0.27308396562500004 0.5024620093750001 0.2759815578125 0.5052011296875001 0.275323015625 0.5078662140625 0.2692644203125 0.5128556640624999 0.276653728125 0.514528934375 0.26175704375
0 0.46914725781250005 0.2823711515625 0.4732929515625 0.2821077234375 0.4758099734375 0.279736984375 0.476624309375 0.2715710546875 0.4784010296875 0.2618246390625 0.4784750640625 0.254053840625 0.4746254921875 0.251287965625 0.470109653125 0.2508928359375 0.4664821734375 0.2528684625 0.4650015703125 0.25431725312500003 0.4650015703125 0.259717296875 0.46551978437499997 0.2689368859375 0.4662088625 0.2791218125 0.46914725781250005 0.2823711515625
0 0.46470445781249997 0.28105406718750003 0.46596297499999995 0.2767076859375 0.46389012812499997 0.27591743750000003 0.45981846875 0.27525889531250003 0.4538960546875 0.27262472656250003 0.4478996125 0.2728881390625 0.44353183124999995 0.2755223078125 0.4407927140625 0.2786833171875 0.4410148078125 0.2832931125 0.443309740625 0.284873609375 0.449676334375 0.28632240468750003 0.45441426875 0.289746821875 0.45693129062500004 0.29593711875 0.45989249687499995 0.29448832812500003 0.464450353125 0.29096861875 0.46470445781249997 0.28105406718750003
0 0.4291450859375 0.304761584375 0.430033446875 0.3005469140625 0.4295152375 0.2894834046875 0.428626871875 0.2890882796875 0.42692418125 0.28368823593750003 0.4230005796875 0.2814491828125 0.420261465625 0.282239440625 0.41589368593750003 0.2825028578125 0.4135247171875 0.2823711515625 0.41404293125 0.2865858234375 0.41589368593750003 0.292380990625 0.41767041093749996 0.2988347046875 0.42011340312499995 0.3054201265625 0.42388894062500004 0.304761584375 0.4276141875 0.30199273125000003 0.4291450859375 0.304761584375
0 0.4067669734375 0.307790878125 0.41098669687499995 0.3067372109375 0.41379983906250006 0.30634208749999997 0.41468820468749995 0.3095030859375 0.41602074531250005 0.30357620625 0.41676104687500004 0.294620034375 0.41476223437500004 0.291985865625 0.41076460312499996 0.2911956171875 0.4053604046875 0.2873760609375 0.39966007812500004 0.2856638625 0.3977352953125 0.28698094687500003 0.39336751406250003 0.2886931453125 0.39336751406250003 0.29066878281249997 0.3942558765625 0.2929078265625 0.39699499375 0.2958054125 0.39966007812500004 0.300020078125 0.40373546875 0.30627074374999996 0.4067669734375 0.307790878125
0 0.3897985640625 0.32026185156250003 0.39115681874999997 0.31939191718750004 0.3928953859375 0.317072078125 0.3941449828125 0.3172653984375 0.3941449828125 0.31977855312500003 0.39599220625 0.32219505000000004 0.39881738125 0.32325831250000003 0.401588221875 0.32113179375 0.40109924843749994 0.31736205625 0.401588221875 0.3105958625 0.40381576093750005 0.3064394875 0.40310947031250005 0.3029597328125 0.40039295781249995 0.30025325625 0.3971874734375 0.3022831125 0.3928953859375 0.30605285000000004 0.390667846875 0.3058595296875 0.38762535468750003 0.3075994078125 0.387842671875 0.3113691453125 0.388711959375 0.316105478125 0.389558515625 0.3194061734375 0.3897985640625 0.32026185156250003
0 0.34868359375 0.31103807968749997 0.3510544953125 0.30669215312500003 0.3522040203125 0.30707561562499996 0.3517011046875 0.30848165 0.352635090625 0.310526796875 0.3557244453125 0.3141057953125 0.357376890625 0.3141057953125 0.3593167140625 0.3129554015625 0.361974990625 0.3133388640625 0.3632682109375 0.3107824359375 0.363196365625 0.30745907968749997 0.3659264875 0.30477483125 0.36750708906249996 0.3017071140625 0.3692313796875 0.2951882234375 0.366573096875 0.2928874328125 0.3626216 0.2907144734375 0.35996332343750004 0.289947540625 0.354503075 0.2908422828125 0.3500486578125 0.29416564843750004 0.3482525234375 0.29595515 0.34753406875000004 0.2954438625 0.344372871875 0.297872471875 0.344372871875 0.30068454375 0.3459534734375 0.30784254375 0.3472466875 0.3121884734375 0.347268825 0.3154066109375 0.34868359375 0.31103807968749997
1 0.4791043046875 0.3900518109375 0.4783375328125 0.38147703437499997 0.47888522343749995 0.36997904843749996 0.4794329140625 0.337452171875 0.4791043046875 0.3179640515625 0.47680400624999997 0.29847593125 0.47768030625 0.28775746562500004 0.4766944609375 0.2801570953125 0.47351786406249996 0.2824956640625 0.468040959375 0.28269055625 0.46519296250000003 0.2801570953125 0.46453573593749997 0.29126531718750004 0.45697760625 0.2969168765625 0.4570871515625 0.3051018953125 0.45807298750000003 0.3134817859375 0.454896390625 0.3234178515625 0.4529247015625 0.3415418171875 0.44876225156249994 0.3818153609375 0.4450379625 0.40520110468750004 0.44240904687500004 0.4215711296875 0.44240904687500004 0.428586853125 0.45139116718750005 0.4260533984375 0.45829206874999995 0.4260533984375 0.4637689734375 0.4248841109375 0.480747375 0.42624827656250003 0.4827602234375 0.42392816250000004 0.4808569109375 0.41012457343750003 0.4791043046875 0.3900518109375
1 0.3938655859375 0.43827285781249997 0.3946704890625 0.426180384375 0.3948493515625 0.4050047734375 0.39636970625 0.3995949796875 0.39619084375 0.392275853125 0.399052690625 0.38511583437499997 0.3977111984375 0.34183749375 0.39628028125000003 0.3375414875 0.39619084375 0.324971675 0.3940444625 0.3201983296875 0.39243466875 0.3209938859375 0.38867849374999996 0.322107675 0.38778416718750003 0.32656278906249997 0.38885735781249997 0.331654365625 0.38778416718750003 0.3351548140625 0.3870687015625 0.349952190625 0.387515865625 0.3587033234375 0.38635323593750004 0.365067778125 0.3851906078125 0.378114925 0.38411741718750003 0.3817744890625 0.38214989843749997 0.38495671875 0.37955633906249997 0.393707853125 0.3785725859375 0.4022998765625 0.3758896015625 0.41009634375 0.37338548125000004 0.432690178125 0.3709707984375 0.4344404046875 0.36936100625 0.43300840156250003 0.36703574687499996 0.4110510109375 0.3646210640625 0.400549653125 0.3606860203125 0.3763647 0.35871850156249996 0.365290346875 0.35658342187500003 0.31737458749999997 0.3521899046875 0.3178751140625 0.34512472031249997 0.3194662296875 0.3417262703125 0.3208982359375 0.340921375 0.32280756875 0.3424417359375 0.3288538109375 0.3433360640625 0.34826541875 0.3468239375 0.40010777812500004 0.34816542968749997 0.44688656406250005 0.3512061453125 0.46054847031249996 0.3673040484375 0.45259289375 0.3731171796875 0.45227467031249996 0.3872475640625 0.45132000312500004 0.39431275 0.45132000312500004 0.39431275 0.44304620312500004 0.3938655859375 0.43827285781249997
0 0.3226284609375 0.3447141375 0.32442735 0.3383974625 0.3247113890625 0.33418635 0.324190653125 0.32989101875000004 0.321729009375 0.3279539109375 0.3204035078125 0.3271116875 0.318273240625 0.3282907953125 0.31557489843750003 0.3301436875 0.3151015046875 0.332333465625 0.31514884374999996 0.34025035937500003 0.3156222359375 0.3466512484375 0.3159536140625 0.338060578125 0.3191726890625 0.3379763515625 0.3226284609375 0.3373868015625 0.3233858859375 0.338650134375 0.3233385515625 0.34008190781250003 0.322675796875 0.3415979140625 0.322387325 0.3433254078125 0.3226284609375 0.3447141375
0 0.31533820156250003 0.3463289328125 0.3152435234375 0.3390858203125 0.3133499515625 0.3391700421875 0.3133026125 0.3423704890625 0.309988859375 0.340517596875 0.3099415171875 0.33874892968750003 0.304686853125 0.3373171546875 0.2982013671875 0.336559153125 0.2955030234375 0.33706448437500003 0.2947455953125 0.33950693125 0.2947455953125 0.3408544859375 0.3016571359375 0.34582360156249997 0.3026512640625 0.3452340375 0.30544428125 0.3452340375 0.3079532671875 0.346497371875 0.3115510546875 0.3480976015625 0.31587708124999997 0.350900965625 0.31533820156250003 0.3463289328125
1 0.3001246515625 0.48296784062500003 0.30604966875 0.4814619390625 0.310281828125 0.4814619390625 0.315548521875 0.48464106874999996 0.3180878140625 0.48664893749999993 0.32467117343749996 0.48514303593749997 0.3307842984375 0.4844737453125 0.33106643125 0.4712552703125 0.3241068859375 0.4350081125 0.323636646875 0.42563805625000006 0.323448546875 0.4145947671875 0.325423559375 0.40221290625000006 0.32467117343749996 0.3761105953125 0.323636646875 0.36188818437500003 0.32326045312499996 0.35318741875000004 0.3198747265625 0.35151419375000004 0.3161128078125 0.351012221875 0.315360421875 0.35569725625 0.3089651625 0.3572031484375 0.30717825 0.3893290734375 0.3058615765625 0.40555935625000006 0.306519909375 0.4124195765625 0.30520324374999996 0.41509673437499994 0.3042627640625 0.42987607499999997 0.3014413234375 0.45028942031249997 0.3001246515625 0.4625039609375 0.299851565625 0.48093558437499995 0.3001246515625 0.48296784062500003
1 0.2689214390625 0.4852173125 0.27281866250000003 0.4792511734375 0.2750844890625 0.46893137500000004 0.284782221875 0.4694151140625 0.2954769171875 0.4845723234375 0.299192878125 0.48344359687500005 0.300371109375 0.45266907031250003 0.29846781093749997 0.4373506171875 0.29973668125 0.4200972015625 0.299283515625 0.39816761875 0.2975614796875 0.36882068437500004 0.29565819375 0.36156457343750004 0.287954378125 0.36269329687499996 0.28741058124999996 0.37575429531250004 0.2855072890625 0.4321907203125 0.2826070265625 0.406874953125 0.2826070265625 0.3820429265625 0.28088499843750003 0.36930441875 0.2798880359375 0.36156457343750004 0.2716404296875 0.36269329687499996 0.27082473125 0.3972001390625 0.26982776875000003 0.43624553437499997 0.269283971875 0.44753281874999995 0.2670181453125 0.46688244687499997 0.26618842656249997 0.4852793984375 0.2689214390625 0.4852173125
0 0.2805528859375 0.361872334375 0.28079322812499996 0.35887910624999997 0.280432709375 0.3526788515625 0.27935115625 0.3512891453125 0.278329684375 0.3463717046875 0.2761665734375 0.3460509984375 0.27135965781250004 0.3454095953125 0.2690162859375 0.346264796875 0.2687759390625 0.3478683109375 0.26925663125 0.35139604375 0.27027809999999997 0.3546030703125 0.27123948593749997 0.3564203828125 0.2720206078125 0.3536409609375 0.275085015625 0.3546030703125 0.2780893375 0.357810096875 0.2787124828125 0.3614814984375 0.2805528859375 0.361872334375
0 0.2881599 0.3534050390625 0.2898822640625 0.353772753125 0.2925691546875 0.35591775625 0.2943604125 0.35947233125 0.2952904890625 0.36155605 0.2965994875 0.36155605 0.29749511875 0.3591046171875 0.297116196875 0.354753325 0.296013884375 0.35040203281250004 0.2931972484375 0.34614563125000003 0.2899592046875 0.3455327734375 0.28585997343749997 0.3447973453125 0.2828975078125 0.34541020312500004 0.282725271875 0.347739065625 0.283345325 0.35031306875 0.2857967015625 0.3553297515625 0.2870920359375 0.3539566078125 0.2881599 0.3534050390625
1 0.1866840078125 0.504381471875 0.19590491875 0.50352926875 0.20548508124999998 0.504168425 0.21350846406250001 0.5060859015625 0.20835913125 0.4432352640625 0.20835913125 0.4381219734375 0.20859863125000003 0.40424656406250004 0.207760371875 0.3978549734375 0.21015541249999997 0.3837934609375 0.19865920937499998 0.38187599687499996 0.195186409375 0.432795646875 0.195306159375 0.3831543109375 0.1845284765625 0.38059766562499997 0.186085246875 0.39231558125 0.18380996562500002 0.4070162421875 0.1846482265625 0.4274693296875 0.183091446875 0.4417438921875 0.1815346765625 0.47093215781250003 0.178301365625 0.49394188281250007 0.1775919921875 0.5040905125 0.1866840078125 0.504381471875
0 0.194160740625 0.3816167546875 0.194160740625 0.380099896875 0.1933649890625 0.37241448125 0.19012515000000002 0.3714032421875 0.1871126625 0.366852665625 0.1822244796875 0.367257159375 0.1798372296875 0.36766165625 0.1800077453125 0.3697852578125 0.1806329765625 0.3740324625 0.182395 0.37696505625 0.184327534375 0.3799987734375 0.18472541250000002 0.3799987734375 0.18296339374999998 0.3766616828125 0.183304428125 0.376054940625 0.1864305921875 0.376054940625 0.188704165625 0.37696505625 0.19059994062500002 0.37969074375 0.194160740625 0.3816167546875
0 0.20511865 0.3759538171875 0.208472171875 0.376054940625 0.2103478671875 0.37686393125 0.2098363125 0.3796953984375 0.2078469359375 0.382223496875 0.208926884375 0.382223496875 0.2104615484375 0.3790886578125 0.211257296875 0.3738302140625 0.2115983359375 0.36998750625 0.211370978125 0.36766165625 0.20852901093749998 0.3669537890625 0.204834453125 0.3671560375 0.2030155921875 0.3719088609375 0.20295875312499997 0.3763583109375 0.201765128125 0.3790886578125 0.2018275859375 0.380575059375 0.2035839859375 0.377268428125 0.20511865 0.3759538171875
0 0.24806250468750002 0.362190240625 0.2432488375 0.3590252421875 0.24094665 0.356418778125 0.23686549375000002 0.3562326046875 0.23205182500000002 0.35697731093749996 0.23226111249999998 0.362190240625 0.23404007343750002 0.367030809375 0.23665619843750002 0.3703819578125 0.24094665 0.378201359375 0.2429348984375 0.37708430000000004 0.2480762625 0.374536965625 0.24806250468750002 0.362190240625
1 0.14893435156249998 0.5011498265625 0.14949116406250001 0.4777708484375 0.1482661703125 0.45320310937499997 0.14982524531250002 0.42506909375 0.14993660625 0.40545451874999994 0.14982524531250002 0.3824718 0.14715254687499998 0.38266992499999997 0.1420298765625 0.378113015625 0.13902309531249998 0.3787073859375 0.13857764374999998 0.392180021875 0.1392458171875 0.4276447421875 0.138800365625 0.44844806718749997 0.1356822234375 0.4720251609375 0.13378905624999998 0.47400643125 0.12721868125 0.4367585765625 0.12231873281250001 0.39970885156249997 0.11975739375000001 0.38940624218750003 0.119534671875 0.3787073859375 0.11708469375 0.3743486 0.11340973593749999 0.3785092625 0.1078416140625 0.38009428437500004 0.1090666046875 0.387028725 0.11018022812499999 0.3929725328125 0.11018022812499999 0.40307700156250004 0.11140521249999999 0.4133795875 0.114523359375 0.434579184375 0.116416521875 0.4464667984375 0.119089221875 0.50111845 0.1204255671875 0.5102322921875 0.12966865 0.5082510234375001 0.13401178593750002 0.510628540625 0.1393571765625 0.5120154296874999 0.146076215625 0.5138341890625 0.14893435156249998 0.5011498265625
2 0.1375 0.4890625 0.00546875 0.0234375
0 0.1508901265625 0.3780397625 0.1531196625 0.3772230984375 0.155939365625 0.3765231203125 0.15574264531249998 0.3727898421875 0.153513109375 0.37138985468749997 0.14852944375 0.370689871875 0.1455785890625 0.371973178125 0.14308675312500002 0.3730231734375 0.1400047515625 0.3724398484375 0.1385621078125 0.3746564796875 0.1389555546875 0.3783897484375 0.14210313593749999 0.3780397625 0.1447261171875 0.3800230671875 0.1466933546875 0.37967306875 0.148895515625 0.3809893296875 0.1508901265625 0.3780397625
0 0.11705736562499999 0.374650990625 0.11693722656250001 0.371338053125 0.11603619843749999 0.371338053125 0.1145344859375 0.3687731953125 0.11111058124999999 0.36663581562499997 0.105223865625 0.36588773125 0.10450304531250001 0.36898693437499996 0.1048033875 0.3717655265625 0.1069057859375 0.3741166453125 0.10888804375000001 0.3778570609375 0.1119515421875 0.37657463281250003 0.11386388750000001 0.37742591718749996 0.11705736562499999 0.374650990625