4 0.61640625 0.2078125 0.15 0.3109375
3 0.559375 0.29453125 0.021875 0.0359375
4 0.809375 0.13828125 0.271875 0.2765625
3 0.71171875 0.08671875 0.03125 0.059375
4 0.95546875 0.45234375 0.0890625 0.1890625
3 0.9375 0.47265625 0.015625 0.03125
3 0.74609375 0.5796875 0.0109375 0.015625
3 0.56484375 0.58515625 0.00625 0.0140625
3 0.47109375 0.54921875 0.009375 0.0140625
3 0.35859375 0.70390625 0.00625 0.00625
1 0.495636584375 0 0.47511621249999997 0.000358184375 0.479678946875 0.0102705484375 0.48368107968749996 0.0249507953125 0.48780955 0.031540071875 0.49546330781250003 0.0561485875 0.4975266453125 0.0670561984375 0.49633038125000006 0.075165846875 0.49719924843749996 0.0789571609375 0.50898326875 0.0949290046875 0.5193219421874999 0.10474055 0.5386885828125 0.11058803125000001 0.5654367812500001 0.110121140625 0.5839677640625001 0.11407996875 0.600505534375 0.1149808265625 0.6076491203125001 0.1065294609375 0.61474659375 0.0992684265625 0.62217796875 0.09580804375 0.639959909375 0.07218297500000001 0.6454773968749999 0.0663769484375 0.6520544359375 0.059957665625 0.6671751890625 0.044824673437500004 0.6605014921875 0.0380419203125 0.6468765140625 0.0392313640625 0.6422878078125 0.0369324109375 0.637825434375 0.0265424859375 0.6256992078125 0.006294326562499999 0.6247020171875 0 0.495636584375 0