0 0.693970459375 0.87421155625 0.7050403625 0.8737419046875001 0.7105753046875 0.8695146218750001 0.7113660187499999 0.8573026390624999 0.7105753046875 0.84556030625 0.7074124859375 0.8563632125 0.7047767984375 0.8563632125 0.6944726515624999 0.8562181859375 0.693970459375 0.87421155625
0 0.7166373953125 0.829590690625 0.7213816234375 0.8450905843750001 0.7340329359375 0.8483784234374999 0.7366686234375 0.8422724125000001 0.736405059375 0.8361664390625 0.7337693703125 0.8267725374999999 0.7231405546875 0.8309869750000001 0.7166373953125 0.829590690625
1 0.7165277921875 0.59767855625 0.699481153125 0.592718871875 0.6639962515625 0.5784598 0.6921754203125 0.8072249781249999 0.691827534375 0.8332632953125 0.703655834375 0.8332632953125 0.7179193609375 0.8301634968749999 0.7283560921875 0.8221039984375 0.7437354390625 0.5926437921875001 0.7165277921875 0.59767855625
1 0.608938203125 0.5516545640625 0.5893680890625 0.5673482875 0.5428890703125 0.5847857640624999 0.5502278625 0.754801165625 0.5649054484375 0.943997796875 0.58887884375 0.9335353375000001 0.5830077874999999 0.7085918578125 0.5903465812500001 0.6833075015625 0.6104059765625001 0.8672729046875001 0.6470999390625 0.8777353640625 0.6260620515624999 0.6379700546875 0.6255367015625 0.5578898625 0.608938203125 0.5516545640625
0 0.61528685625 0.9428052593749999 0.6267672703125 0.941565359375 0.6372040015625 0.9285462125 0.636856115625 0.8826691765625 0.63302929375 0.8826691765625 0.635464546875 0.9136671671875 0.63163775 0.9186268640625 0.6162990515625 0.917157315625 0.61528685625 0.9428052593749999
0 0.5799725671875 1 0.58866984375 0.9948637124999999 0.59180086875 0.966965521875 0.5883219578125 0.9520864765624999 0.5851909328125 0.9781248171874999 0.578581025 0.97564496875 0.56671629375 0.9791169390625001 0.5601427890624999 0.9899040640625 0.5639695859375 1 0.5799725671875 1
0 0.45019329687500004 0.8762816265625 0.46136593281250005 0.8762816265625 0.469456453125 0.8659832453125 0.4675301375 0.8577445859375 0.456591875 0.8587244546875 0.45019329687500004 0.8762816265625
0 0.4667596234375 0.8556848625000001 0.470612253125 0.8666697937500001 0.48024383125 0.8666697937500001 0.48371120625 0.8598042046875 0.481014346875 0.8556848625000001 0.473449953125 0.8441436359375001 0.4667596234375 0.8556848625000001
1 0.440987165625 0.6851720953125 0.452495153125 0.8517983921875001 0.4643627890625 0.855643603125 0.4740726515625 0.8389809859374999 0.48126515000000003 0.7607948078125 0.47551115624999996 0.648642509375 0.46580129374999996 0.64607901875 0.460832090625 0.61343354375 0.42660216718750005 0.6095494078125 0.440987165625 0.6851720953125
4 0.699835390625 0.3777216609375 0.69865885625 0.38568891562499996 0.67536345625 0.39072087187500004 0.6605391234375 0.4490076515625 0.6610097296874999 0.4586522234375 0.6751281515625001 0.47290941093749994 0.671598546875 0.5014238171875001 0.6744222234375 0.5454533953125 0.66383340625 0.5567752734375 0.6633628 0.5752258015625 0.70054131875 0.595772896875 0.704306228125 0.57690309375 0.7061886734375 0.591579603125 0.7377198203125 0.59367625 0.74924986875 0.5823543718749999 0.73936698125 0.5186163125000001 0.7403081953124999 0.4682967953125 0.7428965859375001 0.4804573515625 0.7556031515625 0.4771027046875 0.7633682921875 0.46242617812500003 0.7607799187500001 0.4464916671875 0.7605446140625001 0.43810508125 0.7539560109375001 0.42887984062499995 0.7523088687499999 0.4104293515625 0.7325430734375 0.391559525 0.7287781640625 0.37981830781250003 0.7271310046874999 0.37981830781250003 0.7283075390625 0.389882209375 0.7228954890625 0.42552520156250007 0.711836046875 0.43055715625 0.7014825328125001 0.41001002187499996 0.7022280109375 0.3835660796875 0.699835390625 0.3777216609375
3 0.69296875 0.42890625 0.015625 0.0234375
2 0.721875 0.50390625 0.02109375 0.0453125
4 0.43412638125 0.4191751953125 0.41905640312500003 0.43345280468749997 0.4095184359375 0.4956623828125 0.42592373749999995 0.5038210078125 0.42821284375 0.4939626671875 0.43050196406249996 0.5116396937500001 0.427640575 0.5415546906250001 0.4194379171875 0.597985240625 0.42630524999999997 0.6088634078124999 0.46178648593749994 0.6132826765625 0.45778054218750003 0.5636509875 0.46178648593749994 0.5425745171874999 0.47380433125000004 0.5418946296875 0.48582216875000006 0.502936746875 0.4732320546875 0.487299371875 0.4753304046875 0.466222903125 0.484486859375 0.44956570156250003 0.482960778125 0.43256854999999994 0.46960763125 0.41557139843749996 0.4646478765625 0.4437866671875 0.45548182343750004 0.41966836250000006 0.43412638125 0.4191751953125
3 0.44609375 0.4625 0.0125 0.0203125