1 0.69140625 0.259375 0.328125 0.115625
1 0.7375 0.61953125 0.3609375 0.128125
1 0.7265625 0.4359375 0.3640625 0.115625
4 0.40859375 0.4640625 0.3078125 0.146875
4 0.44921875 0.63671875 0.328125 0.1796875
3 0.3671875 0.675 0.0234375 0.021875
3 0.33515625 0.496875 0.028125 0.0171875
2 0.4796875 0.45859375 0.075 0.0125
2 0.5390625 0.6421875 0.053125 0.028125
4 0.43515625 0.27734375 0.278125 0.1390625
3 0.38515625 0.3140625 0.0390625 0.0140625
2 0.48984375 0.278125 0.059375 0.028125
0 0.86015625 0.24765625 0.059375 0.0375
0 0.9328125 0.41796875 0.065625 0.0359375
0 0.92734375 0.4453125 0.1015625 0.0375
0 0.95703125 0.5828125 0.0859375 0.04375
0 0.96328125 0.6171875 0.0703125 0.034375