1 0.18125 0.53828125 0.3625 0.109375
4 0.55390625 0.56171875 0.4109375 0.1421875
3 0.634375 0.55546875 0.0390625 0.01875
4 0.56875 0.3703125 0.2796875 0.0984375
3 0.6359375 0.3890625 0.025 0.015625
2 0.5015625 0.35390625 0.05625 0.025
1 0.221875 0.3359375 0.4375 0.1140625
0 0.0078125 0.3078125 0.009375 0.0328125
0 0.053125 0.35 0.078125 0.0328125
0 0.02265625 0.5671875 0.0453125 0.05
0 0.0171875 0.47890625 0.034375 0.0515625
4 0.43203125 0.80625 0.15625 0.071875
1 0.28125 0.8078125 0.1671875 0.05625
0 0.190625 0.79453125 0.03125 0.0125
0 0.19375 0.815625 0.0296875 0.015625
0 0.2015625 0.6359375 0.0140625 0.0046875
0 0.19765625 0.646875 0.025 0.0140625
1 0.3015625 0.64609375 0.1703125 0.053125