4 0.0640625 0.54375 0.12734375 0.15390625
4 0.1703125 0.56171875 0.10234375 0.11484375
4 0.3421875 0.5578125 0.08515625 0.0921875
4 0.6578125 0.559375 0.1078125 0.1015625
4 0.7390625 0.53125 0.071875 0.11015625
4 0.80078125 0.54140625 0.04921875 0.13828125
4 0.90546875 0.5390625 0.1890625 0.190625
4 0.88828125 0.6984375 0.21875 0.15703125
4 0.7453125 0.6765625 0.10390625 0.08515625
4 0.66796875 0.68359375 0.09765625 0.10703125
4 0.5875 0.65 0.10234375 0.10234375
4 0.29765625 0.678125 0.11484375 0.1046875
4 0.2046875 0.678125 0.10546875 0.11640625
4 0.071875 0.70625 0.14375 0.11328125
2 0.06171875 0.534375 0.02734375 0.02421875
3 0.084375 0.51171875 0.01953125 0.01484375
3 0.2015625 0.53671875 0.01328125 0.01328125
3 0.0921875 0.70625 0.01875 0.01640625
3 0.3296875 0.66328125 0.01875 0.015625
3 0.61328125 0.6421875 0.02109375 0.01796875
3 0.66640625 0.5359375 0.01328125 0.01171875
3 0.88046875 0.6890625 0.028125 0.0203125
3 0.91953125 0.503125 0.0171875 0.01328125
2 0.165625 0.59140625 0.0234375 0.02578125
2 0.3515625 0.58828125 0.025 0.025
2 0.2328125 0.7046875 0.01953125 0.0234375
2 0.59140625 0.68671875 0.0203125 0.0140625
2 0.6484375 0.575 0.0203125 0.02421875
2 0.746875 0.54921875 0.01328125 0.0140625
0 0.81171875 0.80859375 0.10234375 0.03984375
0 0.9328125 0.8203125 0.06328125 0.0484375
0 0.98359375 0.809375 0.0328125 0.04375
2 0.865625 0.55859375 0.03046875 0.02109375