4 0 0.9982847343750001 0.1332712015625 0.9982847343750001 0.1267474375 0.7667238421875 0.155638396875 0.75471698125 0.17707362499999998 0.7392795890625 0.1649580609375 0.5883361921875 0.15470643125 0.5437392796875 0.09878844375 0.46483705000000003 0.0941286109375 0.466552315625 0.0661696171875 0.5488850765625 0.053122087500000005 0.5471698109375 0.04566635625 0.48713550625 0.0410065234375 0.47684391093749995 0.011183596875 0.5180102921875 0 0.578044596875 0 0.9982847343750001
4 0.26467847187500004 0.9553687828124999 0.2917054984375 0.972521440625 0.34482758593749996 0.9845283015625 0.363466915625 0.95883361875 0.3765144453125 0.91423670625 0.3830382109375 0.9108061749999999 0.38490214375 0.8782161234375 0.38490214375 0.7581132078125 0.4007455734375 0.7443910812500001 0.4259086671875 0.7169811328125 0.40913327187500004 0.5900514578125 0.4016775390625 0.5711835328125 0.3616029828125 0.51286449375 0.35973905 0.5145454546875 0.3438956203125 0.5745797593749999 0.3205964578125 0.5831560890625 0.3159366265625 0.5231560890625 0.2684063375 0.574614065625 0.250698975 0.6792452828125 0.251630940625 0.711835334375 0.2814538671875 0.7392795890625 0.2833178 0.7718696390625001 0.26467847187500004 0.9553687828124999
4 0.520037278125 0.8936535156250001 0.568499534375 0.9090909093749999 0.61509785625 0.9005145796875 0.6216216218749999 0.8524871359375 0.61789375625 0.840480275 0.61789375625 0.7186963984375 0.6374650515625 0.7169811328125 0.636533084375 0.6569468265625 0.626281453125 0.6020583187499999 0.5955265609375 0.5711835328125 0.5917986953125001 0.5711835328125 0.5787511656250001 0.6140651796875 0.56197576875 0.58319039375 0.55917986875 0.555482253125 0.515377446875 0.5934819890624999 0.5054125734375 0.641245546875 0.4968098078125 0.6900646515625 0.5256290781249999 0.7135506 0.5246971109375 0.7993138937500001 0.520037278125 0.8936535156250001
4 0.6300093203125 0.77358490625 0.63280521875 0.8301886796875 0.6775396078125 0.8387650078125001 0.73338590625 0.8154110031249999 0.71689726875 0.6676342515625 0.741271775 0.65048159375 0.730661696875 0.5694682671875 0.7232059640624999 0.5488850765625 0.6896551718749999 0.51286449375 0.6794035421875 0.5454545453125 0.6663560109375 0.5608919375 0.6598322453125001 0.5471698109375 0.6561043796875 0.5197255578125 0.6253494875000001 0.5660377359375001 0.6225535875 0.5883361921875 0.639328984375 0.68439108125 0.6383970171875 0.7204116640625 0.6300093203125 0.77358490625
3 0.6890625 0.60390625 0.021875 0.03046875
3 0.35390625 0.66875 0.02421875 0.04765625
3 0.59765625 0.65078125 0.01640625 0.040625
2 0.66640625 0.75703125 0.02578125 0.0609375
2 0.56796875 0.7953125 0.02578125 0.0609375
2 0.309375 0.840625 0.02265625 0.07890625
3 0.0859375 0.653125 0.02578125 0.04453125
2 0.04296875 0.77734375 0.02109375 0.07421875