1 0.27734375 0.25625 0.3375 0.1140625
1 0.2625 0.63359375 0.371875 0.125
1 0.25703125 0.4421875 0.375 0.1125
4 0.5875 0.4421875 0.3171875 0.1484375
4 0.5625 0.6234375 0.3375 0.1796875
3 0.65078125 0.65703125 0.0234375 0.0234375
3 0.6671875 0.4703125 0.03125 0.01875
2 0.5140625 0.44375 0.0765625 0.0125
2 0.46953125 0.6375 0.0546875 0.0265625
4 0.54375 0.2515625 0.2859375 0.140625
3 0.5984375 0.2859375 0.040625 0.015625
2 0.48671875 0.2578125 0.0609375 0.0265625
0 0.10234375 0.26015625 0.0609375 0.0359375
0 0.04296875 0.44140625 0.0671875 0.0359375
0 0.0515625 0.4703125 0.103125 0.0375
0 0.040625 0.61640625 0.075 0.04375
0 0.03515625 0.65078125 0.0625 0.0328125