4 0.3375 0.86328125 0.36875 0.2734375
2 0.31875 0.88125 0.053125 0.0265625
3 0.24921875 0.84453125 0.0328125 0.028125
4 0.48515625 0.509375 0.315625 0.21875
2 0.49453125 0.50078125 0.0515625 0.028125
3 0.4296875 0.47734375 0.0328125 0.0203125
4 0.46484375 0.4046875 0.2921875 0.1703125
3 0.39453125 0.4125 0.0265625 0.0203125
4 0.44921875 0.24296875 0.309375 0.20625
3 0.39140625 0.21796875 0.025 0.01875
2 0.4921875 0.2125 0.04375 0.0265625
1 0.7 0.36875 0.225 0.1515625
1 0.6703125 0.21171875 0.2046875 0.1171875
0 0.80390625 0.17578125 0.05625 0.0578125
0 0.7625 0.240625 0.0953125 0.0484375
0 0.80546875 0.30703125 0.059375 0.0640625
0 0.81875 0.390625 0.034375 0.0359375
0 0.865625 0.42265625 0.05 0.046875
4 0.73359375 0.4625 0.253125 0.146875
0 0.746875 0.746875 0.115625 0.0671875
0 0.82578125 0.4875 0.059375 0.0484375