1 0.5265625 0.21484375 0.1796875 0.3796875
1 0.3515625 0.32265625 0.1203125 0.23125
0 0.115625 0.06484375 0.0515625 0.059375
0 0.1765625 0.1046875 0.0625 0.1203125
4 0.3796875 0.49765625 0.10625 0.1859375
3 0.396875 0.55 0.01875 0.021875
4 0.22109375 0.6140625 0.2375 0.3921875
3 0.28828125 0.66953125 0.0265625 0.040625
2 0.25078125 0.5859375 0.040625 0.06875
2 0.36171875 0.4515625 0.0234375 0.0328125
0 0.290625 0.20390625 0.040625 0.028125
0 0.35859375 0.19296875 0.03125 0.034375
0 0.48828125 0.03125 0.0484375 0.0359375
0 0.53671875 0.01484375 0.0453125 0.0296875
1 0.18671875 0.26015625 0.1640625 0.3609375