1 0.2229938265625 0.45819581875 0.2469135796875 0.42381738125 0.2808641984375 0.41419141875000004 0.30694444375 0.4216171609375 0.31990740781250004 0.42409240937500003 0.2870370375 0.20214521406250002 0.28148148125 0.17656765624999998 0.28472222187499996 0.1608910890625 0.28055555625 0.14273927343749998 0.2754629625 0.136963696875 0.2601851859375 0.1386138609375 0.252777778125 0.1468646859375 0.25740740781250004 0.1815181515625 0.2546296296875 0.21864686406249997 0.2476851859375 0.2450495046875 0.241203703125 0.29455445468749997 0.234259259375 0.324257425 0.23240740781250002 0.35643564375 0.222222221875 0.41419141875000004 0.22175925937500002 0.4480198015625 0.2229938265625 0.45819581875
1 0.58055555625 0.43151815156250006 0.5879629625 0.43151815156250006 0.60601851875 0.4191419140625 0.6268518515625 0.44719471874999994 0.6291666671875 0.44059405937499996 0.628240740625 0.41089108906250005 0.6296296296875 0.4067656765625 0.646759259375 0.4001650171875 0.68101851875 0.4042904296875 0.6851851859375 0.4009900984375 0.66851851875 0.2461496140625 0.6615740734375 0.145214521875 0.6541666671875 0.09405940625 0.60694444375 0.0932343234375 0.5990740734375 0.0957095703125 0.597222221875 0.100660065625 0.5958333328125 0.28217821718749997 0.5925925921874999 0.33168316875000003 0.5773148140625 0.38531353125 0.578240740625 0.42409240937500003 0.58055555625 0.43151815156250006
1 0.425 0.44059405937499996 0.48194444374999995 0.44471947187499994 0.49259259218749996 0.43894389375 0.49583333281249997 0.43151815156250006 0.48996913593749997 0.2491749171875 0.4824074078125 0.20132013125 0.4763888890625 0.17409240937499998 0.47592592656250005 0.13531353125 0.47222222187499996 0.11963696406249999 0.466203703125 0.11138613906249999 0.459259259375 0.11138613906249999 0.4481481484375 0.09653465312500001 0.434722221875 0.0932343234375 0.43009259218749996 0.10561056093750001 0.42175925937500003 0.190594059375 0.40601851875 0.29207920781249996 0.40046296249999996 0.40841584218750004 0.40277777812500004 0.4249174921875 0.4 0.44966996718749996 0.425 0.44059405937499996
4 0.415740740625 0.725247525 0.4236111109375 0.731848184375 0.434259259375 0.73349835 0.44768518593750006 0.7376237625 0.45046296249999995 0.7227722765625 0.45046296249999995 0.702970296875 0.46296296249999996 0.6971947187499999 0.46481481406249997 0.6839934000000001 0.4763888890625 0.7054455453124999 0.4861111109375 0.7384488453125 0.49351851875 0.725247525 0.50648148125 0.7145214515625 0.5138888890625 0.7013201312499999 0.5171296296875 0.6872937296875 0.525 0.61056105625 0.5208333328125 0.6014851484375 0.49768518593750005 0.592409240625 0.4953703703125 0.514026403125 0.4921296296875 0.475247525 0.4953703703125 0.45049504999999995 0.49398148124999997 0.44059405937499996 0.46296296249999996 0.44389438906249995 0.4509259265625 0.43976897656249997 0.428240740625 0.43894389375 0.40555555625000006 0.44719471874999994 0.3976851859375 0.4554455453125 0.4 0.4810231015625 0.40694444374999994 0.5338283828125 0.415277778125 0.5668316828125 0.41898148125 0.6080858078125 0.4143518515625 0.6097359734375 0.39351851875 0.6303630359375 0.4078703703125 0.7103960390624999 0.415740740625 0.725247525
4 0.5925925921874999 0.7046204625 0.6234567906249999 0.716721671875 0.6368312765625 0.6662999640625 0.6428903187499999 0.662570484375 0.6471193421875 0.6662999640625 0.6556434828125 0.6852988984375 0.6592405296875 0.7132723296875 0.6921296296875 0.6872937296875 0.6953703703125 0.6815181515625001 0.708796296875 0.6320132015625 0.7129629625 0.5973597359375 0.709259259375 0.58580858125 0.6820987656249999 0.5718738546875 0.6764403296875 0.5187018703125 0.6867283953125 0.4627796109375 0.6851851859375 0.4042904296875 0.6541666671875 0.3985148515625 0.63148148125 0.403465346875 0.63055555625 0.44636963749999997 0.5818280828125 0.4400522984375 0.6324074078125 0.46452145156249997 0.6324074078125 0.47112211249999997 0.6384259265625001 0.4909240921875 0.6343685890625 0.600795825 0.5925316671874999 0.59555080625 0.5905696421875 0.6316831546875 0.5712763921875 0.6153653203125 0.5648148140625 0.632838284375 0.5519831421875 0.6561599078125 0.584259259375 0.6971947187499999 0.5925925921874999 0.7046204625
3 0.6671875 0.64140625 0.01953125 0.02265625
3 0.48828125 0.6640625 0.01640625 0.02890625
2 0.4578125 0.51796875 0.0078125 0.0734375
2 0.64296875 0.46875 0.025 0.05078125
4 0.22813390312499998 0.6501650171875 0.24433760625 0.6831683171875 0.27072649531250004 0.6872937296875 0.274928775 0.6515613109375 0.2852564109375 0.6249047984375 0.2898860390625 0.6337903015624999 0.2977207984375 0.6388677328125001 0.30519942968749997 0.6629855296875 0.3225783484375 0.6427392734375 0.33091168125000003 0.6303630359375 0.337856125 0.56105610625 0.33137464375 0.5420792078125001 0.3169515671875 0.5366844375000001 0.3170227921875 0.5206270625 0.3244302 0.4760726078125 0.325356125 0.43234323437500005 0.3208689453125 0.42688499531249996 0.27599715156250004 0.4179994921875 0.2617521359375 0.421807565625 0.259615384375 0.4541761859375 0.2542735046875 0.427519675 0.2517450140625 0.42079207968750004 0.2420227921875 0.42986798750000005 0.2248931625 0.45379537968749994 0.22211538437499997 0.4636963703125 0.2225783484375 0.47689768906249996 0.233618234375 0.575399846875 0.221866096875 0.58492003125 0.212856125 0.59405940625 0.21933760625 0.6221122109375 0.22813390312499998 0.6501650171875
3 0.31015625 0.60390625 0.01328125 0.03828125
2 0.2796875 0.4984375 0.02421875 0.0578125