4 0.36484375 0.45 0.3796875 0.16875
4 0.41796875 0.93515625 0.2734375 0.1296875
4 0.41328125 0.653125 0.2515625 0.1203125
1 0.6671875 0.934375 0.278125 0.128125
1 0.61484375 0.640625 0.209375 0.1
1 0.725 0.44140625 0.4453125 0.153125
4 0.3828125 0.3609375 0.2859375 0.084375
0 0.7984375 0.90703125 0.0703125 0.0625
0 0.71875 0.64609375 0.0671875 0.03125
0 0.7421875 0.6265625 0.059375 0.0296875
0 0.725 0.56171875 0.0484375 0.04375
0 0.875 0.3765625 0.0765625 0.04375
0 0.69453125 0.48828125 0.03125 0.021875
1 0.60390625 0.5765625 0.2125 0.0703125
3 0.34375 0.946875 0.028125 0.0140625
3 0.36171875 0.63671875 0.0234375 0.0109375
3 0.27734375 0.38125 0.0234375 0.015625
3 0.28203125 0.41953125 0.0296875 0.01875