1 0.4548611109375 0.9162257500000001 0.456101190625 0.908730159375 0.455853175 0.8959435625 0.45907738125 0.8853615515625 0.46155753906249997 0.8567019406249999 0.4637896828125 0.8190035265625 0.48115079375 0.6823192234375 0.4867311515625 0.7561728390625 0.4923115078125 0.8024691359375 0.491071428125 0.8377425046875 0.4893353171875 0.8730158734375 0.4920634921875 0.8880070546875001 0.49007936562500004 0.8959435625 0.4898313484375 0.903439153125 0.4918154765625 0.9118165781249999 0.49404761875 0.9162257500000001 0.49801587343750003 0.9157848328125 0.5047123015625 0.9091710765625001 0.509920634375 0.9113756609375001 0.5136408734375 0.907848325 0.5138888890625 0.9025573187499999 0.512152778125 0.8928571421875 0.515873015625 0.8456790125 0.5168650796875001 0.794532628125 0.51612103125 0.6679894187500001 0.5141369046875 0.6622574953125 0.505704365625 0.658730159375 0.49578372968749995 0.657848325 0.46676587343750003 0.6640211640625 0.4449404765625 0.6644620812500001 0.44444444375 0.7213403875 0.44196428593750003 0.780864196875 0.4365079359375 0.8201058203124999 0.4327876984375 0.8694885359375 0.4327876984375 0.8862433859375001 0.4357638890625 0.8977072312500001 0.43303571406249997 0.9082892421875 0.43377976250000005 0.9157848328125 0.43526785781250005 0.9179894187500001 0.44345238125 0.9157848328125 0.45114087343750003 0.920194003125 0.4548611109375 0.9162257500000001
1 0.6428571421875 0.9603174609374999 0.6520337296875 0.953703703125 0.6467171984375 0.8498320390625 0.6421305515625 0.7701036609374999 0.65079421875 0.6740672046875 0.6671022953125 0.9603645640625 0.685019840625 0.9625220453125 0.6892361109375 0.9616402109375001 0.6919642859375 0.947089946875 0.6959325390625 0.9047619046875001 0.69717261875 0.8492063484375001 0.6949404765625 0.796296296875 0.6949404765625 0.7226631390625 0.6966765875 0.6878306875 0.700396825 0.661816578125 0.70262896875 0.628306878125 0.7016369046875 0.6111111109375 0.70262896875 0.6062610234375 0.6994047625 0.576278659375 0.6951884921875 0.5537918875 0.69345238125 0.551146384375 0.6894841265625 0.551146384375 0.656001984375 0.5608465609375 0.6205357140625 0.56040564375 0.61259920625 0.5917107578125 0.6113591265625 0.606701940625 0.6116071421875 0.6287477953125 0.608630953125 0.6424162250000001 0.606646825 0.6649029984375 0.60887896875 0.7067901234375 0.60987103125 0.8033509703125 0.6135912703125 0.83553791875 0.6145833328125 0.88580246875 0.62177579375 0.9510582015625 0.6230158734375 0.953703703125 0.6292162703125 0.9567901234375 0.6428571421875 0.9603174609374999
1 0.3567391953125 0.8126858625000001 0.360816215625 0.6958113078125 0.376614665625 0.7556075921875001 0.37457615624999996 0.7655736390625 0.3796724296875 0.7954717812500001 0.38374944843750003 0.8235579140624999 0.38425907656249997 0.9123463359375 0.4077019375 0.9304664234375 0.4050099203125 0.7782186953125 0.3980654765625 0.676807759375 0.3958333328125 0.6582892421875 0.39409722187499996 0.6490299828125 0.3918650796875 0.6472663140625 0.35069444375000003 0.6613756609375 0.3492063484375 0.6640211640625 0.34970238125 0.6697530859375 0.33407738125 0.8769841265625 0.33680555624999997 0.907848325 0.3417658734375 0.9378306875 0.3452380953125 0.9444444437499999 0.3578869046875 0.9417989421874999 0.36438360625 0.91144033125 0.3567391953125 0.8126858625000001
4 0.3460370203125 0.6106469031249999 0.3475659015625 0.6541351093750001 0.34909478437499997 0.66138314375 0.387316840625 0.6486990828125 0.4020960359375 0.6432630578125 0.39241311562500003 0.594338825 0.380691684375 0.5454145921875 0.3730472734375 0.5046443984375 0.38273019375 0.4973963640625 0.3949612515625 0.502832390625 0.3949612515625 0.48833632031249996 0.39037460468749996 0.4838063 0.38374944843750003 0.43941208906250007 0.3750857828125 0.4258220234375 0.3750857828125 0.42038599843749996 0.362854725 0.4040779203125 0.362345096875 0.4077019375 0.360816215625 0.43125805 0.3567391953125 0.4258220234375 0.3455273921875 0.4040779203125 0.3434888828125 0.41857398906250004 0.36132584218749997 0.4593441828125 0.355719940625 0.5073624109375 0.35368143124999996 0.5544746359375 0.3460370203125 0.6106469031249999
3 0.38125 0.4671875 0.01328125 0.02734375
2 0.3734375 0.5921875 0.01328125 0.0234375
0 0.359126984375 0.9413580250000001 0.34375 0.9444444437499999 0.340773809375 0.9695767203125 0.341269840625 0.98148148125 0.3454861109375 0.9867724875 0.3576388890625 0.9885361546875 0.36284722187499996 0.985890653125 0.365079365625 0.9805996468749999 0.365079365625 0.96825396875 0.3611111109375 0.9435626109375 0.359126984375 0.9413580250000001
0 0.42609127031250005 0.9629629625 0.42385912656249997 0.9541446203125 0.40823412656249997 0.9325396828124999 0.40401785781250005 0.9316578484375 0.3957713296875 0.9347442687499999 0.390376984375 0.9329805999999999 0.3883928578125 0.9285714281249999 0.38467261875 0.9281305109375 0.3826884921875 0.93959435625 0.3826884921875 0.9514991187499999 0.384920634375 0.9585537921875 0.3955853171875 0.9629629625 0.403521825 0.9704585531250001 0.4109623015625 0.9726631390625 0.4203869046875 0.9717813046874999 0.4231150796875 0.9704585531250001 0.42609127031250005 0.9629629625
0 0.4451884921875 0.9153439156250001 0.4389880953125 0.9153439156250001 0.434523809375 0.9184303343750001 0.42757936562500004 0.9488536156249999 0.42757936562500004 0.958994709375 0.430803571875 0.9651675484375 0.43675595312500004 0.9669312171875 0.4476686515625 0.9629629625 0.44940476250000005 0.9585537921875 0.45114087343750003 0.9466490296875 0.45238095312500004 0.91931216875 0.4451884921875 0.9153439156250001
0 0.5111607140625 0.9082892421875 0.5052083328125 0.9074074078125 0.5014880953125 0.9091710765625001 0.4987599203125 0.9135802468750001 0.493799603125 0.91446208125 0.4925595234375 0.920194003125 0.4923115078125 0.9387125218750001 0.5012400796875001 0.9541446203125 0.5109126984375 0.9572310406250001 0.5171130953125 0.9567901234375 0.5208333328125 0.9541446203125 0.52157738125 0.9484126984374999 0.5208333328125 0.9382716046875 0.5111607140625 0.9082892421875
0 0.6076388890625 0.9052028218749999 0.6004464281249999 0.90608465625 0.5798611109375 0.8893298062499999 0.5704365078125 0.9056437390625 0.560019840625 0.9122574953125 0.5572916671875 0.9166666671874999 0.556795634375 0.9232804234374999 0.559523809375 0.9285714281249999 0.57217261875 0.9294532625 0.5860615078125 0.9254850093749999 0.6026785718750001 0.9157848328125 0.6076388890625 0.9118165781249999 0.609375 0.9074074078125 0.6076388890625 0.9052028218749999
0 0.652777778125 0.9616402109375001 0.65029761875 0.9576719578124999 0.643353175 0.9594356265625 0.6314484125 0.9572310406250001 0.622519840625 0.9519400359375 0.61904761875 0.953703703125 0.6026785718750001 0.9779541453125 0.599454365625 0.985890653125 0.5989583328125 0.9938271609375 0.6049107140625 0.9995590828124999 0.6232638890625 0.9995590828124999 0.637896825 0.9854497359375 0.650049603125 0.9810405640625 0.653521825 0.9744268078125 0.6540178578125 0.9686948859375001 0.652777778125 0.9616402109375001
0 0.615079365625 0.9012345671875 0.6054067453124999 0.9140211640624999 0.5917658734375 0.9206349203125 0.5892857140625 0.9259259265625 0.5892857140625 0.932098765625 0.5957341265625 0.9409171078125 0.618799603125 0.93959435625 0.6205357140625 0.93606701875 0.62177579375 0.92636684375 0.6212797625 0.9091710765625001 0.61904761875 0.9043209875 0.615079365625 0.9012345671875
0 0.6681547625 0.9664903 0.6681547625 0.9744268078125 0.6639384921875 0.9995590828124999 0.6949404765625 0.9995590828124999 0.6954365078125 0.985890653125 0.6892361109375 0.9647266312499999 0.6731150796875001 0.958994709375 0.6696428578125 0.960758378125 0.6681547625 0.9664903