4 0.528125 0.4484375 0.08828125 0.25625
4 0.45546875 0.4125 0.0890625 0.22265625
4 0.60234375 0.4296875 0.08125 0.21328125
1 0.47265625 0.63125 0.10078125 0.23515625
1 0.53984375 0.65703125 0.109375 0.22109375
1 0.5984375 0.6140625 0.07265625 0.17734375
1 0.7421875 0.72265625 0.11796875 0.33046875
1 0.81328125 0.6359375 0.0671875 0.36171875
0 0.47890625 0.76171875 0.04765625 0.0453125
0 0.5359375 0.74375 0.06796875 0.0453125
0 0.509375 0.81171875 0.075 0.053125
0 0.57421875 0.78671875 0.06484375 0.05390625
0 0.6171875 0.71015625 0.05625 0.04375
0 0.7375 0.88984375 0.1125 0.06796875
0 0.70703125 0.85390625 0.0625 0.05625
3 0.5078125 0.40703125 0.01484375 0.02421875
2 0.49765625 0.5015625 0.0203125 0.0453125