4 0.43203125 0.3625 0.309375 0.2046875
3 0.50078125 0.3578125 0.0265625 0.01875
2 0.43515625 0.359375 0.0515625 0.0328125
4 0.3671875 0.53203125 0.2609375 0.15625
2 0.3375 0.528125 0.0484375 0.0265625
3 0.41796875 0.52578125 0.025 0.01875
4 0.5078125 0.8609375 0.228125 0.2
3 0.5046875 0.853125 0.04375 0.03125
1 0.13359375 0.47890625 0.2671875 0.1265625
1 0.18125 0.29765625 0.296875 0.1578125
0 0.0859375 0.24453125 0.0765625 0.040625
0 0.04609375 0.27890625 0.0203125 0.0359375
4 0.37890625 0.4609375 0.1703125 0.090625
1 0.21875 0.428125 0.171875 0.0859375
0 0.115625 0.403125 0.034375 0.0421875
3 0.41328125 0.4671875 0.0171875 0.0125