4 0.265625 0.55390625 0.13828125 0.32578125
4 0.06484375 0.5875 0.1296875 0.41875
4 0.1515625 0.509375 0.08984375 0.19609375
3 0.11171875 0.4859375 0.02109375 0.04140625
2 0.321875 0.6328125 0.0375 0.05390625
2 0.09609375 0.67265625 0.03828125 0.07578125
1 0.26796875 0.83984375 0.12890625 0.3078125
1 0.16953125 0.72890625 0.13046875 0.26875
0 0.34140625 0.84375 0.04765625 0.04609375
0 0.2234375 0.86640625 0.071875 0.04609375
0 0.16015625 0.878125 0.046875 0.04453125
0 0.04375 0.953125 0.05234375 0.06171875