4 0.12578125 0.57109375 0.2515625 0.1515625
3 0.00546875 0.58125 0.0109375 0.015625
4 0.13671875 0.446875 0.2734375 0.1265625
3 0.0296875 0.4765625 0.0328125 0.0171875
1 0.40546875 0.5640625 0.3109375 0.1
0 0.56796875 0.53828125 0.0734375 0.0546875
0 0.58984375 0.59375 0.053125 0.0421875
1 0.41171875 0.4671875 0.2984375 0.103125
0 0.5859375 0.45078125 0.0546875 0.040625
0 0.52890625 0.503125 0.065625 0.0515625
4 0.1453125 0.353125 0.2875 0.1046875
3 0.0453125 0.32578125 0.028125 0.009375
2 0.11640625 0.5625 0.05625 0.0265625
1 0.43218608124999996 0.357393921875 0.5814309875 0.363525271875 0.5869271265625 0.335058415625 0.4441200765625 0.318108009375 0.2854737203125 0.31357569218750003 0.28255054375 0.37844063906250003 0.39054289531249997 0.39298759843750003 0.5489368453125001 0.39927864375 0.5542852578125 0.379272275 0.43218608124999996 0.357393921875
1 0.4921875 0.265625 0.4078125 0.1453125
4 0.153125 0.2421875 0.2984375 0.140625
0 0.7328125 0.24375 0.0734375 0.0796875