4 0.6540007328125 0.5952680406249999 0.657617159375 0.587278890625 0.6588226390624999 0.5980877359375001 0.657617159375 0.6065468375 0.657617159375 0.6135960828125 0.6552062140625 0.6192354890625 0.656411678125 0.6281645421875 0.648274709375 0.643672890625 0.6470692437500001 0.6544817484375 0.648274709375 0.665760546875 0.6675623500000001 0.6756295156250001 0.686849975 0.689728009375 0.6928773609375 0.66435070625 0.6895622968749999 0.6869083015624999 0.7049321359375 0.6807989437499999 0.711260884375 0.671399965625 0.7103567984375 0.6620009484375 0.7094526796875 0.6502521984375 0.7040280328125 0.6239349921875 0.70704171875 0.615475890625 0.7085485609375 0.5788197890625 0.711562246875 0.5962079421875 0.7224115390625 0.5962079421875 0.720904696875 0.5553222765625 0.710658159375 0.5388740249999999 0.69378148125 0.5322947234375001 0.6880554546875 0.5642513296875 0.681425328125 0.550622775 0.6732883578125 0.523835621875 0.6543020953124999 0.5374641718750001 0.64767196875 0.5478030781250001 0.6425487000000001 0.591508440625 0.6540007328125 0.5952680406249999
3 0.70234375 0.565625 0.0125 0.01953125
2 0.684375 0.6359375 0.0125 0.02890625
1 0.69137051875 0.7968038421875 0.6889595578125001 0.8640067 0.7031239140625 0.8654165421875 0.7094526796875 0.7996235375 0.7118636406250001 0.7042236640625 0.712165003125 0.6713271578125 0.70071296875 0.6863655609375 0.6796171234374999 0.6854256624999999 0.6488774484375 0.6666276578125 0.64737060625 0.665144490625 0.64751915 0.6682278046875 0.6609322234375 0.8033831359375 0.661233584375 0.8376894937499999 0.6708774140625 0.8903239078125 0.685945871875 0.8875042000000001 0.685945871875 0.8358096875 0.6829321875 0.7855250296875 0.6841376515625 0.7244315203125 0.69137051875 0.7968038421875
0 0.6855125484375 0.9061777140625 0.688476878125 0.8962722890625001 0.6855125484375 0.885376325 0.67049765 0.8886740718749999 0.6706028171875 0.89052838125 0.67090261875 0.9025457234375001 0.6795838875 0.90980969375 0.6855125484375 0.9061777140625
0 0.709862421875 0.8883479515625 0.70520418125 0.8708483765624999 0.7028750734375 0.8665560265625001 0.6882651453124999 0.8639145796875001 0.7001224765625 0.8979231890625 0.7094389546875 0.8969326515624999 0.709862421875 0.8883479515625
1 0.5466399171874999 0.8573277609375 0.5521258296875 0.7638376765625 0.550166578125 0.7510057015625 0.5548687859375 0.724119671875 0.5552606499999999 0.6960115546875 0.5478154625 0.703955153125 0.5137244171875001 0.707621434375 0.4921725859375 0.699677825 0.49687481718750004 0.8738260062500001 0.5133325546874999 0.868937621875 0.51529180625 0.816387659375 0.5215614453125 0.7687260453125 0.5211695828125 0.7491725734375 0.523128834375 0.7235086234375 0.53057401875 0.8176097531250001 0.53018215625 0.8591608875000001 0.5466399171874999 0.8573277609375
1 0.4894296296875 0.7650834343749999 0.4866866734375 0.799302025 0.4866866734375 0.8115229515625 0.48394371718749996 0.826188071875 0.49099704062500005 0.8335206140625001 0.4949155421875 0.8219107187500001 0.4945237015625 0.7070340374999999 0.48786222031250004 0.70031254375 0.48982149374999995 0.6825922015625 0.4933481546875 0.6758706890624999 0.49256445 0.6703712734375 0.46160818125 0.662427665625 0.4651348421875 0.784636921875 0.46591854843749997 0.8341316453125 0.4788496453125 0.8316874875 0.47963335 0.8170223671875 0.47689039375000003 0.8035793437500001 0.48276814999999995 0.79074736875 0.48590296874999994 0.74675204375 0.484727421875 0.7198660140625 0.4894296296875 0.7650834343749999
1 0.5920946734375 0.7589493093749999 0.5964050171874999 0.811499290625 0.596112078125 0.8416434921875 0.5958083656250001 0.8643770515625 0.6112980718750001 0.8620089656250001 0.614430209375 0.76933709375 0.614430209375 0.6886789953125 0.589743578125 0.6960115546875 0.5772043 0.69662259375 0.558395446875 0.6929563234375 0.5605943359375 0.7062340015624999 0.5614740140625 0.708392921875 0.5615115562499999 0.708379440625 0.56348951875 0.7503946703125 0.570542840625 0.791945803125 0.5748516828125 0.83406564375 0.5784963171874999 0.849221340625 0.582298371875 0.85427251875 0.5924865140625 0.851217296875 0.594445765625 0.8200539296875 0.5920946734375 0.7589493093749999
0 0.477611940625 0.8618968390624999 0.477611940625 0.8402662234375 0.47547974374999996 0.8369384359375 0.46588486093750003 0.8369384359375 0.46588486093750003 0.8435940093750001 0.46268656718749995 0.851913478125 0.46268656718749995 0.8552412640625 0.46588486093750003 0.8618968390624999 0.46801705781249997 0.8618968390624999 0.46908315624999997 0.8635607328124999 0.47654584218749996 0.8635607328124999 0.477611940625 0.8618968390624999
0 0.4936034109375 0.8369384359375 0.48933901874999997 0.8336106484375 0.486140725 0.8286189687500001 0.48294243124999997 0.8286189687500001 0.4797441359375 0.8336106484375 0.4786780390625 0.8435940093750001 0.477611940625 0.845257903125 0.4818763328125 0.845257903125 0.4850746265625 0.848585690625 0.491471215625 0.848585690625 0.4936034109375 0.846921796875 0.4936034109375 0.8369384359375
0 0.5 0.916805325 0.5010660984374999 0.91514143125 0.5031982937499999 0.91514143125 0.5095948828125 0.9101497500000001 0.5117270781250001 0.9051580703125 0.5117270781250001 0.9018302828125 0.5127931765625 0.9001663890625 0.5127931765625 0.888519134375 0.5117270781250001 0.886855240625 0.5117270781250001 0.8785357734374999 0.5095948828125 0.8752079859374999 0.5031982937499999 0.8752079859374999 0.502132196875 0.87354409375 0.5010660984374999 0.87354409375 0.49680170625000003 0.8768718796874999 0.4957356078125 0.8835274546875 0.48933901874999997 0.8935108156249999 0.488272921875 0.9034941765625 0.4872068234375 0.9051580703125 0.4872068234375 0.9118136437500001 0.48933901874999997 0.916805325 0.5 0.916805325
0 0.5437100218750001 0.8968386015625001 0.5437100218750001 0.8918469218749999 0.54477611875 0.8901830281249999 0.54477611875 0.8785357734374999 0.5437100218750001 0.8768718796874999 0.5437100218750001 0.8685524125 0.5426439234375 0.8668885187500001 0.5426439234375 0.8635607328124999 0.53837953125 0.8635607328124999 0.5373134328125 0.8618968390624999 0.5287846484375 0.8618968390624999 0.5287846484375 0.865224625 0.5266524515625 0.87021630625 0.5266524515625 0.886855240625 0.52771855 0.888519134375 0.52771855 0.8951747093750001 0.529850746875 0.9001663890625 0.5405117265625 0.9001663890625 0.5437100218750001 0.8968386015625001
0 0.5815933921875 0.8961049859375001 0.5941209921875 0.897106803125 0.596048340625 0.8845841390625001 0.5954058796874999 0.8565333640624999 0.592836103125 0.8530270062499999 0.5812721437499999 0.858036075 0.5820767609375 0.8579482390625 0.5815933921875 0.8961049859375001
0 0.61737245625 0.9055816296874999 0.6207998265625 0.897106803125 0.6137278390625001 0.8634298171875001 0.601275325 0.8620089656250001 0.5976306734375 0.8695868265625 0.5994529828124999 0.9055816296874999 0.61737245625 0.9055816296874999
4 0.5981305328125 0.58157493125 0.613997340625 0.5973337375 0.611112465625 0.5538094140625 0.60870841875 0.5365497687499999 0.5885143 0.5252934796875001 0.5818422296875 0.5376592640625 0.57264749375 0.5177892890625 0.5495685015625 0.523042221875 0.548606890625 0.5312968375 0.552453375 0.6198463140625 0.5591847328124999 0.6941378203124999 0.6010154078125 0.696389078125 0.6154397765625 0.686633621875 0.607746809375 0.6243488296875 0.5981305328125 0.58157493125
4 0.493794284375 0.6461109828125 0.4909094109375 0.6618697874999999 0.493794284375 0.676878165625 0.4861012734375 0.6971394859375 0.5120651390625001 0.708395775 0.53658656875 0.705394109375 0.554857421875 0.6956386546875 0.553414984375 0.6288513453125 0.5428371421875 0.601836253125 0.551491765625 0.58757828125 0.56639691875 0.58832870625 0.5582231234374999 0.53279766875 0.5538958125 0.5252934796875001 0.53658656875 0.51628845 0.5269703359375 0.5418027000000001 0.5240854609375 0.5418027000000001 0.520960153125 0.5418027000000001 0.5106227015625 0.5380506109375001 0.510141875 0.5147876078125 0.500044815625 0.5312968375 0.49139019375000004 0.537300184375 0.4856204453125 0.5673169625 0.49571750468750003 0.5980841453125 0.4933134578125 0.6341042703124999 0.493794284375 0.6461109828125
2 0.5140625 0.64453125 0.01484375 0.02890625
2 0.578125 0.6546875 0.01640625 0.034375
4 0.4697536390625 0.6689987640624999 0.4880245375 0.6712500218749999 0.49427506875000005 0.6179702609375 0.49764076875 0.597708940625 0.4846588359375 0.5669417578125 0.48850532031249994 0.5485564734375 0.48321639843749997 0.5346737234375001 0.46398389062499995 0.5489316953125 0.452925221875 0.578198046875 0.46590715468750005 0.5879534843750001 0.473119340625 0.57219468125 0.46590715468750005 0.6352298984375 0.45965657968749996 0.65849291875 0.4697536390625 0.6689987640624999