2 0.56015625 0.2484375 0.04375 0.0234375
2 0.521875 0.45234375 0.0375 0.0234375
4 0.52890625 0.621875 0.2484375 0.1171875
3 0.5828125 0.62578125 0.021875 0.01875
2 0.434375 0.6640625 0.05 0.0203125
4 0.56875 0.6984375 0.25625 0.1125
2 0.5265625 0.7375 0.046875 0.01875
3 0.62421875 0.70703125 0.021875 0.0125
0 0.190625 0.33359375 0.0375 0.0796875
0 0.25078125 0.4171875 0.0546875 0.0484375
0 0.21171875 0.478125 0.0328125 0.0359375
0 0.12890625 0.63203125 0.0421875 0.0578125
0 0.18125 0.7671875 0.0515625 0.0640625
1 0.33671875 0.45078125 0.2 0.0984375
1 0.2859375 0.64296875 0.284375 0.125