4 0.8390625 0.709375 0.2921875 0.540625
3 0.81640625 0.86484375 0.040625 0.0625
2 0.5796875 0.7515625 0.040625 0.08125
4 0.45078125 0.7921875 0.1734375 0.3265625
3 0.43203125 0.8625 0.015625 0.0234375
4 0.37515985625 0.83241383125 0.3982484515625 0.8562691421874999 0.39888604375000003 0.854441078125 0.39644586249999997 0.8387040406249999 0.3936673921875 0.797830209375 0.3894551578125 0.7861472218750001 0.38532233437499996 0.7510631828125 0.3749366953125 0.735666825 0.36571182812499997 0.7244223859375001 0.3600089828125 0.71393318125 0.35650458125 0.7103407578125001 0.35442477499999997 0.710877175 0.354327984375 0.715848028125 0.3580957296875 0.76195215 0.360245778125 0.7713343609375001 0.3618021640625 0.7860853546875 0.36156018749999996 0.7985124890625 0.3638641109375 0.80965351875 0.3681423625 0.8160138874999999 0.37515985625 0.83241383125
2 0.40546875 0.80625 0.015625 0.0453125
3 0.38125 0.7921875 0.0125 0.021875
2 0.72578125 0.6390625 0.0328125 0.0921875
1 0.73359375 0.24296875 0.2390625 0.4859375
0 0.7625 0.04140625 0.115625 0.0828125
1 0.559375 0.290625 0.25 0.503125
0 0.59921875 0.103125 0.096875 0.0734375
1 0.39609375 0.51875 0.2125 0.3421875
4 0.21738444375000002 0.9008036390624999 0.22049745625 0.9090382343750001 0.22223427031249998 0.9106585640624999 0.2237556546875 0.909816546875 0.22458236406249998 0.904072921875 0.22351838281249997 0.8949501484375 0.22561580937499998 0.8915765406249999 0.23191231562499998 0.8966969671875 0.24625082968749998 0.917773246875 0.25738400625 0.9295596421875001 0.2588746171875 0.9283658625 0.2599035984375 0.9218956265625 0.2640852953125 0.911959459375 0.2772722078125 0.8955641390625001 0.282306925 0.88626225625 0.2847825859375 0.8750575218750001 0.28672190937500003 0.8546838515624999 0.2877863703125 0.8212718453125 0.2862478421875 0.7824162718750001 0.281763334375 0.7402738765625 0.2769092828125 0.7151777078125 0.27584083593750003 0.712081078125 0.273637928125 0.7112104390625 0.27011566875000004 0.7317225984375 0.27449493281250004 0.748353359375 0.27566439531250003 0.7617203765625 0.27204111875 0.7719621453125 0.2718520015625 0.775877709375 0.2676571484375 0.782624921875 0.265005765625 0.7796667828125 0.2642011421875 0.7765470734375 0.255750125 0.76807058125 0.25426844375 0.7572120703125 0.25028925625 0.7451542375 0.24874602499999998 0.7335922 0.2418474078125 0.703358065625 0.2240928296875 0.6432360171875 0.218821078125 0.6164041124999999 0.2176119109375 0.6147376203125 0.1902182765625 0.6206788140625 0.18864849374999998 0.6240062578125001 0.188833146875 0.6261168390625 0.1842250578125 0.625102171875 0.1824266953125 0.6227783140625001 0.1806107109375 0.6232916484375 0.1750220375 0.6262617859375 0.172427740625 0.6300333203124999 0.1764200828125 0.64528010625 0.18139723593749998 0.6717833296875 0.1838595015625 0.6786570328125 0.1861855109375 0.6809347265625 0.18757933124999998 0.6847118 0.18625575156250002 0.690853353125 0.1885509859375 0.6927792828125 0.1959380234375 0.6921330015625 0.19809253437500002 0.6954890671875 0.204960378125 0.7253714375 0.2051889609375 0.7310227390625 0.199908040625 0.737510515625 0.196403640625 0.7339180921875 0.1945613453125 0.7280535171875 0.1929476328125 0.7278402421875 0.1923715921875 0.7303718328125 0.1967548453125 0.783511228125 0.19636768124999998 0.8033946437499999 0.2014808515625 0.85576126875 0.20511704531250002 0.86997584375 0.20645800468750003 0.8822644921875 0.21738444375000002 0.9008036390624999
1 0.17975769218749998 0.6226573656250001 0.1874701015625 0.6226915281250001 0.18998522812500002 0.6210536609374999 0.21090639531250002 0.6170965578125001 0.217831803125 0.6111738203125 0.2227257984375 0.603302071875 0.233727184375 0.6044663124999999 0.2393113921875 0.60752231875 0.24714690312499998 0.6089635390625 0.264031559375 0.607486321875 0.26915413906249996 0.6052658734375 0.2695894578125 0.6041644203125001 0.26560580625 0.5981327328125 0.2645375984375 0.5737687140625 0.2650126234375 0.560966734375 0.2682137359375 0.555015375 0.27292754375 0.5390068984374999 0.2825792796875 0.5186673921875 0.29017329375 0.490000965625 0.3009947296875 0.4617610890625 0.3069881875 0.436070340625 0.30721254375 0.426480396875 0.2981197078125 0.4045907234375 0.29506378125 0.4030858015625 0.292843253125 0.405052353125 0.28633108125 0.41873697187500003 0.2750217046875 0.435322484375 0.26689135468749997 0.4548199734375 0.26028685625 0.467449303125 0.2536163421875 0.48540124999999995 0.24431206562500002 0.49755786406249997 0.2359355140625 0.51424124375 0.2263100890625 0.5409586609375 0.22208422187500002 0.5686215 0.21995601874999998 0.5716433421875 0.2177091796875 0.5672319859375 0.211131471875 0.543704440625 0.19753626875000002 0.503776953125 0.1928671078125 0.4595239765625 0.1845352046875 0.415945903125 0.17873134375 0.39518630625 0.17648450468750002 0.3907749484375 0.173041653125 0.3878860546875 0.1643838984375 0.3861623171875 0.160088028125 0.3826391390625 0.1543015484375 0.3803097421875 0.1511972265625 0.381290246875 0.14933284687499998 0.38428900781249997 0.146654915625 0.39622035 0.1526742015625 0.41944229375 0.16094854218750002 0.49882547343750006 0.1665498921875 0.5415790703125001 0.16816336406250001 0.563059734375 0.1675299984375 0.5801290421874999 0.168985128125 0.605877034375 0.1715176375 0.622669365625 0.1737029234375 0.62637719375 0.17975769218749998 0.6226573656250001
4 0.3447516734375 0.6762778453125 0.3496896 0.6719468140625 0.35057339375 0.6729328609375 0.3539415390625 0.671929275 0.35882660624999996 0.6761098171875 0.3614516765625 0.672690046875 0.368618821875 0.6756075640625 0.3695817875 0.674459946875 0.36813088125000004 0.6639532 0.36636329375 0.6619811078125 0.3643055703125 0.6536541875 0.35865112187500003 0.6406795546875 0.3528780359375 0.62027171875 0.3452887265625 0.6216446109375 0.33270863125 0.6358601046875 0.3246003671875 0.6464942578125 0.3244420265625 0.6507615859375 0.3258666203125 0.654890421875 0.335117796875 0.67251276875 0.3400644140625 0.6773968390625 0.3447516734375 0.6762778453125
0 0.296875 0.35546875 0.084375 0.04375
0 0.44609375 0.34140625 0.0734375 0.0484375
0 0.14140625 0.3578125 0.0828125 0.053125
0 0.409375 0.39453125 0.053125 0.0421875