4 0.3313468578125 0.02219654375 0.3204159140625 0.028845125 0.3050233203125 0.040969014062499996 0.3005617046875 0.049181970312500004 0.29208462968750004 0.160316646875 0.31706970156250003 0.16657413125 0.3179620125 0.1728316140625 0.305469475 0.2549611671875 0.3005617046875 0.33990751874999997 0.345400953125 0.3524224859375 0.3607935296875 0.3555512421875 0.3931402421875 0.34929375937499996 0.40987129843750003 0.337560965625 0.413663665625 0.31903163437500004 0.407417396875 0.262714221875 0.40317887656250007 0.2035066140625 0.40786356875 0.156966528125 0.4221407421875 0.1612685765625 0.4330716859375 0.15461997656249998 0.419909934375 0.0400296984375 0.38577856875 0.022821603125 0.38131695312499997 0.00913334375 0.3786399921875 0.014999740624999999 0.372839878125 0.0415940765625 0.3663705484375 0.0474604734375 0.3596781265625 0.0627130953125 0.3460701859375 0.0341633015625 0.3420547421875 0.013826456249999999 0.3439771390625 0.0010748749999999999 0.3313468578125 0.02219654375
3 0.3359375 0.09921875 0.01796875 0.02890625
4 0.4279764265625 0.09258814062500001 0.43061167187500005 0.1596384125 0.44466624687499995 0.2551174078125 0.42131772500000003 0.353154875 0.4563639046875 0.360595009375 0.48511272656250004 0.36275504999999997 0.485660325 0.3013139796875 0.49086248593750004 0.2873937390625 0.4827854453125 0.2163968390625 0.47498218750000004 0.191916421875 0.48196404218750005 0.1040052109375 0.496749153125 0.069361546875 0.48415443593749996 0.0607214 0.47648807499999996 0.04680116875 0.47128591406250003 0.04680116875 0.47128591406250003 0.059041378125 0.4673158375 0.06840154375 0.4618398703125 0.05400129375 0.4434953828125 0.026400825 0.4369242296875 0.0218407234375 0.431995853125 0.0403210453125 0.421641346875 0.043535209375 0.4279764265625 0.09258814062500001
3 0.4515625 0.121875 0.01875 0.02890625
2 0.3703125 0.23515625 0.01796875 0.0609375
1 0.391501128125 0.3502866171875 0.367094984375 0.3549971765625 0.3570190484375 0.35303444375000004 0.343808371875 0.3522493484375 0.3093262578125 0.3416506015625 0.311341465625 0.48134069999999995 0.30440025 0.6085257234375 0.3249999359375 0.6155915390625 0.3476148296875 0.49782764999999995 0.3384345359375 0.6458176265625 0.3592581453125 0.6548461734375 0.37560354218750003 0.5802623828125 0.382544740625 0.5113112078125 0.400457515625 0.42195797968750004 0.40851827968750004 0.374067321875 0.410963075 0.3419035125 0.391501128125 0.3502866171875
0 0.3339485328125 0.694161334375 0.3408212453125 0.7070134765625 0.35433758125 0.7194639656249999 0.36579210156249997 0.7210704875 0.3717484484375 0.7158493 0.37403935312500003 0.7021939125000001 0.3664793796875 0.6841206140625 0.3577739375 0.668055459375 0.34631941718750003 0.670063603125 0.3412794359375 0.6829157453125 0.33604234375 0.6754446187500001 0.3339485328125 0.694161334375
0 0.31218494531249996 0.6234746609374999 0.301646790625 0.6286958640625 0.29225408750000004 0.6865303796875 0.2963777046875 0.7154476765625 0.31103949375 0.7182590671875 0.31951584843749997 0.6989809 0.3240130875 0.6548732109375 0.31218494531249996 0.6234746609374999
1 0.48383570625 0.3637130125 0.4657959328125 0.3626033328125 0.45503535624999997 0.3598290890625 0.41990525781250004 0.3542806140625 0.40724576093750003 0.40199757343750003 0.4053468171875 0.4946572890625 0.4053468171875 0.5839879015625 0.41357550937500004 0.6555633765625 0.4382615125 0.6555633765625 0.4411099046875 0.6222724625 0.43509663906249996 0.5756651734375 0.439210984375 0.5412645781250001 0.43604611093749995 0.5106274890625 0.4464902046875 0.4346132296875 0.450921009375 0.46679444375 0.44522425 0.551131453125 0.4382615125 0.5694414296875 0.44142638749999996 0.5938547765625 0.4582002296875 0.6060614281250001 0.47624000312500003 0.5239438640625 0.484785178125 0.4057611 0.48642379843750005 0.368573209375 0.48383570625 0.3637130125
0 0.4145506296875 0.6576976765625 0.41196616875 0.6733500078125 0.411026359375 0.688590471875 0.4147855765625 0.7054785265625 0.4197195515625 0.7100094640625 0.4364010921875 0.709597565625 0.43992536250000003 0.7013594875 0.43945546718750006 0.6815880859375001 0.4365512890625 0.6582481265625 0.4145506296875 0.6576976765625
0 0.44086517187499996 0.59261684375 0.43734090156249994 0.5695502140625 0.43499138750000005 0.5744930640625 0.440160328125 0.6206263234375 0.43922051875 0.6432810390625 0.44391954531250005 0.658521471875 0.4582515734375 0.6688190703125 0.46342049531249996 0.659757196875 0.463890409375 0.6478119765625 0.4622457390625 0.6255691578125 0.45946287343750003 0.6083340640625 0.44086517187499996 0.59261684375
0 0.5156090796874999 0.686123909375 0.52451284375 0.6953060203125 0.5389159859375 0.696224253125 0.5603897546875001 0.700815309375 0.5766260359375 0.6998970765625 0.5813397796875 0.6911740984375 0.5816016703125 0.6842875140625 0.5611753875 0.672350740625 0.5504385046875 0.66087311875 0.5467722453125 0.6695961140625 0.5202952015625 0.656824240625 0.5156090796874999 0.686123909375
0 0.4683795796875 0.6437482796875 0.4647879546875 0.6537488328125 0.4679570421875 0.671157228125 0.47091485781250003 0.68967679375 0.4793657546875 0.69782541875 0.4960562765625 0.6981958046875001 0.5000704390624999 0.693010321875 0.4971126390625 0.6785650546875 0.4907744671875 0.6541192328125 0.4793657546875 0.6485633640625 0.4736613890625 0.6530080625 0.47408394375 0.659304703125 0.4708854953125 0.6590024296875 0.4683795796875 0.6437482796875
1 0.5409994796875 0.3700776640625 0.50780084375 0.3821375453125 0.488061115625 0.37951583125 0.47490129062499997 0.57139763125 0.46921863437500005 0.5913226765624999 0.47071406875 0.6112477203125 0.4665268484375 0.62697800625 0.468919553125 0.6437569609375 0.48955655 0.6526707734375 0.5263442203124999 0.4728211796875 0.5215588343750001 0.6552924875 0.5508693546875 0.659487246875 0.5535611421875 0.6018095328124999 0.5577483390625 0.56562986875 0.565524615625 0.5236824390625 0.5691136484375 0.46548039062499996 0.5613158234375 0.37940159218749997 0.5409994796875 0.3700776640625
4 0.5048348218750001 0.05877709062499999 0.4990824625 0.066038084375 0.480444825 0.1112176484375 0.474692465625 0.1942779203125 0.48205547812500005 0.21404396874999998 0.49033887031249995 0.2858472125 0.485736984375 0.29633535 0.48435642031250004 0.36975210937499997 0.48826803593749996 0.38185377656249997 0.502994059375 0.3826605421875 0.534516996875 0.3721724359375 0.542800390625 0.3721724359375 0.5439508609375 0.38225715937500004 0.5545351984375 0.3737859984375 0.5612079375000001 0.2706639421875 0.5510837828125 0.121575634375 0.545331425 0.0816401234375 0.5485527484375 0.078816396875 0.53980915625 0.062680840625 0.53658785 0.0836570671875 0.5120609140625 0.034872679687500005 0.5048348218750001 0.05877709062499999
0 0.6288774796875 0.8239157968749999 0.6298454171875 0.8451274124999999 0.64242856875 0.8531878171875 0.6426705484374999 0.8459758796875001 0.6475102171875 0.852339365625 0.6656589796875 0.868884415625 0.69106724375 0.8748236734375 0.7014725140625 0.8693086421875 0.7142976546875001 0.86039976875 0.7118778203125 0.852339365625 0.7002626046875 0.8447031703125001 0.6842917 0.8247642640624999 0.6743703796875 0.8018557124999999 0.661787246875 0.797613390625 0.65622161875 0.8073707296875 0.64242856875 0.807794971875 0.6335757828124999 0.7929551765625 0.6288774796875 0.8239157968749999