4 0.7984375 0.24296875 0.2671875 0.42578125
4 0.61171875 0.4078125 0.1328125 0.17578125
4 0.49921875 0.39921875 0.09375 0.14609375
4 0.375 0.43359375 0.0828125 0.1203125
1 0.78984375 0.64296875 0.1890625 0.4390625
1 0.60859375 0.5578125 0.1015625 0.1625
1 0.4921875 0.55703125 0.08671875 0.16796875
1 0.3703125 0.51796875 0.05859375 0.11328125
1 0.4203125 0.5203125 0.04609375 0.10390625
3 0.8546875 0.1390625 0.02421875 0.03828125
3 0.6375 0.36015625 0.0125 0.015625
3 0.51796875 0.3625 0.0109375 0.01171875
3 0.384375 0.4109375 0.0078125 0.0109375
0 0.36328125 0.57421875 0.02109375 0.04296875
0 0.38046875 0.58984375 0.015625 0.02265625
0 0.409375 0.5859375 0.0171875 0.02265625
0 0.4265625 0.56953125 0.025 0.03828125
0 0.47421875 0.63671875 0.03515625 0.04765625
0 0.5078125 0.65390625 0.04375 0.04375
0 0.59765625 0.6734375 0.0296875 0.0296875
0 0.62734375 0.64921875 0.03046875 0.0484375
0 0.69140625 0.6421875 0.02265625 0.05625
0 0.71015625 0.66484375 0.0265625 0.0453125
0 0.7796875 0.8953125 0.07734375 0.09921875
0 0.8734375 0.6796875 0.02265625 0.02734375
0 0.21484375 0.6015625 0.0921875 0.07578125
0 0.2640625 0.609375 0.053125 0.053125
2 0.60859375 0.44453125 0.01953125 0.04296875