4 0.5991216109375 0.45130792499999994 0.589475271875 0.4568739703125 0.56809686875 0.46615072343749997 0.5420256609375 0.5463946390625 0.5589719468750001 0.5617012781249999 0.57096471875 0.543611621875 0.5735718390625 0.623855528125 0.569921865625 0.6470474109375 0.56496833125 0.6966780234375001 0.579307496875 0.69760571875 0.608246534375 0.7180145828125 0.6421391046875 0.716159225 0.64865690625 0.720333771875 0.6476140734375 0.5533522046875 0.65647826875 0.5751525765625 0.67524953125 0.5607735984375 0.6585639734375001 0.4925894890625 0.6390105671875 0.4707891 0.630928496875 0.46615072343749997 0.628160375 0.4544101953125 0.6212821374999999 0.47218061875000006 0.6137214828124999 0.483776559375 0.60407514375 0.47218061875000006 0.5991216109375 0.45130792499999994
3 0.62890625 0.5234375 0.0125 0.02265625
2 0.6125 0.58359375 0.01953125 0.04609375
4 0.43224144999999997 0.5266922484375 0.4340040515625 0.49167532343750003 0.4125592828125 0.5005602171875 0.39170205625 0.569548771875 0.4090341265625 0.5779110328125 0.41197176406249997 0.59515816875 0.3972835734375 0.6939372296874999 0.4207846796875 0.7205919140625 0.43194769062500005 0.6625787937500001 0.4381167265625 0.7185013437500001 0.47248710781250003 0.7096164484374999 0.46455547187499996 0.6249486875 0.46719935 0.582092153125 0.47248710781250003 0.5967260859375 0.4842376609375 0.59515816875 0.4851189390625 0.5800015828125 0.47953744374999996 0.5219884734375 0.46308665156249995 0.5157167921875 0.4562180203125 0.49961256406250004 0.44839846093749997 0.537145059375 0.44134814687499996 0.5392356203124999 0.4360603890625 0.5523016359375 0.43224144999999997 0.5266922484375
2 0.43515625 0.634375 0.0140625 0.04296875
3 0.45625 0.5609375 0.01328125 0.02109375
4 0.14436051562500002 0.3384311734375 0.13249304374999998 0.33420841874999996 0.1189302203125 0.34747987343750003 0.1063845921875 0.38126166875 0.096551565625 0.42650517343749994 0.105367396875 0.4240921765625 0.1124878734375 0.3945331015625 0.12265999218750001 0.38548438906250004 0.13113675625000001 0.393326603125 0.1385963 0.39392984062499997 0.14741215624999998 0.41504347499999994 0.17487686875 0.446412309375 0.18301456875 0.4620967375 0.1969164578125 0.46450971093750004 0.2355705125 0.491052575 0.2430300546875 0.49587854374999996 0.2423519234375 0.392723365625 0.22743281249999997 0.34747987343750003 0.1992899421875 0.33058894843750003 0.1853330484375 0.30988696718750003 0.179284771875 0.3348116671875 0.1630093984375 0.3619577703125 0.1504637703125 0.3782454359375 0.14436051562500002 0.3384311734375
3 0.1765625 0.4078125 0.0203125 0.03671875
1 0.430178946875 0.93578391875 0.430178946875 0.9657496999999999 0.44196878125000005 0.965094225 0.4519164296875 0.9447742375000001 0.4519164296875 0.9152774656249999 0.4681274359375 0.7474735921875 0.47033802187499996 0.7120774812499999 0.43681073125000003 0.721254240625 0.410041040625 0.7158598765625 0.4110205015625 0.813208465625 0.4176522859375 0.8590923328125 0.41986287187500004 0.9036652015625 0.430178946875 0.93578391875
1 0.5986001937500001 0.95673999375 0.6116357984375 0.96787206875 0.6139822109375 0.9479270718749999 0.60955009375 0.935403434375 0.60407514375 0.8032097265625 0.6087679703125 0.7517237375 0.6259749640625001 0.9136030796875 0.6418783968749999 0.9061816671875 0.64943905 0.8834536328124999 0.6468319296875 0.8658278062500001 0.6549140203125 0.8287207953125 0.648135490625 0.7183274328125 0.6254535265625 0.7169359140625 0.6053787046875 0.7173997546875001 0.580089640625 0.6988462484375 0.568357596875 0.697918575 0.5678606296875001 0.7041561703125 0.5725289859375 0.8018984625 0.584782446875 0.9488547328125 0.5907788328125 0.9613783703125 0.5986001937500001 0.95673999375
0 0.6470269656250001 0.959751509375 0.6485912546875 0.92728289375 0.6433769921875 0.89574191875 0.6350342140625 0.89574191875 0.6266914359375 0.9013079749999999 0.626530653125 0.9162374390625001 0.630602115625 0.9476917374999999 0.635294921875 0.9643898859375 0.6397270390625 0.9676367718750001 0.6470269656250001 0.959751509375
0 0.5891488921875 0.963462225 0.586802478125 0.9810880687499999 0.5813275296875 0.9885094640625001 0.5810668203125 0.998713878125 0.6014023515625 0.9996415750000001 0.6076594453124999 0.9973223875 0.61443795625 0.993611671875 0.6115372015625 0.9643323718750001 0.6055737406249999 0.9629983937500001 0.597752378125 0.9532578109375001 0.5925381359374999 0.9602153765624999 0.5891488921875 0.963462225
0 0.42785639062499997 0.9788264078125 0.4276509640625 0.9949070703125 0.43586783125000006 0.9985617640625 0.44470096875 0.9938106515625 0.4440931625 0.9693871140624999 0.4387437375 0.9784609453125 0.430937715625 0.978095453125 0.42970518125 0.9737098296875001 0.42785639062499997 0.9788264078125