1 0.80625 0.71875 0.2109375 0.4609375
0 0.8671875 0.971875 0.08984375 0.05625
0 0.7203125 0.8734375 0.0421875 0.17578125
1 0.59765625 0.6296875 0.12109375 0.29375
0 0.653125 0.7953125 0.053125 0.03203125
0 0.54609375 0.74609375 0.02578125 0.090625
4 0.6203125 0.3671875 0.0953125 0.3015625
3 0.6546875 0.3140625 0.01015625 0.021875
3 0.52890625 0.25234375 0.0171875 0.03046875
4 0.815625 0.2671875 0.16171875 0.48125
2 0.8828125 0.1515625 0.015625 0.03984375
1 0.48046875 0.67578125 0.09453125 0.37109375
0 0.45625 0.83515625 0.05 0.07578125
0 0.5234375 0.87265625 0.04296875 0.0703125
1 0.22109375 0.5875 0.07890625 0.2625
0 0.18984375 0.71171875 0.01640625 0.04296875
0 0.23515625 0.73359375 0.0328125 0.040625
4 0.21328125 0.3796875 0.08125 0.16796875