4 0.36640625 0.17421875 0.3765625 0.29375
2 0.34921875 0.159375 0.053125 0.028125
3 0.27890625 0.19140625 0.034375 0.0296875
4 0.4953125 0.5375 0.321875 0.2296875
2 0.5046875 0.54609375 0.0515625 0.03125
3 0.43828125 0.565625 0.034375 0.021875
4 0.46953125 0.63984375 0.2953125 0.1828125
3 0.40078125 0.62890625 0.028125 0.0203125
4 0.4453125 0.79921875 0.3125 0.21875
3 0.3875 0.82109375 0.025 0.0203125
2 0.48671875 0.83203125 0.04375 0.0296875
1 0.7015625 0.6875 0.2265625 0.159375
1 0.6640625 0.8421875 0.2078125 0.1265625
0 0.79453125 0.884375 0.0578125 0.059375
0 0.7578125 0.81953125 0.0953125 0.053125
0 0.803125 0.7546875 0.059375 0.065625
0 0.8203125 0.671875 0.0359375 0.0375
0 0.86875 0.64296875 0.0515625 0.05
4 0.73984375 0.59609375 0.2546875 0.15625
0 0.7671875 0.31484375 0.115625 0.0703125
0 0.83203125 0.5765625 0.0609375 0.05