1 0.271875 0.5328125 0.3828125 0.15625
4 0.565625 0.48984375 0.2890625 0.1671875
3 0.6234375 0.4484375 0.0296875 0.021875
0 0.12890625 0.5921875 0.075 0.03125
0 0.05859375 0.540625 0.0703125 0.0484375
0 0.1125 0.79296875 0.0359375 0.028125
1 0.31640625 0.7453125 0.38125 0.146875
0 0.16640625 0.75078125 0.059375 0.0296875
4 0.61953125 0.71015625 0.303125 0.165625
2 0.5328125 0.70390625 0.0546875 0.0265625
3 0.67578125 0.671875 0.025 0.021875
1 0.4015625 0.6234375 0.153125 0.05625
4 0.5359375 0.60390625 0.16875 0.06875
0 0.315625 0.634375 0.03125 0.025