4 0.56328125 0.203125 0.35 0.246875
4 0.64140625 0.52421875 0.3078125 0.2359375
4 0.6671875 0.6875 0.3796875 0.275
3 0.7390625 0.5984375 0.0390625 0.0328125
3 0.71796875 0.45625 0.0328125 0.03125
3 0.60859375 0.14296875 0.0296875 0.0296875
2 0.47890625 0.22421875 0.078125 0.053125
2 0.57734375 0.6546875 0.06875 0.05625
1 0.340625 0.76875 0.41875 0.24375
1 0.325 0.590625 0.428125 0.2890625
1 0.2546875 0.2859375 0.415625 0.2890625
0 0.03515625 0.28984375 0.0703125 0.0796875
0 0.078125 0.396875 0.075 0.071875
0 0.11640625 0.6078125 0.084375 0.0765625
0 0.1203125 0.68203125 0.059375 0.0703125
0 0.13515625 0.80625 0.0734375 0.075
0 0.1796875 0.83671875 0.06875 0.059375