4 0.62578125 0.2234375 0.640625 0.2765625
3 0.8 0.14609375 0.0671875 0.03125
4 0.534375 0.7828125 0.5484375 0.265625
3 0.65234375 0.7140625 0.046875 0.0328125
4 0.42890625 0.52109375 0.2609375 0.134375
3 0.4921875 0.50390625 0.021875 0.015625
4 0.3796875 0.62109375 0.21875 0.0765625
3 0.43125 0.6265625 0.01875 0.0140625
1 0.15703125 0.515625 0.3046875 0.0984375
1 0.1640625 0.759375 0.328125 0.1625
2 0.51953125 0.7546875 0.084375 0.0328125
1 0.1859375 0.61953125 0.1625 0.0640625
0 0.07578125 0.6328125 0.04375 0.0328125
0 0.09609375 0.5984375 0.05 0.0203125
1 0.18984375 0.19765625 0.3578125 0.2140625