0 0.6234375 0.028125 0.084375 0.05625
0 0.73671875 0.03359375 0.0890625 0.0671875
0 0.7484375 0.11015625 0.0921875 0.1140625
0 0.75703125 0.33984375 0.075 0.0890625
0 0.77109375 0.40546875 0.0984375 0.075
0 0.93203125 0.4296875 0.0953125 0.115625
0 0.946875 0.5484375 0.10625 0.1
1 0.475 0.096875 0.375 0.19375
1 0.55546875 0.1640625 0.3640625 0.228125
1 0.62421875 0.41640625 0.303125 0.203125
4 0.43203125 0.515625 0.3 0.2171875
2 0.4171875 0.4828125 0.0546875 0.0390625
4 0.28515625 0.27578125 0.340625 0.2140625
3 0.20625 0.27890625 0.0359375 0.03125
3 0.3796875 0.55390625 0.0359375 0.028125
4 0.19765625 0.19140625 0.378125 0.2