4 0.3609375 0.1171875 0.275 0.1203125
3 0.4171875 0.14296875 0.0203125 0.009375
4 0.40078125 0.2640625 0.1375 0.0453125
3 0.42734375 0.27265625 0.0140625 0.00625
2 0.3484375 0.31171875 0.0296875 0.0140625
4 0.41875 0.35 0.21875 0.0953125
3 0.46171875 0.36953125 0.0171875 0.009375
2 0.41015625 0.3578125 0.03125 0.0140625
4 0.36171875 0.4453125 0.28125 0.1078125
3 0.4203125 0.48203125 0.0203125 0.00625
2 0.3125 0.47578125 0.04375 0.0109375
4 0.39453125 0.53203125 0.3125 0.0953125
2 0.32578125 0.55390625 0.04375 0.0140625
3 0.4640625 0.58125 0.0125 0.00625
4 0.39140625 0.6546875 0.290625 0.1109375
2 0.35390625 0.69921875 0.05 0.01875
2 0.37578125 0.86796875 0.0578125 0.0203125
1 0.1203125 0.12421875 0.240625 0.0953125
0 0.0203125 0.09453125 0.040625 0.0265625
0 0.0015625 0.16484375 0.003125 0.0421875
0 0.08125 0.2171875 0.0328125 0.034375
0 0.15859375 0.2609375 0.025 0.0203125
0 0.17734375 0.27578125 0.025 0.0140625
0 0.14140625 0.30078125 0.0296875 0.021875
0 0.13984375 0.32734375 0.021875 0.009375
0 0.07265625 0.35078125 0.046875 0.028125
0 0.09609375 0.36875 0.0453125 0.0296875
0 0.02890625 0.41328125 0.046875 0.0265625
0 0.1296875 0.38125 0.03125 0.0234375
1 0.19921875 0.1984375 0.221875 0.0796875
1 0.25390625 0.26484375 0.1640625 0.040625
1 0.20546875 0.34921875 0.203125 0.0625
1 0.12578125 0.4625 0.2515625 0.08125
1 0.146875 0.68203125 0.284375 0.1125