1 0.17265625 0.56171875 0.3453125 0.1734375
4 0.525 0.46875 0.440625 0.221875
3 0.60859375 0.46015625 0.04375 0.0265625
4 0.57890625 0.6609375 0.3015625 0.1546875
3 0.64296875 0.62890625 0.0296875 0.0203125
2 0.5140625 0.69140625 0.0625 0.0375
1 0.2546875 0.7609375 0.4234375 0.1921875
0 0.075 0.78046875 0.0546875 0.040625
4 0.35390625 0.24609375 0.1703125 0.103125
1 0.2 0.27265625 0.178125 0.0875
0 0.1109375 0.3046875 0.0328125 0.01875
0 0.11015625 0.2828125 0.034375 0.0234375
0 0.15390625 0.46328125 0.015625 0.0078125
0 0.14765625 0.453125 0.0296875 0.0203125
1 0.253125 0.434375 0.18125 0.0875