4 0.309375 0.40859375 0.25 0.15625
1 0.72265625 0.4890625 0.4171875 0.2515625
0 0.84921875 0.56484375 0.1515625 0.065625
0 0.92265625 0.36640625 0.0734375 0.1171875
0 0.70625 0.34375 0.04375 0.059375
0 0.55 0.3515625 0.2875 0.1640625
0 0.6765625 0.32890625 0.05625 0.0484375
4 0.33125 0.56015625 0.465625 0.296875
0 0.590625 0.62421875 0.2828125 0.16875
0 0.75078125 0.634375 0.040625 0.0546875
0 0.7109375 0.559375 0.0328125 0.040625
3 0.25078125 0.503125 0.046875 0.0265625
2 0.3875 0.49140625 0.0765625 0.046875
2 0.34140625 0.37109375 0.05625 0.0328125