4 0.09375 0.29296875 0.15 0.5859375
4 0.21875 0.2921875 0.13671875 0.44765625
4 0.4890625 0.25234375 0.15 0.4625
4 0.6015625 0.2984375 0.1453125 0.47734375
4 0.728125 0.375 0.11875 0.43515625
4 0.85 0.47578125 0.1296875 0.56484375
4 0.93203125 0.30625 0.11015625 0.40078125
3 0.921875 0.23046875 0.00859375 0.0296875
3 0.5375 0.121875 0.01171875 0.0421875
3 0.64375 0.1921875 0.0109375 0.04375
3 0.74765625 0.26015625 0.01796875 0.0421875
3 0.271875 0.14609375 0.01015625 0.04296875
3 0.15078125 0.16484375 0.01328125 0.03671875
2 0.1234375 0.37265625 0.01328125 0.08125
2 0.27578125 0.296875 0.01953125 0.07734375
2 0.3765625 0.3765625 0.02578125 0.09375
2 0.51328125 0.27578125 0.02109375 0.08046875
2 0.7078125 0.365625 0.02109375 0.07890625
2 0.8265625 0.58515625 0.02109375 0.0828125
1 0.47890625 0.73046875 0.0890625 0.53515625
1 0.34921875 0.78359375 0.1203125 0.42890625
1 0.221875 0.7484375 0.128125 0.49921875
1 0.9453125 0.73125 0.071875 0.4859375
1 0.6015625 0.74609375 0.13203125 0.4671875
1 0.09609375 0.76328125 0.10390625 0.4640625
1 0.7109375 0.775 0.11015625 0.4296875