4 0.42642816093749997 0.376144471875 0.430078134375 0.3529525890625 0.43503166875000004 0.30332197656250004 0.420692503125 0.30239428125 0.391753465625 0.2819854171875 0.3578608953125 0.283840775 0.35134309375 0.279666228125 0.3523859265625 0.4466477953125 0.34352173124999996 0.42484742343750004 0.32475046875 0.4392264015625 0.3414360265625 0.5074105109375 0.3609894328125 0.5292109 0.369071503125 0.5338492765625 0.371839625 0.5455898046875001 0.3787178625 0.5278193812499999 0.3862785171875 0.5162234406249999 0.39592485625 0.5278193812499999 0.40087838906249995 0.5486920750000001 0.41052472812499996 0.5431260296875 0.43190313125 0.5338492765625 0.45797433906249996 0.45360536093750004 0.441028053125 0.438298721875 0.42903528125 0.45638837812500005 0.42642816093749997 0.376144471875
3 0.37109375 0.4765625 0.0125 0.02265625
2 0.3875 0.41640625 0.01953125 0.04609375
4 0.6027164265625 0.3060627703125 0.5792153203125 0.2794080859375 0.568052309375 0.33742120625 0.5618832734375 0.28149865625000003 0.5275128921875 0.2903835515625 0.535444528125 0.3750513125 0.53280065 0.41790784687500004 0.5275128921875 0.4032739140625 0.5157623390625 0.40484183125 0.5148810609375001 0.41999841718750003 0.52046255625 0.47801152656249996 0.5369133484375 0.4842832078125 0.5437819796875 0.5003874359375 0.5516015390625 0.46285494062500004 0.558651853125 0.4607643796875 0.5639396109375 0.44769836406249996 0.56775855 0.47330775156250005 0.5659959484375 0.5083246765625 0.5874407171875 0.4994397828125 0.60829794375 0.43045122812500003 0.5909658734375001 0.4220889671875 0.5880282359375 0.40484183125 0.6027164265625 0.3060627703125
2 0.56484375 0.365625 0.0140625 0.04296875
3 0.54375 0.4390625 0.01328125 0.02109375
4 0.8875121265624999 0.6054668984375 0.8773400078125 0.6145156109375 0.8688632437500001 0.606673396875 0.8614037 0.606070159375 0.85258784375 0.5849565250000001 0.82512313125 0.553587690625 0.81698543125 0.5379032625 0.8030835421875 0.5354902890625 0.7644294875 0.508947425 0.7569699453125 0.50412145625 0.7576480765625 0.607276634375 0.7725671875 0.6525201265625 0.8007100578124999 0.6694110515625 0.8146669515625 0.6901130328125 0.820715228125 0.6651883328125 0.8369906015625 0.6380422296875 0.8495362296875 0.6217545640625 0.855639484375 0.6615688265624999 0.86750695625 0.6657915812499999 0.8810697796875001 0.6525201265625 0.8936154078125 0.61873833125 0.903448434375 0.5734948265625001 0.894632603125 0.5759078234375 0.8875121265624999 0.6054668984375
3 0.8234375 0.5921875 0.0203125 0.03671875
1 0.529661978125 0.28792251874999997 0.56318926875 0.278745759375 0.589958959375 0.2841401234375 0.5889794984375001 0.186791534375 0.5823477140625 0.1409076671875 0.580137128125 0.09633479843750001 0.569821053125 0.06421608125 0.569821053125 0.0342503 0.55803121875 0.034905775 0.5480835703125 0.0552257625 0.5480835703125 0.084722534375 0.5318725640624999 0.2525264078125 0.529661978125 0.28792251874999997
1 0.3740250359375 0.0863969203125 0.35812160312499997 0.0938183328125 0.35056095 0.1165463671875 0.3531680703125 0.13417219375 0.3450859796875 0.1712792046875 0.351864509375 0.2816725671875 0.3745464734375 0.2830640859375 0.3946212953125 0.2826002453125 0.41991035937500004 0.3011537515625 0.431642403125 0.302081425 0.43213937031249994 0.2958438296875 0.42747101406250004 0.19810153749999998 0.415217553125 0.051145267187499996 0.4092211671875 0.0386216296875 0.40139980625 0.04326000625 0.3883642015625 0.032127931250000005 0.3860177890625 0.052072928124999994 0.39044990625 0.064596565625 0.39592485625 0.1967902734375 0.3912320296875 0.24827626249999998 0.3740250359375 0.0863969203125
0 0.369397884375 0.0523082625 0.36470507812499997 0.035610114062499997 0.3602729609375 0.032363228125 0.352973034375 0.040248490625 0.3514087453125 0.07271710625 0.3566230078125 0.10425808125 0.3649657859375 0.10425808125 0.3733085640625 0.098692025 0.373469346875 0.0837625609375 0.369397884375 0.0523082625
0 0.38556204374999997 0.006388328125 0.3884627984375 0.035667628125 0.394426259375 0.03700160625 0.40224762187499996 0.0467421890625 0.4074618640625 0.0397846234375 0.4108511078125 0.036537775 0.41319752187500003 0.01891193125 0.4186724703125 0.011490535937500001 0.4189331796875 0.001286121875 0.3985976484375 0.000358425 0.3923405546875 0.0026776125 0.38556204374999997 0.006388328125
0 0.569062284375 0.021904546875 0.57029481875 0.0262901703125 0.5721436093750001 0.0211735921875 0.5723490359375 0.0050929296875 0.5641321687499999 0.0014382359375 0.55529903125 0.0061893484375000005 0.5559068375 0.0306128859375 0.5612562624999999 0.0215390546875 0.569062284375 0.021904546875