4 0.24765625 0.721875 0.12734375 0.34140625
2 0.26640625 0.7484375 0.0265625 0.06484375
4 0.34296875 0.74765625 0.08671875 0.2890625
2 0.3671875 0.76640625 0.0171875 0.04765625
4 0.12734375 0.5875 0.09921875 0.28046875
2 0.146875 0.60625 0.01796875 0.0453125
3 0.01953125 0.66875 0.01875 0.05
4 0.509375 0.72890625 0.10078125 0.30078125
4 0.4203125 0.64375 0.09296875 0.2625
4 0.58671875 0.59453125 0.05234375 0.1765625
4 0.62734375 0.5953125 0.046875 0.17890625
4 0.68359375 0.58515625 0.05078125 0.18984375
4 0.73046875 0.5828125 0.04453125 0.1625
3 0.16171875 0.51171875 0.0109375 0.02734375
3 0.284375 0.6328125 0.0140625 0.03359375
3 0.371875 0.6546875 0.01171875 0.02578125
3 0.54453125 0.7609375 0.015625 0.05