1 0.39140625 0.553125 0.278125 0.15625
0 0.51328125 0.63671875 0.0640625 0.06875
0 0.56015625 0.54140625 0.0546875 0.0765625
0 0.553125 0.45 0.0625 0.0671875
1 0.41640625 0.36015625 0.446875 0.1859375
0 0.66640625 0.4046875 0.078125 0.05625
0 0.77890625 0.27578125 0.0703125 0.10625
0 0.7703125 0.2046875 0.0578125 0.059375
1 0.58203125 0.2125 0.3703125 0.175
4 0.14921875 0.49609375 0.259375 0.13125
3 0.08671875 0.50078125 0.0296875 0.01875
4 0.13984375 0.40390625 0.265625 0.121875
3 0.0515625 0.42109375 0.0234375 0.01875
2 0.171875 0.54609375 0.05 0.034375
2 0.16640625 0.4484375 0.05 0.0265625
1 0.39453125 0.4515625 0.284375 0.146875
0 0.6921875 0.3375 0.084375 0.115625