4 0.57265625 0.70390625 0.215625 0.2859375
4 0.70625 0.5953125 0.10625 0.1875
4 0.76484375 0.653125 0.1890625 0.29375
1 0.921875 0.49375 0.1125 0.2328125
1 0.27578125 0.2515625 0.234375 0.41875
1 0.48359375 0.33046875 0.20625 0.35
1 0.67421875 0.34609375 0.203125 0.371875
1 0.828125 0.41875 0.1421875 0.2765625
0 0.8875 0.3328125 0.040625 0.08125
0 0.8546875 0.2765625 0.0421875 0.0453125
0 0.7546875 0.20234375 0.046875 0.0625
0 0.67890625 0.1546875 0.053125 0.0625
0 0.56796875 0.21796875 0.04375 0.0734375
0 0.45625 0.16328125 0.0734375 0.0671875
0 0.7609375 0.334375 0.034375 0.0359375
0 0.8015625 0.36328125 0.025 0.04375
0 0.946875 0.36875 0.028125 0.03125
0 0.9640625 0.37109375 0.0171875 0.01875
0 0.37421875 0.13125 0.0609375 0.1203125
0 0.26328125 0.03984375 0.0921875 0.075
3 0.53359375 0.73046875 0.0171875 0.025
3 0.71796875 0.71171875 0.015625 0.0234375
3 0.68203125 0.634375 0.0125 0.0171875
4 0.88046875 0.671875 0.115625 0.1625
3 0.85390625 0.7203125 0.0078125 0.0109375
2 0.88125 0.64921875 0.0203125 0.0375
4 0.17265625 0.6015625 0.253125 0.4125
4 0.4046875 0.6171875 0.2109375 0.3328125