4 0.31796875 0.32578125 0.1609375 0.33046875
3 0.34375 0.23046875 0.01953125 0.03828125
4 0.12578125 0.28203125 0.12421875 0.26015625
3 0.1546875 0.21328125 0.01640625 0.028125
4 0.23046875 0.22890625 0.1171875 0.2453125
3 0.27109375 0.17265625 0.0125 0.02421875
1 0.33671875 0.66171875 0.125 0.396875
0 0.334375 0.8859375 0.05703125 0.09765625
0 0.39453125 0.90390625 0.03046875 0.0609375
0 0.1375 0.6390625 0.02109375 0.03125
0 0.17734375 0.63984375 0.01328125 0.0296875
1 0.14296875 0.50234375 0.078125 0.24453125
0 0.26640625 0.65234375 0.0328125 0.0484375
0 0.24375 0.60078125 0.0203125 0.09609375
1 0.24296875 0.4765625 0.0703125 0.28046875