4 0.76875 0.4828125 0.203125 0.284375
1 0.75546875 0.225 0.1453125 0.2921875
1 0.3578125 0.2328125 0.1078125 0.3203125
0 0.79609375 0.09609375 0.0328125 0.0484375
0 0.709375 0.08671875 0.0640625 0.0484375
0 0.83984375 0.10703125 0.028125 0.0296875
0 0.35859375 0.06640625 0.0484375 0.046875
0 0.31640625 0.059375 0.0515625 0.05
4 0.36796875 0.4984375 0.16875 0.284375
3 0.3296875 0.55703125 0.0140625 0.0234375
1 0.5921875 0.27734375 0.1078125 0.209375
4 0.6015625 0.43046875 0.103125 0.184375
3 0.5859375 0.46875 0.00625 0.009375
3 0.73203125 0.54765625 0.0171875 0.025
0 0.55625 0.14375 0.028125 0.0265625
0 0.59921875 0.14765625 0.0265625 0.025
2 0.72421875 0.471875 0.03125 0.046875
4 0.08203125 0.61875 0.1640625 0.3125
1 0.0625 0.28828125 0.125 0.3890625