4 0.3203125 0.68046875 0.1796875 0.34375
3 0.3515625 0.7765625 0.0203125 0.040625
4 0.12734375 0.7359375 0.140625 0.2703125
3 0.1609375 0.80390625 0.0171875 0.028125
4 0.23671875 0.784375 0.13125 0.25625
3 0.28046875 0.8390625 0.0140625 0.025
1 0.321875 0.33984375 0.1484375 0.409375
0 0.30703125 0.11171875 0.0625 0.103125
0 0.36640625 0.090625 0.034375 0.0640625
0 0.1203125 0.37265625 0.0234375 0.0328125
0 0.1609375 0.3703125 0.0140625 0.03125
1 0.1328125 0.51171875 0.090625 0.2515625
0 0.25078125 0.35234375 0.0375 0.0515625
0 0.2296875 0.40625 0.025 0.0984375
1 0.23671875 0.53203125 0.0859375 0.2875