1 0.1609375 0.68671875 0.290625 0.503125
0 0.0609375 0.92109375 0.0953125 0.0453125
0 0.2234375 0.85859375 0.071875 0.1859375
1 0.3875 0.63046875 0.1703125 0.31875
0 0.3046875 0.78984375 0.059375 0.040625
0 0.42109375 0.75703125 0.040625 0.096875
4 0.40703125 0.35859375 0.1453125 0.321875
3 0.38046875 0.29921875 0.0140625 0.0234375
3 0.51875 0.25625 0.021875 0.0328125
4 0.225 0.24140625 0.240625 0.4828125
2 0.175 0.096875 0.021875 0.0421875
1 0.5 0.6953125 0.15625 0.39375
0 0.4984375 0.86171875 0.0625 0.0859375
0 0.42421875 0.88984375 0.0546875 0.078125
1 0.77890625 0.64765625 0.121875 0.2796875
0 0.790625 0.7796875 0.0234375 0.0453125
0 0.740625 0.79453125 0.040625 0.046875
4 0.8203125 0.43671875 0.1109375 0.184375