1 0.21015625 0.33125 0.2625 0.08125
3 0.590625 0.03046875 0.025 0.0265625
4 0.440625 0.33984375 0.2046875 0.096875
3 0.4828125 0.359375 0.0203125 0.0125
3 0.5109375 0.49921875 0.0234375 0.015625
1 0.21796875 0.471875 0.26875 0.0828125
4 0.49609375 0.64453125 0.26875 0.13125
3 0.5625 0.65390625 0.028125 0.01875
0 0.07109375 0.2984375 0.040625 0.040625
0 0.07109375 0.353125 0.034375 0.03125
0 0.0734375 0.43671875 0.0609375 0.0328125
0 0.0734375 0.496875 0.028125 0.0203125
0 0.06640625 0.6171875 0.084375 0.0375
0 0.03671875 0.65078125 0.0453125 0.028125
1 0.21875 0.6359375 0.3125 0.090625