4 0.70625 0.83984375 0.5484375 0.3078125
3 0.84453125 0.8375 0.05625 0.03125
2 0.6109375 0.77734375 0.115625 0.04375
4 0.68203125 0.4015625 0.4390625 0.2140625
3 0.75546875 0.45546875 0.0359375 0.021875
4 0.74296875 0.18046875 0.4625 0.253125
3 0.8046875 0.23671875 0.040625 0.025
0 0.0671875 0.09296875 0.06875 0.0484375
0 0.1359375 0.15390625 0.1515625 0.0546875
1 0.28515625 0.378125 0.453125 0.1625
0 0.09921875 0.321875 0.075 0.04375
0 0.034375 0.40234375 0.0578125 0.05
0 0.02421875 0.59765625 0.0484375 0.0640625
0 0.0359375 0.67109375 0.071875 0.0828125
1 0.25078125 0.6625 0.4796875 0.1796875
1 0.23203125 0.7953125 0.4640625 0.20625
1 0.32265625 0.1453125 0.440625 0.184375