4 0.11484375 0.73203125 0.2296875 0.5359375
4 0.22734375 0.68515625 0.2046875 0.45
4 0.3484375 0.57578125 0.2703125 0.6359375
4 0.65 0.60078125 0.2890625 0.6640625
4 0.76796875 0.534375 0.2828125 0.628125
2 0.96640625 0.3171875 0.034375 0.109375
2 0.91328125 0.35078125 0.046875 0.10625
2 0.84453125 0.5125 0.0453125 0.1
3 0.825 0.7 0.0296875 0.053125
3 0.69453125 0.7359375 0.028125 0.046875
2 0.5859375 0.45703125 0.04375 0.1046875
2 0.73125 0.4515625 0.0546875 0.121875
2 0.44609375 0.43515625 0.040625 0.0953125
3 0.4015625 0.70703125 0.03125 0.059375
4 0.2984375 0.74375 0.225 0.5125
3 0.26328125 0.8015625 0.0265625 0.0484375
3 0.1515625 0.90625 0.034375 0.0625
2 0.078125 0.75078125 0.0359375 0.084375
2 0.17265625 0.5625 0.0375 0.0890625
2 0.31875 0.46015625 0.046875 0.1109375