4 0.54140625 0.71640625 0.1734375 0.271875
4 0.80859375 0.66171875 0.103125 0.1546875
1 0.5140625 0.4296875 0.16875 0.3234375
1 0.79765625 0.528125 0.0765625 0.134375
1 0.67734375 0.59765625 0.0546875 0.1203125
1 0.6140625 0.50859375 0.075 0.1609375
0 0.62265625 0.4171875 0.04375 0.03125
0 0.76640625 0.4859375 0.015625 0.0171875
0 0.67890625 0.52890625 0.021875 0.040625
0 0.5375 0.265625 0.0515625 0.0484375
0 0.43125 0.25078125 0.059375 0.0671875
0 0.525 0.40625 0.021875 0.0375
0 0.725 0.0890625 0.109375 0.0734375
0 0.128125 0.2859375 0.0703125 0.1046875
3 0.50546875 0.7703125 0.0125 0.021875
2 0.525 0.6390625 0.0265625 0.053125
3 0.790625 0.6921875 0.009375 0.0125
2 0.7953125 0.63359375 0.0125 0.025