1 0.78828125 0.32421875 0.4234375 0.1828125
1 0.71015625 0.50546875 0.3875 0.1328125
4 0.4171875 0.47734375 0.2890625 0.14375
2 0.47734375 0.46796875 0.0578125 0.0328125
3 0.34453125 0.4421875 0.021875 0.0140625
4 0.4359375 0.62890625 0.20625 0.1171875
3 0.3921875 0.6109375 0.01875 0.0109375
2 0.4765625 0.634375 0.0390625 0.01875
4 0.36171875 0.27734375 0.484375 0.2703125
3 0.22109375 0.22734375 0.0296875 0.0140625
1 0.6390625 0.6484375 0.2234375 0.084375
0 0.7421875 0.66171875 0.0390625 0.01875
0 0.76484375 0.64921875 0.040625 0.028125
0 0.90078125 0.53984375 0.040625 0.0375
0 0.88125 0.484375 0.046875 0.0375