3 0.44375 0.64375 0.0203125 0.015625
1 0.715625 0.3796875 0.18125 0.0984375
4 0.56640625 0.33359375 0.18125 0.125
4 0.54921875 0.72734375 0.2671875 0.153125
1 0.78359375 0.77265625 0.25 0.1328125
0 0.91796875 0.8 0.059375 0.075
0 0.87578125 0.82265625 0.0421875 0.0421875
2 0.71875 0.9359375 0.078125 0.0390625
3 0.446875 0.9015625 0.034375 0.025
3 0.51640625 0.89921875 0.021875 0.009375
0 0.8046875 0.39453125 0.03125 0.034375
0 0.77578125 0.41796875 0.03125 0.0359375
0 0.78046875 0.44453125 0.0453125 0.0421875
0 0.81328125 0.484375 0.04375 0.034375
0 0.79765625 0.32109375 0.03125 0.0484375
0 0.78046875 0.3296875 0.021875 0.025
0 0.75703125 0.3421875 0.028125 0.025
0 0.78046875 0.25546875 0.028125 0.025
0 0.7609375 0.2765625 0.0234375 0.025
0 0.7703125 0.20078125 0.025 0.0203125
0 0.76875 0.2296875 0.025 0.025
4 0.59140625 0.2140625 0.15 0.096875
1 0.70546875 0.2203125 0.115625 0.065625