4 0.43671875 0.4203125 0.1078125 0.1765625
4 0.3015625 0.40859375 0.1390625 0.2140625
4 0.09453125 0.3484375 0.1484375 0.2203125
4 0.046875 0.40703125 0.09375 0.2203125
1 0.10546875 0.1515625 0.16875 0.271875
1 0.32578125 0.2015625 0.153125 0.2796875
1 0.44765625 0.25078125 0.1265625 0.209375
0 0.4984375 0.14375 0.05625 0.0359375
0 0.38828125 0.171875 0.04375 0.071875
0 0.3421875 0.04296875 0.0609375 0.053125
0 0.17265625 0.02578125 0.0828125 0.0515625
0 0.05625 0.03359375 0.028125 0.0671875
3 0.34140625 0.46015625 0.0140625 0.0171875
2 0.46171875 0.38046875 0.021875 0.0296875
3 0.13125 0.41171875 0.0140625 0.0203125
3 0.05703125 0.45859375 0.0140625 0.0171875