4 0.5376602562499999 0.531125071875 0.5384615390625 0.5693889203125 0.5320512828124999 0.6173615078125 0.53125 0.6367789828125 0.5512820515625 0.6413478015625 0.559174659375 0.6399151953125 0.5637019234375 0.64249000625 0.593349359375 0.64249000625 0.615384615625 0.638492290625 0.6201923078125 0.6350656765625 0.6233974359375 0.6253569390625 0.6262019234375 0.622501428125 0.6233974359375 0.6162193031250001 0.6205929484375 0.588806396875 0.62139423125 0.5796687609375 0.618189103125 0.57224443125 0.6177884609375 0.5636778984374999 0.614983975 0.5539691609374999 0.614983975 0.534551684375 0.6164524734375 0.5327523640625 0.627395884375 0.525949265625 0.625 0.5174186171875 0.6169871796875 0.46944603125000006 0.6075523765625 0.449045759375 0.5996459796875 0.4395433140625 0.585383459375 0.4315877796875 0.5790273359375 0.4209803984375 0.5742214859375 0.42142237343750005 0.576701925 0.42407421875000006 0.5770119796875 0.4276100125 0.5703915640624999 0.4473622984375 0.5668116999999999 0.45212509062499995 0.5625 0.452884065625 0.5560897437500001 0.45345516874999997 0.5520525671875001 0.453907475 0.5467816359375 0.45037168125000004 0.5488782046875 0.44545973749999995 0.5448717953125 0.44545973749999995 0.5373249640625 0.45589635937499995 0.532984196875 0.45832721718749997 0.5296474359375 0.46259280468749997 0.5264423078125 0.467161621875 0.5228365390625 0.48143917812500003 0.51884153125 0.49056763124999997 0.51923076875 0.505425471875 0.53125 0.5225585374999999 0.5367408484375 0.5177835875000001 0.5376602562499999 0.531125071875
3 0.57734375 0.49375 0.015625 0.0203125
4 0.6530448718749999 0.50142775625 0.6570512828124999 0.5242718453124999 0.658653846875 0.5796687609375 0.6578525640625 0.608223871875 0.6590544875 0.6122215875 0.665865384375 0.62021701875 0.6750801281250001 0.6236436328125 0.7079326921875 0.62649914375 0.7359775640625 0.6247858359375 0.744709859375 0.5958693140625 0.744391025 0.5682467156250001 0.7451923078125 0.5585379781250001 0.743189103125 0.5522558531249999 0.743189103125 0.5396916046875 0.736778846875 0.508852084375 0.7512019234375 0.49914334687500006 0.7616185890625 0.49857224375 0.7644230765625 0.49057681249999996 0.7624198718749999 0.46944603125000006 0.7616185890625 0.42318675 0.7564102562499999 0.403769275 0.7435897437500001 0.38949171875 0.739983975 0.3883495140625 0.725560896875 0.3729297546875 0.72235576875 0.3706453453125 0.716346153125 0.359794403125 0.711939103125 0.36207881249999996 0.7011217953125 0.3826384921875 0.689903846875 0.3883495140625 0.6830929484375 0.385494003125 0.6839562078125 0.365473775 0.6730650671875 0.3821815140625 0.6563082609374999 0.39633638437499996 0.6498397437500001 0.41176470624999995 0.647435896875 0.44374643125 0.640625 0.4797258703125 0.64423076875 0.4968589375 0.6530448718749999 0.50142775625
3 0.70625 0.4390625 0.01875 0.025
2 0.55859375 0.5453125 0.0203125 0.03359375
2 0.6734375 0.4921875 0.02109375 0.03671875
0 0.5520833328125 0.8509423187499999 0.5540865390625 0.8463735015625 0.5540865390625 0.8395202734374999 0.552483975 0.8343803546874999 0.5292467953125 0.8292404343750001 0.5124198718749999 0.8458023984375 0.5124198718749999 0.8515134203124999 0.515224359375 0.8572244437500001 0.528846153125 0.8589377499999999 0.5520833328125 0.8509423187499999
1 0.5328525640625 0.8309537406249999 0.5404647437500001 0.8315248421874999 0.5520833328125 0.8366647625000001 0.5544871796875 0.8315248421874999 0.5588412921875 0.800818678125 0.560096153125 0.774985721875 0.5641025640625 0.7424328953125 0.5669070515625 0.7344374640625 0.5697115390625 0.705882353125 0.5739650515625 0.669364528125 0.5845352562499999 0.7110222734375 0.591346153125 0.7270131359375 0.594150640625 0.7401484859374999 0.6169871796875 0.8035408343749999 0.6266025640625 0.8115362656249999 0.6334134609375 0.8086807531250001 0.6418269234375 0.7926898921875 0.6386217953125 0.7601370640625 0.627403846875 0.721873215625 0.614983975 0.71330668125 0.6125801281250001 0.6967447171875001 0.6065705125 0.6750428328125 0.6085737171875001 0.664191890625 0.6177884609375 0.6556253562500001 0.6185897437500001 0.641918903125 0.6205929484375 0.638492290625 0.618990384375 0.6367789828125 0.59375 0.641918903125 0.5637019234375 0.6430611078124999 0.5604967953125 0.640205596875 0.549278846875 0.6407766984375 0.52970039375 0.6383413499999999 0.528846153125 0.647629925 0.5324519234375 0.711593375 0.5296474359375 0.7601370640625 0.5292467953125 0.827527128125 0.5328525640625 0.8309537406249999
0 0.6290064109375 0.8423757859375 0.6394230765625 0.8395202734374999 0.6426282046875 0.83495145625 0.64423076875 0.826956025 0.6450320515625 0.7995431187500001 0.6426282046875 0.7938320953125 0.6386217953125 0.7961165046875001 0.6334134609375 0.8063963453125 0.6229967953125 0.8098229578125 0.6197916671875 0.8338092515625 0.6205929484375 0.838949171875 0.6229967953125 0.8418046828125 0.6290064109375 0.8423757859375
0 0.6686698718749999 0.9200456875 0.6895032046875 0.9091947453125 0.693108975 0.904625928125 0.693108975 0.8903483718749999 0.6887019234375 0.8909194749999999 0.685096153125 0.894917190625 0.6750801281250001 0.8960593953125 0.655849359375 0.8897772703125 0.6414262828124999 0.8994860078125001 0.6374198718749999 0.9057681328125 0.63701923125 0.91205025625 0.6418269234375 0.9183323812499999 0.6546474359375 0.9211878921875 0.6686698718749999 0.9200456875
1 0.665865384375 0.6733295265625 0.6770833328125 0.745859509375 0.671875 0.7784123359375 0.6550480765625 0.852655625 0.6546474359375 0.8749286125 0.6522435890625 0.8897772703125 0.6534455125 0.8920616796875 0.6590544875 0.8909194749999999 0.6730769234375 0.8972015984375 0.6826923078125 0.8966304968750001 0.689903846875 0.8914905765625001 0.693108975 0.88463735 0.693108975 0.8800685328125001 0.6895032046875 0.869217590625 0.6895032046875 0.864648771875 0.7023237171875001 0.8315248421874999 0.7067309921875 0.8108386640624999 0.7186273359375 0.8403579656250001 0.7512321328125 0.837845684375 0.7635690828125 0.8252842796875001 0.747596153125 0.7789834375 0.7371794875 0.7607081671875 0.7235576921875 0.715591090625 0.7267628203125 0.6967447171875001 0.7323717953125 0.6824671609374999 0.7335737171875001 0.646487721875 0.7363782046875 0.6316390640625 0.7359775640625 0.62649914375 0.7327724359375 0.624214734375 0.7015796703125 0.6253569390625 0.6782852562499999 0.6236436328125 0.663060896875 0.6190748140625 0.6610576921875 0.622501428125 0.663060896875 0.630496859375 0.6638621796875 0.6459166187500001 0.6670673078125 0.657909765625 0.665865384375 0.6733295265625
0 0.7247196515625001 0.8812107375 0.7287260609375 0.886921759375 0.7431491375 0.888635065625 0.7515626 0.88635065625 0.755569009375 0.8817818390625 0.7599760609375 0.864648771875 0.7707933687499999 0.8492290125 0.77359785625 0.8378069671875 0.7707933687499999 0.8298115359375 0.766786959375 0.8263849234375 0.7623799078125 0.8263849234375 0.7605102484375 0.831905578125 0.7559696515625001 0.8372358656250001 0.739142728125 0.8429468874999999 0.735536959375 0.8418046828125 0.733533753125 0.8440890921875001 0.7339343953124999 0.8577955453125 0.7291267015625 0.8720731015625001 0.7247196515625001 0.8766419187500001 0.7247196515625001 0.8812107375