4 0.60703125 0.2234375 0.3453125 0.2109375
4 0.6359375 0.56640625 0.3 0.20625
4 0.6359375 0.7390625 0.3734375 0.2359375
3 0.72421875 0.659375 0.0375 0.03125
3 0.72578125 0.509375 0.03125 0.028125
3 0.6640625 0.16875 0.0296875 0.0296875
2 0.5171875 0.23203125 0.078125 0.04375
2 0.5484375 0.68984375 0.065625 0.05
1 0.2859375 0.76875 0.4234375 0.1953125
1 0.2984375 0.58359375 0.425 0.24375
1 0.2765625 0.25859375 0.4125 0.246875
0 0.04375 0.2265625 0.078125 0.075
0 0.07578125 0.34375 0.0703125 0.065625
0 0.08046875 0.5671875 0.0796875 0.06875
0 0.07265625 0.64453125 0.0515625 0.065625
0 0.06875 0.77421875 0.06875 0.0703125
0 0.109375 0.8125 0.0671875 0.0546875