4 0.35078125 0.24765625 0.24765625 0.49453125
1 0.38515625 0.62734375 0.19375 0.36015625
2 0.36953125 0.434375 0.04375 0.08046875
4 0.5203125 0.31953125 0.25859375 0.5265625
3 0.4171875 0.13828125 0.01953125 0.028125
3 0.6125 0.20078125 0.03359375 0.05078125
4 0.76640625 0.265625 0.278125 0.53046875
3 0.76484375 0.1671875 0.0296875 0.0484375
2 0.57265625 0.45546875 0.05078125 0.08828125
2 0.678125 0.359375 0.02890625 0.084375
1 0.54921875 0.6953125 0.159375 0.37421875
1 0.70859375 0.67578125 0.14375 0.39765625
0 0.41015625 0.83671875 0.040625 0.09453125
0 0.45703125 0.8359375 0.04921875 0.09375
0 0.540625 0.90859375 0.07578125 0.0640625
0 0.5890625 0.796875 0.08046875 0.071875
0 0.6734375 0.80703125 0.0734375 0.0640625
0 0.721875 0.89921875 0.0828125 0.0859375