4 0.2171875 0.2265625 0.27890625 0.42109375
3 0.275 0.13046875 0.02890625 0.0453125
4 0.59609375 0.4796875 0.190625 0.32890625
3 0.6484375 0.4265625 0.01796875 0.03828125
4 0.80390625 0.4875 0.1765625 0.31328125
3 0.8421875 0.425 0.025 0.0265625
1 0.59140625 0.76328125 0.13359375 0.275
1 0.79453125 0.7375 0.08046875 0.22265625
1 0.23046875 0.58359375 0.16640625 0.3625
0 0.2203125 0.81875 0.0546875 0.06796875
0 0.26328125 0.7375 0.0546875 0.1296875
0 0.61953125 0.9234375 0.06328125 0.0546875
0 0.525143678125 0.887931034375 0.5269396546875 0.8874521078125 0.5348419546875001 0.864942528125 0.538793103125 0.8333333328125001 0.53663793125 0.8328544062500001 0.5301724140624999 0.8409961687499999 0.5247844828125 0.844348659375 0.5158045984374999 0.8467432953125 0.5057471265625 0.8448275859375001 0.5046695406249999 0.8481800765624999 0.5046695406249999 0.8659003828125 0.5057471265625 0.868773946875 0.516882184375 0.881226053125 0.525143678125 0.887931034375
0 0.79453125 0.89140625 0.053125 0.0578125
0 0.76015625 0.86171875 0.04375 0.0984375
4 0.41796875 0.5640625 0.07265625 0.1390625
1 0.40625 0.67265625 0.04765625 0.09921875
0 0.3921875 0.73671875 0.0203125 0.021875
0 0.4140625 0.734375 0.02421875 0.021875
2 0.40625 0.559375 0.0125 0.02265625
3 0.42109375 0.534375 0.009375 0.01640625
0 0.6703125 0.865625 0.06328125 0.05234375
0 0.5703125 0.86171875 0.03984375 0.040625