4 0.5859375 0.509375 0.14296875 0.34765625
3 0.63125 0.42109375 0.02578125 0.03828125
4 0.28359375 0.55390625 0.1 0.28359375
4 0.059375 0.446875 0.11875 0.3640625
3 0.059375 0.36640625 0.01953125 0.03828125
1 0.57578125 0.8328125 0.13671875 0.3328125
3 0.475 0.55703125 0.00703125 0.01640625
1 0.26484375 0.78515625 0.07734375 0.24296875
0 0.25 0.896875 0.03515625 0.07578125
0 0.27109375 0.92734375 0.0234375 0.040625
1 0.45625 0.72421875 0.046875 0.16171875
0 0.44453125 0.80625 0.0171875 0.03203125
0 0.46328125 0.81171875 0.0140625 0.021875
3 0.2921875 0.48828125 0.01484375 0.0234375
0 0.49296875 0.8328125 0.02265625 0.03203125
0 0.52890625 0.8359375 0.02109375 0.03046875