4 0.60546875 0.46328125 0.15625 0.24609375
3 0.6328125 0.41015625 0.028125 0.0234375
4 0.47890625 0.4765625 0.09140625 0.22109375
3 0.5078125 0.4203125 0.01875 0.025
1 0.8875 0.740625 0.090625 0.284375
0 0.9046875 0.90546875 0.03046875 0.02421875
0 0.871875 0.8890625 0.03203125 0.0296875
1 0.58359375 0.69296875 0.1015625 0.25859375
1 0.19921875 0.68828125 0.0859375 0.2640625
1 0.078125 0.65234375 0.06953125 0.16796875
3 0.27734375 0.4546875 0.0125 0.0171875
4 0.07890625 0.49609375 0.1109375 0.165625
3 0.10234375 0.46875 0.009375 0.0109375
2 0.09140625 0.5359375 0.01796875 0.03359375
4 0.3859375 0.4734375 0.1453125 0.240625
2 0.4 0.51484375 0.02265625 0.05625
0 0.1 0.7453125 0.0296875 0.02890625
0 0.14609375 0.734375 0.02890625 0.040625
0 0.275 0.721875 0.04375 0.053125
0 0.20859375 0.81640625 0.04453125 0.02890625
0 0.340625 0.8203125 0.0296875 0.059375
0 0.40859375 0.85 0.04296875 0.03828125
0 0.471875 0.8296875 0.046875 0.05078125
0 0.4375 0.8 0.0234375 0.05859375
0 0.54453125 0.81328125 0.0421875 0.06953125
0 0.5875 0.84453125 0.0375 0.05625
1 0.39453125 0.70234375 0.13203125 0.25390625
4 0.8890625 0.47578125 0.1515625 0.25234375
3 0.93515625 0.409375 0.01796875 0.02578125
2 0.6109375 0.51015625 0.0296875 0.04453125
2 0.89453125 0.53984375 0.02421875 0.05