4 0.867900253125 0.47844901562500003 0.864058846875 0.49056436875 0.8591698015624999 0.49460281874999995 0.8485186546874999 0.499573221875 0.8417089000000001 0.5085820734375 0.8300100875 0.584514625 0.8493917 0.59849388125 0.8450264734375 0.6673516171875 0.8410104609375001 0.7139491328124999 0.8548045765625 0.7207834265625 0.8652811187499999 0.7266857828125 0.8783767953125 0.7276177421875001 0.8993298765625 0.726996428125 0.9208067859375 0.7304135984375 0.9291880171875 0.7325881390625 0.9260450562500001 0.6847771687499999 0.9209813921875 0.6732831234375001 0.9188860890624999 0.6335199 0.923775140625 0.6093165453125 0.9305848875 0.605899375 0.936172378125 0.5956479125 0.92569291875 0.5164321359375 0.90997810625 0.49903573437500004 0.9012476546875 0.49033753437499994 0.89447750625 0.47325177187499995 0.892556809375 0.472319825 0.8930806359375 0.479775425 0.8880169718750001 0.48785234062500005 0.8817310484374999 0.5040061375 0.8773658234375 0.5111510984375001 0.8754451265625001 0.5210918875 0.8740482500000001 0.5207812421875 0.8687593921874999 0.48401949218749996 0.867900253125 0.47844901562500003
3 0.85625 0.54921875 0.01015625 0.01953125
4 0.7335419890625 0.5081949171875 0.7299272828125 0.511556571875 0.7259839718750001 0.5140412703125 0.7213834328125001 0.5163798125 0.7235194 0.5244185531250001 0.7271341 0.542396084375 0.72935221875 0.5548195859375 0.726066121875 0.55686580625 0.7288593046875 0.6032071609375 0.7297629796875 0.6311234953125 0.7338706 0.632000446875 0.746686371875 0.634192828125 0.75087614375 0.633608203125 0.7530942609375 0.633315878125 0.756462509375 0.6239617156249999 0.7606522796874999 0.5746341828125 0.7541622390625 0.56995709375 0.760734434375 0.5147090578125 0.7553123734375 0.5131013156249999 0.75177981875 0.5044779390625 0.75046538125 0.50535489375 0.7506296906250001 0.522455475 0.7474257453125001 0.5350251375 0.7441396499999999 0.5275710328125001 0.7411821640625 0.522455475 0.738964046875 0.51222435625 0.736328903125 0.5038061671875 0.7335419890625 0.5081949171875
3 0.73203125 0.54453125 0.00625 0.0140625
2 0.69765625 0.6203125 0.0125 0.028125
4 0.6382968984375 0.4623290421875 0.6293272 0.46572995625 0.62520995625 0.47279340625 0.6209456796875 0.4806416828125 0.619769321875 0.512936225 0.6168284359375 0.5330801390625 0.6191811421875 0.5380507015625 0.624474734375 0.5495615093749999 0.6269744937499999 0.5495615093749999 0.63167990625 0.5472070234374999 0.6307976421875 0.5741527671875 0.629033115625 0.5830474828125001 0.6312387796875 0.5885412718749999 0.6341796656249999 0.60763875 0.636091234375 0.631183565625 0.633297390625 0.6500194375 0.6434434484375 0.6555132265625 0.6472665984375 0.655251621875 0.651530884375 0.6578677140625 0.6634414703125 0.6576061078125 0.69387964375 0.6426943734375 0.689909446875 0.614178978125 0.6849099390625 0.5671760109374999 0.6834394953125 0.538660615625 0.6882919609375 0.5381373953125 0.69990845625 0.5274114140624999 0.69623235 0.5088371656249999 0.6952030390624999 0.4965415328125 0.6940266859374999 0.490001303125 0.6881449140625 0.4787521109375 0.6841747171875 0.47299670625 0.6734404859375 0.46462521562500003 0.6687350734375 0.4596546375 0.665647134375 0.455992109375 0.66300034375 0.45180636406249997 0.66300034375 0.45651532812499995 0.6596183203125 0.4661948671875 0.65638335 0.4750895828125 0.6525602015625 0.4826762484375 0.6484429578124999 0.48947808750000005 0.6438845859375 0.4743047515625 0.642708228125 0.46253233906249996 0.6438727515625 0.45597883906250003 0.6382968984375 0.4623290421875
3 0.63828125 0.5140625 0.00859375 0.01640625
2 0.6515625 0.56328125 0.01171875 0.03046875
4 0.521428471875 0.5385885 0.52396879375 0.5723112734375 0.5247504375 0.609162990625 0.52846323125 0.609162990625 0.527290775 0.642885784375 0.5268999453125 0.6689601078125 0.5249458437500001 0.6828664 0.5251412515625 0.7350150453125 0.5384291421875 0.745097121875 0.5505445609375 0.745444775 0.569499346875 0.731190815625 0.579856071875 0.7193704515625 0.5954888859375 0.7075501125 0.593534784375 0.6213310078125 0.5966613421875 0.6195927203125 0.60310988125 0.6122919015625 0.615616121875 0.608815325 0.6130757921875001 0.5813503796874999 0.6027656625 0.5306025578125 0.5933849999999999 0.5117505375 0.582246625 0.4999301796875 0.577165965625 0.4968012609375 0.5756026859375 0.48567621406250006 0.57208530625 0.4790707203125 0.57208530625 0.486719190625 0.566027590625 0.49888720781250007 0.556843321875 0.518008378125 0.549417734375 0.531914684375 0.5472682265625 0.5065356734375001 0.5476590406249999 0.4950629734375 0.545314125 0.489848109375 0.5437508390625 0.49784423125000005 0.5378885359375001 0.49819189062499997 0.5294859125 0.5086216328125001 0.52380378125 0.5225704421875 0.521428471875 0.5385885
3 0.53203125 0.5578125 0.00546875 0.01953125
2 0.54140625 0.6609375 0.009375 0.0421875
4 0.47223075468750003 0.45091045 0.46773631718750003 0.45994955 0.4626556578125 0.4655120734375 0.4565979484375 0.4769847734375 0.4519081046875 0.5148794546875 0.4442871234375 0.54547333125 0.4538622046875 0.5642468484375 0.4538622046875 0.6063134171875 0.451517290625 0.67625991875 0.44585036562499997 0.7068537625 0.4573795921875 0.7141545671875 0.47711600625 0.7325804328125 0.504278009375 0.7325804328125 0.5122898203124999 0.7284085515625 0.5228419671875 0.7190217796875 0.5224511374999999 0.6630489046875 0.5244052390625 0.590146821875 0.5220603234375 0.5343696921875 0.518933765625 0.501342215625 0.513657684375 0.47700618125 0.5064275171875 0.4634475359375 0.4991973515625 0.4554514125 0.49411667656249997 0.4356349234375 0.4886452046875 0.44780294062500003 0.4825874953125 0.4606662765625 0.47711600625 0.474920234375 0.47262156875 0.4804827578125 0.47298866874999995 0.4617660359375 0.47223075468750003 0.45091045
2 0.46640625 0.65078125 0.01171875 0.04140625
3 0.43515625 0.51953125 0.00625 0.0125
4 0.32033205625 0.5165074328125 0.3225960078125 0.5225491875 0.323954375 0.543493946875 0.3280294921875 0.5825639390624999 0.3327837859375 0.599078078125 0.3278031015625 0.6506344093750001 0.327123909375 0.6711763375 0.32123764062500004 0.6844681953125 0.318294496875 0.7054129625 0.3228223984375 0.7231354484375 0.3364061046875 0.7283716171875 0.357008053125 0.723538225 0.3760252421875 0.7086352125000001 0.382590703125 0.6921210906249999 0.3805531453125 0.679634803125 0.3805531453125 0.6586900828125 0.3911937234375 0.6453981953125 0.3939104578125 0.6317035453125001 0.3939104578125 0.6200228296875 0.39413684843749996 0.5793416734375 0.41587077343749995 0.53986888125 0.405909403125 0.5277853718750001 0.39096731406249996 0.5072434046875001 0.387344996875 0.49354876406250003 0.3785155859375 0.48710422343750004 0.366290265625 0.47220122968749995 0.3572344609375 0.467367828125 0.34795224999999996 0.4536731890625 0.3429715640625 0.45488153281250004 0.347499465625 0.4589093703125 0.3459147078125 0.46857617500000004 0.3418395890625 0.48509030624999994 0.3373116875 0.5076461906249999 0.333462978125 0.520938046875 0.3316832390625 0.5108326703125 0.32033205625 0.5165074328125
2 0.32578125 0.62890625 0.01640625 0.0484375
2 0.16328125 0.6125 0.01796875 0.05546875
1 0.8480691515625001 0.7546129484375 0.8485345796875 0.79447726875 0.85148225625 0.8071739546875 0.8495433140624999 0.82606761875 0.8469059140624999 0.83407205 0.8472161921874999 0.87519826875 0.8453545015625 0.8815466093750001 0.8424068124999999 0.9110802015624999 0.8438030875000001 0.9257089875 0.8464404859375 0.9370255937499999 0.844268515625 0.94558205 0.8557489687500001 0.9522064109375 0.8666088656250001 0.9585547609375 0.8686257078124999 0.94199386875 0.8721939640624999 0.9337134125000001 0.8732799484375 0.9246049234375 0.8760724984375001 0.8595665890624999 0.8760724984375001 0.8298355031250001 0.8805715890625001 0.75613953125 0.881812725 0.7555875000000001 0.8900352234375 0.7880763109375 0.8949997421875 0.8107095375 0.899033415625 0.8672925859375 0.9016708265625001 0.89517009375 0.9049287921875001 0.9089708375000001 0.9142372765625 0.9139390921875 0.9233906140625001 0.9164232296874999 0.9249420265625 0.9070387203125 0.9227700515624999 0.88992580625 0.9233906140625001 0.8606682250000001 0.9223046281249999 0.7942538609375001 0.9212186375 0.7711463171874999 0.9182709484375 0.7537573828124999 0.9198223625 0.7307890578125 0.9133064296875 0.7296850046875 0.8943791750000001 0.7288569515625001 0.881347296875 0.7296850046875 0.8551284125 0.7225086109375 0.8469274515625 0.7179763859375 0.8480691515625001 0.7546129484375
0 0.9194438296874999 0.9148240984375 0.9126988578124999 0.9152856343750001 0.9090669437500001 0.9109009828125 0.9053053296875 0.9097471265625 0.9055647484374999 0.92059338125 0.9049161921875 0.9349012 0.9033596640624999 0.9420551171874999 0.9033596640624999 0.956362934375 0.9067321500000001 0.9621322187500001 0.916849609375 0.9658245750000001 0.9213894968749999 0.9623630046875 0.92644823125 0.958901434375 0.92644823125 0.9489782578125 0.926059103125 0.9388243140625001 0.9245025640625 0.9261318890625001 0.92310090625 0.9156826890625 0.9194438296874999 0.9148240984375
0 0.855072834375 0.952439828125 0.8497546828125 0.9489782578125 0.8444365296875 0.9478244015625 0.8393777953124999 0.9593629703125 0.8363944359375 0.9595937375 0.8300386015625 0.9605168265625 0.8288711890625 0.9660553421875001 0.8282226343750001 0.9725169296875 0.838469821875 0.9785170000000001 0.8469010421875 0.9835939625 0.8544242796875 0.9833631953124999 0.8563699453125 0.985440140625 0.8612989703125 0.9861324437500001 0.8685627890625 0.9849785875 0.8685627890625 0.975516965625 0.867265678125 0.9653630218749999 0.8660184890625 0.9595035359375 0.855072834375 0.952439828125
0 0.8085605609375 0.865894321875 0.7995828359375 0.8645632828125001 0.7915670046875001 0.8632322453124999 0.787078134375 0.86190120625 0.7856887296874999 0.8584785406250001 0.782482396875 0.8584785406250001 0.7808792296875 0.8630420984375 0.7807723453125 0.869697284375 0.7825892718749999 0.8740706906250001 0.7857956046875 0.8773032109375001 0.7911394921875 0.8807258765625001 0.7948802140625 0.8818667625 0.7976590328125 0.885289428125 0.8024685312500001 0.88814165 0.80695739375 0.88928254375 0.8119806531249999 0.8870007640625 0.811553140625 0.8769229125000001 0.8117668921875 0.869697284375 0.8109016656250001 0.86471423125 0.8085605609375 0.865894321875
0 0.7421460828125 0.793211275 0.742365015625 0.7978854375 0.7456490640625 0.8010015546875 0.749480453125 0.8068442640625 0.75210769375 0.8089865875 0.7578000390625 0.8101551265625 0.7603178125000001 0.8089865875 0.7610840875 0.8064547484375 0.7608651546874999 0.80217009375 0.759004196875 0.7992487390624999 0.75670535625 0.7961326296875 0.754078125 0.7912637046875 0.75210769375 0.7912637046875 0.749042578125 0.7908741890625001 0.746743746875 0.791458459375 0.743910940625 0.7871353703125 0.7421460828125 0.793211275
0 0.73248484375 0.7779099703125001 0.7315123078125 0.782451915625 0.7311476 0.7866694421875 0.732180925 0.7930498 0.7346122828125 0.7952126328125 0.7388063687499999 0.7953207734375 0.7417239890625 0.7942393562500001 0.743790640625 0.78839970625 0.7440945609375 0.7845066093749999 0.7433043734375 0.7795320953125 0.741784778125 0.7790995265625 0.739778909375 0.776720409375 0.7371652015625 0.776720409375 0.7353416875 0.77726111875 0.7363668203125 0.7721108171875 0.73248484375 0.7779099703125001
0 0.7054965296875 0.804596978125 0.705147390625 0.8084481765625 0.705426703125 0.814659778125 0.706613775 0.8193805953125001 0.7080801640625001 0.8223621609375 0.712409490625 0.8286979984375 0.715900884375 0.8325491906250001 0.7198112453125 0.8331703515625 0.7231629859375001 0.8331703515625 0.7247690234374999 0.8316795656249999 0.7247690234374999 0.8285737640624999 0.7241405765625 0.824722571875 0.722604359375 0.821616771875 0.7214172890625 0.8186351999999999 0.7171577890624999 0.8109328187499999 0.7175767546875 0.8125478312500001 0.7205793500000001 0.8193805953125001 0.7183448609374999 0.8203744500000001 0.7160405390625 0.8209956109375 0.7125491453125 0.8203744500000001 0.7105939671875 0.8176413437500001 0.7068232609375 0.811429740625 0.706831028125 0.8061346515625001 0.7054965296875 0.804596978125
0 0.685996321875 0.8202679140625 0.6856268187500001 0.8241183578125 0.6854156671875 0.82853228125 0.6861018921875 0.8306922859375 0.688530071875 0.8315375078124999 0.69169725625 0.8310679406249999 0.6934392015624999 0.8290018484375 0.69354478125 0.82374270625 0.6932808484375 0.8197983484375 0.693180484375 0.8102543624999999 0.6926474046875 0.8196105203125 0.685996321875 0.8202679140625
0 0.6652856328125 0.8660064828125 0.663878715625 0.8713702015625 0.660964390625 0.8829915843749999 0.658653034375 0.8905007984375001 0.6559396921875 0.8978312109375001 0.6564421625 0.9030161421875 0.661466859375 0.9055192140624999 0.6691043984375 0.9080222718750001 0.6760384828125 0.906413165625 0.67734490625 0.9015858109374999 0.6789528078125 0.8969372578125 0.6813646640625 0.891752328125 0.6806612015625 0.88531586875 0.6801587328124999 0.8763763375 0.6772444140625 0.873336909375 0.6742295953124999 0.8676155937500001 0.6689176156250001 0.864660415625 0.6652856328125 0.8660064828125
0 0.649106109375 0.84401523125 0.6459907984375 0.8474122562499999 0.645387828125 0.8570669515624999 0.6440814046875001 0.8622518749999999 0.6399611609375 0.8669004359375 0.6372478125 0.8776278718749999 0.6374488125 0.8835279609375 0.6413680703125 0.88549465625 0.647799684375 0.884421915625 0.655638215625 0.88191884375 0.656844140625 0.8778066734375001 0.6589545109375 0.8735156828124999 0.6628737765625 0.872085359375 0.6646826703125 0.8681519640625 0.6646826703125 0.8601063859375 0.66297426875 0.850272903125 0.6618688374999999 0.850272903125 0.6589545109375 0.8497365328125 0.65572558125 0.845898409375 0.649106109375 0.84401523125
0 0.605031571875 0.9091044625 0.6035241625000001 0.913574228125 0.5996048968750001 0.9251956171875 0.5969920640625 0.937532165625 0.5996048968750001 0.943253475 0.6039261390624999 0.9495111453125 0.6102572609375 0.952014203125 0.6177943078125 0.9471868625000001 0.6202061624999999 0.9425383093749999 0.6207086328125 0.9302017546875 0.6202061624999999 0.915540921875 0.6191007234375 0.91464696875 0.6159854124999999 0.90928325 0.6102444703125001 0.908661784375 0.605031571875 0.9091044625
0 0.6341176953125001 0.8272867968750001 0.6301302046874999 0.8356147953124999 0.6271829265625 0.83947035 0.6274429765625 0.8445596796875 0.63073699375 0.84795256875 0.6351579078125 0.8468730125 0.6421793578125 0.8444054546875 0.6428728375 0.839933015625 0.6450399531250001 0.8434801234375 0.64729375 0.8434801234375 0.6483339703125 0.8376196828125 0.648420653125 0.8226601328125 0.6472070671875 0.8174165796875 0.647120384375 0.8205010234375001 0.6433062609375 0.8291374640625 0.642092675 0.8285205734375 0.6385386078125 0.8245107968750001 0.6362756593750001 0.8229091953125 0.6341176953125001 0.8272867968750001
1 0.7780248875 0.705362075 0.7810902296875 0.73779665625 0.7848009109375 0.767073896875 0.7843169046875 0.798934440625 0.786736909375 0.8408410625 0.786414246875 0.8606462578125 0.8112596296874999 0.8649517343750001 0.813518303125 0.8572018625 0.8086782921875001 0.8328041640625001 0.8051289562499999 0.750426046875 0.8069036234375 0.7415280671875 0.8070649546875 0.71540818125 0.8138409781249999 0.7604721578125 0.8188423203124999 0.791471596875 0.8201329828125001 0.8439984062500001 0.83013568125 0.847442778125 0.8407837031250001 0.846581696875 0.8451397140625 0.842850275 0.8362663546875 0.7421021328124999 0.8336850171875 0.7306208625 0.8283610124999999 0.7263153859375 0.8261023375000001 0.710815665625 0.8293290125 0.6935937609375 0.8323943546875 0.65455744375 0.8254569999999999 0.65828885625 0.8136796343749999 0.6594369828125 0.7989982703125 0.6608721421875 0.7817355671875 0.6594369828125 0.775668321875 0.656630384375 0.7780248875 0.705362075
1 0.7340402562499999 0.6464348375 0.7327054484375 0.654271615625 0.729902353125 0.66210839375 0.7285675453125 0.6789693515625 0.7301693203124999 0.7017672546875 0.730836725 0.7202905625 0.7315041296875 0.7492628953125 0.7357755109374999 0.772943159375 0.74285 0.7734181265625 0.7447187234375 0.785766984375 0.7531280203125 0.7881417671875 0.755397190625 0.7800675046875 0.7560645953125 0.7719932609375 0.760202509375 0.7323343906249999 0.7626051578124999 0.6993249265625 0.7575328921875 0.6891133578125 0.7528610625 0.6724898828125 0.7520601703125 0.641855196875 0.753928903125 0.6340184265625 0.7483131968750001 0.6352376375000001 0.729902353125 0.6317111875 0.7340402562499999 0.6464348375
1 0.6870727859375 0.6474835609375 0.6784581968750001 0.6510597140625001 0.667259225 0.65616850625 0.6573524546875 0.6571902656249999 0.6503172046875 0.659489225 0.6353852343749999 0.653358671875 0.6412718796875 0.7070009859375 0.6473020890625001 0.7920623734375 0.6490250140625 0.8426393984375 0.6521836921874999 0.8436611609375 0.66252120625 0.8497917140625001 0.6655363109375 0.7527246640625 0.6669010640625 0.8591590703125 0.68398666875 0.8624797937500001 0.6874325078125 0.7779292859375 0.689966528125 0.6462660640625 0.6870727859375 0.6474835609375
1 0.57975420625 0.722697065625 0.553559365625 0.7455420171875 0.54303005625 0.7469127109375 0.5258236562499999 0.7368609296875 0.5412323796875 0.8227606312500001 0.5599796671874999 0.925562921875 0.55381619375 0.9798902703125 0.569995340625 0.9885713578124999 0.5854040640625 0.9890282499999999 0.594425990625 0.7535554359375001 0.57975420625 0.722697065625
1 0.3809121796875 0.69425334375 0.3762449796875 0.7091122828125 0.36003253125 0.7213490593749999 0.33767904843749996 0.7335858421875 0.321957878125 0.7213490593749999 0.32048404375 0.7139195953125 0.2993587375 0.827983853125 0.340135478125 0.9520997609374999 0.35266324375 0.9499146218750001 0.35266324375 0.9634624781250001 0.348487321875 0.9962395640624999 0.37354289218750003 1 0.379683965625 0.9748251953124999 0.38361426718749997 0.879272453125 0.3821403953125 0.8464953671875 0.38385990625 0.8124072 0.38287733125 0.763023059375 0.3968789890625 0.7153870203125 0.398319934375 0.69239205625 0.3809121796875 0.69425334375