4 0.7703125 0.71171875 0.196875 0.371875
1 0.846875 0.38828125 0.1734375 0.378125
1 0.69140625 0.34453125 0.1515625 0.403125
1 0.26328125 0.22734375 0.2640625 0.4546875
1 0.41015625 0.265625 0.1859375 0.4625
1 0.575 0.41484375 0.096875 0.215625
4 0.21171875 0.6390625 0.2625 0.4578125
4 0.640625 0.65859375 0.20625 0.3578125
4 0.5375 0.59453125 0.1125 0.2171875
0 0.42578125 0.03125 0.0796875 0.0625
0 0.48828125 0.06015625 0.053125 0.078125
0 0.74609375 0.15234375 0.046875 0.0796875
0 0.87578125 0.17578125 0.046875 0.0859375
0 0.8984375 0.240625 0.053125 0.13125
0 0.59140625 0.30859375 0.021875 0.0359375
0 0.61328125 0.31875 0.0265625 0.046875
2 0.22265625 0.56796875 0.05 0.0890625
3 0.159375 0.75703125 0.0328125 0.0390625
3 0.5171875 0.63515625 0.0109375 0.015625
3 0.5859375 0.721875 0.0171875 0.0265625
3 0.73828125 0.7765625 0.021875 0.03125
2 0.76875 0.71796875 0.028125 0.05
2 0.6203125 0.65 0.0203125 0.05