1 0.49609375 0.73046875 0.11171875 0.36875
4 0.503125 0.4359375 0.134375 0.27265625
3 0.53671875 0.3734375 0.01875 0.028125
0 0.45546875 0.87890625 0.021875 0.0734375
0 0.5140625 0.94140625 0.040625 0.0640625
0 0.25859375 0.91953125 0.02578125 0.0328125
1 0.28046875 0.71328125 0.10078125 0.36875
0 0.29375 0.8609375 0.0234375 0.05625
4 0.27890625 0.40859375 0.13125 0.28671875
2 0.29609375 0.49375 0.0203125 0.053125
3 0.309375 0.34921875 0.01796875 0.02265625
1 0.390625 0.61328125 0.03828125 0.14765625
4 0.39375 0.4796875 0.0484375 0.1625
0 0.390625 0.7 0.02109375 0.028125