4 0.709375 0.2421875 0.21875 0.1375
4 0.59375 0.29296875 0.103125 0.0578125
4 0.17890625 0.5421875 0.3171875 0.1609375
4 0.45390625 0.63515625 0.128125 0.0984375
4 0.51875 0.71171875 0.1 0.0703125
3 0.253125 0.51875 0.03125 0.0234375
3 0.4796875 0.62109375 0.0125 0.0109375
3 0.51640625 0.7078125 0.0171875 0.0125
4 0.5234375 0.76953125 0.0546875 0.034375
3 0.5125 0.76484375 0.0171875 0.0125
3 0.56328125 0.5984375 0.0125 0.0078125
3 0.5890625 0.5828125 0.0203125 0.009375
3 0.76171875 0.23046875 0.01875 0.0125
3 0.58984375 0.27890625 0.01875 0.0125
4 0.73828125 0.4515625 0.0625 0.05
3 0.740625 0.446875 0.00625 0.00625
4 0.675 0.44140625 0.0515625 0.0421875
3 0.6703125 0.434375 0.009375 0.00625
4 0.634375 0.515625 0.0703125 0.040625
3 0.65625 0.5078125 0.0078125 0.0046875
4 0.13359375 0.8796875 0.2671875 0.1625
3 0.1578125 0.9078125 0.0453125 0.0328125
3 0.40703125 0.9859375 0.0171875 0.0125
3 0.5421875 0.82421875 0.0078125 0.0078125
4 0.66015625 0.75625 0.0515625 0.0328125
3 0.66796875 0.75390625 0.00625 0.0046875
3 0.5484375 0.78203125 0.009375 0.0078125
4 0.6890625 0.16328125 0.11875 0.0859375
3 0.69609375 0.146875 0.0140625 0.0078125
4 0.809375 0.134375 0.1140625 0.0734375
3 0.83203125 0.13203125 0.009375 0.00625
3 0.71953125 0.19765625 0.009375 0.0046875
2 0.33671875 0.48671875 0.0421875 0.0234375
4 0.625 0.79609375 0.08125 0.0515625
4 0.61953125 0.83203125 0.0671875 0.0375
4 0.6625 0.409375 0.065625 0.0515625
4 0.44609375 0.32265625 0.165625 0.109375
4 0.09375 0.728125 0.1875 0.253125
3 0.00546875 0.62421875 0.0109375 0.0296875
2 0.01796875 0.88671875 0.0359375 0.0484375
4 0.65625 0.4703125 0.0484375 0.0359375
3 0.6546875 0.46015625 0.009375 0.00625
2 0.7171875 0.24140625 0.0296875 0.015625