1 0.5675925921875 0.338577721875 0.6004629625 0.3379483953125 0.6259259265625 0.34612964062499996 0.64398148125 0.3486469484375 0.6328703703125 0.12460667031249999 0.6324074078125 0.058527375000000006 0.6296296296875 0.04845815 0.6208333328125 0.040276903125 0.60694444375 0.0427942109375 0.603240740625 0.040276903125 0.5879629625 0.0478288234375 0.55648148125 0.050975456249999995 0.5449074078125 0.0685966015625 0.54351851875 0.0868470734375 0.5458333328125 0.095657646875 0.5453703703125 0.12649465 0.516203703125 0.34612964062499996 0.51851851875 0.3706733796875 0.5675925921875 0.338577721875
1 0.2166666671875 0.396090725 0.23778688125 0.3832335765625 0.2513888890625 0.41308254375000003 0.258352234375 0.42953473750000004 0.25963756875 0.39022243125 0.258796296875 0.37469361874999996 0.2870370375 0.3690296796875 0.3263888890625 0.3671417 0.3333333328125 0.3627364140625 0.32777777812500003 0.31616624375 0.328703703125 0.28721721875 0.32592592656249997 0.2645614609375 0.3120370375 0.198482165625 0.29814814843750004 0.1588345890625 0.291203703125 0.10911778593749999 0.2577095671875 0.1298875953125 0.2589949015625 0.1630846546875 0.274418915625 0.24782451718749998 0.271848246875 0.2993673203125 0.2602802359375 0.21986909843750002 0.2509259265625 0.09275529375 0.2509259265625 0.075763475 0.24814814843750002 0.0656942484375 0.24953703749999998 0.0619182890625 0.24444444375000002 0.056254349999999995 0.2226851859375 0.062547615625 0.2138888890625 0.1154110515625 0.216203703125 0.3042090375 0.2148148140625 0.3677710265625 0.2166666671875 0.396090725
1 0.3773148140625 0.36186280625 0.384259259375 0.37633731875 0.40713510468749997 0.37443076406250003 0.41605732812499996 0.385282475 0.42122282499999997 0.3642173890625 0.45738130625 0.3820907953125 0.45648148125 0.341095028125 0.45 0.290119571875 0.4495370375 0.2252989296875 0.44611113125 0.1893133359375 0.4361111109375 0.185651353125 0.4268518515625 0.1894273125 0.4263888890625 0.24103209531249997 0.41851851875 0.30270610468750003 0.415118146875 0.33932228593749997 0.3990740734375 0.280050346875 0.397222221875 0.25173064843750004 0.3925925921875 0.2334801765625 0.391203703125 0.21145374375 0.378020484375 0.20718674374999999 0.3703703703125 0.207677784375 0.371296296875 0.273127753125 0.3773148140625 0.36186280625
0 0.2171296296875 0.040276903125 0.2203703703125 0.057268721875 0.2476851859375 0.049087476562499996 0.246759259375 0.010698553125 0.2453703703125 0.0056639390625 0.2393518515625 0.0006293265625 0.20972222187499998 0.0006293265625 0.20601851875000002 0.006293265625 0.20740740781250003 0.019509125 0.2171296296875 0.040276903125
0 0.25648148125 0.12334801718749999 0.259722221875 0.125235996875 0.26813626875 0.10377631875 0.2875 0.10446821875000001 0.30046296250000004 0.050975456249999995 0.2995370375 0.033983637500000004 0.2949074078125 0.0239144109375 0.278240740625 0.02202643125 0.26574074062499997 0.037130270312500005 0.2625 0.0528634359375 0.2611111109375 0.07929515468750001 0.2546296296875 0.0988042796875 0.25509259218749997 0.1120201390625 0.25648148125 0.12334801718749999
4 0.40712752031250005 0.5120839984375001 0.41018518593750003 0.50220264375 0.4151104140625 0.4968115046875 0.42131932968749997 0.5020363046874999 0.427823909375 0.5189164296875 0.44083306718750004 0.521729784375 0.4495370375 0.5248584015625 0.45413788750000006 0.5245431390624999 0.4583333328125 0.4959093765625 0.4620370375 0.49024543749999994 0.45370370312499997 0.42290748906250003 0.45555555625000005 0.3851478921875 0.4513888890625 0.377595971875 0.4236111109375 0.3643801125 0.4203703703125 0.36626809374999997 0.4154060765625 0.383875428125 0.40555555625000006 0.3731906859375 0.3916666671875 0.3731906859375 0.383796296875 0.37633731875 0.388500771875 0.40678417031249997 0.39351851875 0.42039018281249996 0.3949074078125 0.435494021875 0.39305555625 0.45311516718749995 0.396296296875 0.466960353125 0.3825875171875 0.491586703125 0.38842592656249997 0.5015733171875 0.40712752031250005 0.5120839984375001
3 0.4328125 0.49296875 0.01484375 0.01796875
4 0.3019654921875 0.6380125015625 0.3075005 0.6505524828125 0.320415521875 0.663092465625 0.3210305234375 0.6898444296874999 0.32656553125 0.6672724609375 0.3388655515625 0.6513884828125 0.3468605640625 0.6430284937499999 0.3597755859375 0.6012285515625 0.3462455640625 0.5611006078125 0.332100540625 0.5360206421875 0.3388655515625 0.4925487015625 0.33456054375 0.45074876093749994 0.33825055000000004 0.42650479375000006 0.3425555578125 0.39640883437499996 0.34132555625 0.3663128765625 0.3351755453125 0.3663128765625 0.28044045624999997 0.3704928703125 0.2564554171875 0.3730008671875 0.261375425 0.433192784375 0.23616038437500003 0.38554085 0.2232453640625 0.39139284218750003 0.21033034218750002 0.405604821875 0.21955535781250002 0.43235678593750004 0.225090365625 0.4549287546875 0.2257053671875 0.46245274375 0.23062537500000002 0.47499272656249997 0.22632036875 0.48000871875 0.22201536093750002 0.5017446890625 0.2183253546875 0.5201366640625 0.217095353125 0.5519046203125 0.2201703578125 0.568624596875 0.2373903859375 0.5677885984375 0.2484604046875 0.5744765890625 0.251535409375 0.6062445453125 0.230010375 0.6112605375 0.205410334375 0.6020645499999999 0.1931103140625 0.5778205843750001 0.1795802921875 0.5753125875 0.18019529375 0.5803285812500001 0.2004903265625 0.621292525 0.228165371875 0.676468446875 0.24538540000000003 0.6823204390625001 0.26814043593750003 0.6873364328125 0.2755204484375 0.7023844109375 0.2792104546875 0.6689444578125 0.2908954734375 0.656404475 0.2964304828125 0.6329965078125 0.3019654921875 0.6380125015625
3 0.32421875 0.590625 0.01875 0.03515625
2 0.2984375 0.51171875 0.03046875 0.059375
2 0.41015625 0.4015625 0.01796875 0.02890625
0 0.38675495625 0.18266515781249998 0.3857110828125 0.16279938124999999 0.3804917171875 0.161380396875 0.3726626703125 0.1649278578125 0.3622239390625 0.1649278578125 0.3528290828125 0.16989430156250002 0.3590923203125 0.17769871406249999 0.374750415625 0.17769871406249999 0.38310140000000004 0.18479363437500002 0.38675495625 0.18266515781249998
0 0.42537825781249994 0.17060379375 0.43059762343749997 0.169184809375 0.437904734375 0.16776582499999998 0.441036353125 0.1734417625 0.44416797187499996 0.1840841421875 0.4452118453125 0.18266515781249998 0.4436460359375 0.1606709046875 0.43529505156250003 0.15499496875000002 0.424334384375 0.1557044609375 0.41911501875 0.161380396875 0.42120276562500003 0.1727322703125 0.42537825781249994 0.17060379375
0 0.5495370375 0.049087476562499996 0.5555555562500001 0.052234109375000004 0.578240740625 0.049087476562499996 0.583796296875 0.0453115171875 0.5796296296875 0.02643171875 0.565740740625 0.023285084375 0.5449074078125 0.025802392187500002 0.54305555625 0.0383889234375 0.5495370375 0.049087476562499996
0 0.6226851859375 0.037759596875 0.628240740625 0.027061045312499997 0.628240740625 0.015733165625 0.6259259265625 0.011957206250000001 0.6152777781250001 0.006293265625 0.5953703703125 0.0113278796875 0.590277778125 0.025802392187500002 0.590740740625 0.0383889234375 0.6226851859375 0.037759596875