1 0.2359375 0.3796875 0.134375 0.075
1 0.2078125 0.51953125 0.13125 0.078125
4 0.08359375 0.50703125 0.1546875 0.103125
2 0.12578125 0.50625 0.034375 0.0171875
4 0.090625 0.45 0.140625 0.0734375
2 0.1296875 0.4578125 0.0265625 0.015625
3 0.05859375 0.43359375 0.015625 0.0078125
3 0.04921875 0.478125 0.01875 0.0109375
1 0.21875 0.47578125 0.146875 0.071875
0 0.27890625 0.50234375 0.0203125 0.015625
4 0.109375 0.35078125 0.1453125 0.0890625
0 0.2890625 0.41328125 0.0390625 0.0171875
0 0.309375 0.390625 0.0296875 0.034375
0 0.2984375 0.46640625 0.015625 0.028125