4 0.6640625 0.8046875 0.3671875 0.1515625
1 0.3234375 0.81171875 0.375 0.128125
1 0.3125 0.6484375 0.4046875 0.1015625
1 0.25859375 0.18828125 0.5 0.2046875
1 0.29375 0.35078125 0.4640625 0.128125
1 0.4078125 0.546875 0.2140625 0.0703125
4 0.70859375 0.23046875 0.446875 0.2109375
4 0.63828125 0.66328125 0.35 0.165625
4 0.59609375 0.54609375 0.2140625 0.0875
0 0.05 0.31484375 0.071875 0.071875
0 0.071875 0.384375 0.075 0.0453125
0 0.109375 0.6609375 0.0796875 0.0390625
0 0.1046875 0.79609375 0.084375 0.0359375
0 0.16484375 0.83203125 0.1328125 0.0359375
0 0.29765625 0.540625 0.034375 0.01875
0 0.30390625 0.56328125 0.0453125 0.021875
2 0.63515625 0.2265625 0.0890625 0.040625
3 0.8375 0.20390625 0.0359375 0.028125
3 0.640625 0.53515625 0.015625 0.009375
3 0.71328125 0.62265625 0.0265625 0.0140625
3 0.73515625 0.7859375 0.028125 0.01875
2 0.6703125 0.80390625 0.05 0.021875
2 0.63359375 0.64140625 0.05 0.015625