4 0.52109375 0.5390625 0.3484375 0.2484375
1 0.21796875 0.57578125 0.3890625 0.1984375
4 0.43359375 0.39765625 0.128125 0.0859375
2 0.4078125 0.38984375 0.0234375 0.015625
2 0.39453125 0.34375 0.0234375 0.015625
3 0.46484375 0.4015625 0.0125 0.0109375
4 0.46796875 0.25703125 0.2125 0.1546875
3 0.52109375 0.278125 0.01875 0.015625
4 0.434375 0.4546875 0.1234375 0.0734375
1 0.31953125 0.46484375 0.1328125 0.0625
1 0.3109375 0.41015625 0.134375 0.06875
1 0.30234375 0.35 0.1421875 0.0828125
1 0.27734375 0.28671875 0.2078125 0.1
4 0.390625 0.09453125 0.0921875 0.06875
4 0.40703125 0.14765625 0.0734375 0.0328125
4 0.36640625 0.0453125 0.0546875 0.0390625