4 0.04921875 0.55625 0.0984375 0.25
3 0.06484375 0.6 0.0171875 0.0265625
4 0.1625 0.5359375 0.1359375 0.265625
3 0.18359375 0.59453125 0.0203125 0.0296875
4 0.08046875 0.7140625 0.0625 0.1375
3 0.0859375 0.72421875 0.0078125 0.0140625
4 0.2640625 0.64453125 0.078125 0.1421875
3 0.27421875 0.6921875 0.009375 0.0125
3 0.32109375 0.67421875 0.00625 0.0109375
4 0.49140625 0.57421875 0.1 0.253125
4 0.45234375 0.6 0.06875 0.178125
3 0.47109375 0.64765625 0.009375 0.01875
3 0.49765625 0.61953125 0.0109375 0.021875
2 0.13984375 0.45 0.028125 0.0546875
4 0.2921875 0.32265625 0.240625 0.625
1 0.12734375 0.2671875 0.125 0.3328125
1 0.44453125 0.353125 0.0921875 0.23125
0 0.13515625 0.078125 0.0453125 0.05
1 0.25703125 0.503125 0.0703125 0.1421875
0 0.44375 0.23359375 0.053125 0.0546875
0 0.20625 0.3125 0.04375 0.04375
4 0.5796875 0.47265625 0.1625 0.49375
4 0.67265625 0.53515625 0.1 0.2546875