4 0.1125 0.30703125 0.20625 0.51796875
4 0.2078125 0.2953125 0.1171875 0.52421875
3 0.1515625 0.2296875 0.025 0.0484375
4 0.2875 0.25234375 0.1484375 0.5046875
3 0.21875 0.1921875 0.021875 0.046875
2 0.10625 0.465625 0.01640625 0.09609375
3 0.31796875 0.13984375 0.01953125 0.040625
2 0.27109375 0.35703125 0.02421875 0.07734375
4 0.52109375 0.27578125 0.18203125 0.54765625
3 0.54765625 0.16015625 0.02578125 0.04375
3 0.72578125 0.2328125 0.021875 0.04921875
4 0.8390625 0.34609375 0.21015625 0.5734375
3 0.84921875 0.22890625 0.025 0.0515625
4 0.72734375 0.57890625 0.246875 0.375
2 0.83046875 0.4671875 0.03359375 0.096875
3 0.68046875 0.5453125 0.0265625 0.04765625
4 0.52578125 0.7703125 0.2140625 0.459375
3 0.54375 0.74453125 0.02578125 0.0484375
2 0.5234375 0.9671875 0.0375 0.065625
4 0.12109375 0.75390625 0.21875 0.4921875
2 0.14453125 0.95703125 0.02578125 0.08359375
3 0.16796875 0.71484375 0.01171875 0.04296875
4 0.359375 0.71640625 0.17578125 0.41640625
4 0.690625 0.2640625 0.140625 0.3359375