4 0.8140625 0.39921875 0.253125 0.4234375
2 0.8265625 0.428125 0.0359375 0.0796875
3 0.8609375 0.28984375 0.0265625 0.0390625
1 0.846875 0.7671875 0.203125 0.4375
4 0.4390625 0.4328125 0.11875 0.1890625
1 0.45234375 0.6984375 0.1171875 0.3234375
0 0.48359375 0.8859375 0.053125 0.1140625
0 0.41875 0.85859375 0.0609375 0.0875
1 0.55 0.675 0.1171875 0.2734375
1 0.6453125 0.67578125 0.0953125 0.2328125
4 0.5375 0.43671875 0.1125 0.2015625
4 0.6390625 0.4046875 0.128125 0.14375
3 0.6671875 0.42890625 0.0140625 0.0265625
3 0.575 0.4171875 0.0171875 0.028125
4 0.07734375 0.415625 0.084375 0.1875
4 0.13515625 0.4453125 0.11875 0.1953125
1 0.07890625 0.64765625 0.1515625 0.290625
0 0.05078125 0.76953125 0.075 0.075
0 0.721875 0.8484375 0.040625 0.1
0 0.6765625 0.82578125 0.0375 0.1296875
0 0.62734375 0.8453125 0.0375 0.071875
0 0.59609375 0.85546875 0.0515625 0.1015625
0 0.5578125 0.859375 0.0421875 0.1
2 0.14140625 0.478125 0.01875 0.0421875