4 0.06796875 0.56875 0.1359375 0.15625
3 0.09296875 0.5265625 0.0140625 0.0140625
4 0.02578125 0.5375 0.0515625 0.1375
4 0.34453125 0.5765625 0.0921875 0.134375
4 0.434375 0.59453125 0.1 0.1625
4 0.5203125 0.56875 0.1046875 0.1015625
4 0.6375 0.57734375 0.1671875 0.275
3 0.6328125 0.51640625 0.021875 0.025
3 0.46875 0.57734375 0.0140625 0.0171875
2 0.59921875 0.60546875 0.01875 0.0453125
1 0.61484375 0.84375 0.1359375 0.3125
1 0.50546875 0.75546875 0.090625 0.1625
1 0.421875 0.753125 0.103125 0.1875
1 0.34453125 0.7640625 0.13125 0.23125
1 0.0296875 0.7140625 0.059375 0.2125
0 0.28671875 0.878125 0.0359375 0.059375
0 0.37734375 0.92109375 0.034375 0.065625
0 0.41328125 0.87734375 0.0375 0.071875
0 0.4453125 0.87578125 0.046875 0.06875
0 0.51640625 0.8609375 0.034375 0.0703125
0 0.471875 0.86640625 0.0328125 0.0484375
0 0.5453125 0.8703125 0.034375 0.065625
0 0.58671875 0.96484375 0.0671875 0.0609375
3 0.53984375 0.590625 0.0140625 0.0203125