4 0.8125 0.41328125 0.2296875 0.4078125
2 0.8234375 0.44296875 0.03046875 0.0765625
3 0.86484375 0.30859375 0.025 0.03671875
1 0.82578125 0.78125 0.17890625 0.428125
4 0.440625 0.42734375 0.10859375 0.18125
1 0.43984375 0.68984375 0.0984375 0.31484375
0 0.4609375 0.8765625 0.04609375 0.11171875
0 0.3984375 0.846875 0.0546875 0.084375
1 0.5375 0.671875 0.10234375 0.265625
1 0.63203125 0.67734375 0.08203125 0.22578125
4 0.5375 0.4359375 0.1 0.1953125
4 0.63984375 0.409375 0.1203125 0.13515625
3 0.665625 0.43515625 0.01328125 0.02578125
3 0.57578125 0.41875 0.01640625 0.02578125
4 0.08359375 0.39140625 0.07421875 0.18203125
4 0.1390625 0.42421875 0.10859375 0.1890625
1 0.0734375 0.62109375 0.1359375 0.28125
0 0.03984375 0.73984375 0.0703125 0.07109375
0 0.6984375 0.85234375 0.0359375 0.09765625
0 0.6546875 0.82734375 0.03046875 0.1265625
0 0.60546875 0.84453125 0.034375 0.06953125
0 0.5734375 0.853125 0.04609375 0.09921875
0 0.5359375 0.8546875 0.0375 0.09765625
2 0.14375 0.45625 0.0171875 0.040625