4 0.09140625 0.60546875 0.13515625 0.1421875
3 0.11796875 0.5609375 0.01171875 0.0125
4 0.0390625 0.57734375 0.07109375 0.1296875
4 0.3671875 0.58828125 0.078125 0.125
4 0.45546875 0.59765625 0.08359375 0.1515625
4 0.53671875 0.56484375 0.0953125 0.090625
4 0.6515625 0.56328125 0.1421875 0.25703125
3 0.64140625 0.50546875 0.01953125 0.0234375
3 0.4875 0.578125 0.01171875 0.015625
2 0.61640625 0.59453125 0.01484375 0.04296875
1 0.65234375 0.83046875 0.10546875 0.3109375
1 0.53828125 0.74765625 0.075 0.15234375
1 0.45703125 0.75234375 0.08515625 0.17734375
1 0.38203125 0.76953125 0.109375 0.2171875
1 0.046875 0.75078125 0.09375 0.2
0 0.025 0.8484375 0.05 0.05625
0 0.3359375 0.8859375 0.03125 0.0546875
0 0.428125 0.91953125 0.02890625 0.06015625
0 0.459375 0.875 0.0296875 0.065625
0 0.48984375 0.86953125 0.0390625 0.0640625
0 0.55703125 0.84921875 0.028125 0.06796875
0 0.51484375 0.85859375 0.0265625 0.0453125
0 0.58671875 0.85625 0.028125 0.0625
0 0.634375 0.94453125 0.06171875 0.0546875
3 0.5578125 0.58515625 0.0109375 0.01796875