4 0.3828125 0.9140625 0.146875 0.140625
3 0.428125 0.8875 0.0125 0.0125
4 0.4109375 0.96484375 0.1328125 0.06875
4 0.40546875 0.6359375 0.1265625 0.0796875
4 0.396875 0.54609375 0.1546875 0.0875
4 0.43203125 0.4640625 0.0921875 0.0984375
4 0.43515625 0.34921875 0.2625 0.1484375
3 0.49375 0.36015625 0.0234375 0.01875
3 0.41796875 0.5140625 0.015625 0.0125
2 0.403125 0.38359375 0.04375 0.015625
1 0.16484375 0.3421875 0.315625 0.1109375
1 0.246875 0.459375 0.1546875 0.078125
1 0.240625 0.54140625 0.1796875 0.090625
1 0.221875 0.6171875 0.2203125 0.1140625
1 0.2359375 0.95234375 0.2046875 0.0890625
0 0.1359375 0.97265625 0.05625 0.04375
0 0.10390625 0.66171875 0.05625 0.0328125
0 0.07109375 0.56796875 0.0609375 0.03125
0 0.1171875 0.53671875 0.065625 0.03125
0 0.1234375 0.50703125 0.065625 0.040625
0 0.14453125 0.4390625 0.06875 0.0296875
0 0.134375 0.48203125 0.0453125 0.0296875
0 0.13828125 0.409375 0.0625 0.0296875
0 0.05 0.359375 0.0578125 0.0640625
3 0.41171875 0.44296875 0.01875 0.0109375