4 0.82578125 0.58828125 0.2546875 0.4359375
2 0.8390625 0.55703125 0.034375 0.0828125
3 0.8765625 0.7 0.0265625 0.0390625
1 0.853125 0.2203125 0.2015625 0.421875
4 0.43671875 0.56015625 0.11875 0.19375
1 0.4453125 0.28359375 0.1140625 0.3328125
0 0.47421875 0.08984375 0.053125 0.11875
0 0.4078125 0.11875 0.0609375 0.0890625
1 0.546875 0.30703125 0.1171875 0.28125
1 0.64609375 0.30390625 0.09375 0.240625
4 0.5390625 0.55390625 0.1140625 0.2078125
4 0.64453125 0.58671875 0.1296875 0.146875
3 0.67265625 0.56015625 0.015625 0.028125
3 0.578125 0.57421875 0.01875 0.028125
4 0.0609375 0.58359375 0.084375 0.19375
4 0.1203125 0.5515625 0.11875 0.2015625
1 0.06796875 0.34375 0.1359375 0.2984375
0 0.03671875 0.21875 0.0578125 0.075
0 0.72265625 0.1234375 0.040625 0.1046875
0 0.6765625 0.1484375 0.0359375 0.134375
0 0.625 0.128125 0.0390625 0.0734375
0 0.59140625 0.11875 0.0515625 0.1046875
0 0.55234375 0.115625 0.0421875 0.1046875
2 0.1265625 0.51796875 0.0203125 0.04375